TIMESTAMP,TRACK_ID,OBJECT_TYPE,X,Y,CITY_NAME,REF_xmin,AUGMENT_TYPE,AUGMENT_DIRECTION,ATTACK_POWER_TYPE
18.0,52180,AGENT,1560.6,525.404,PIT,1440.0,0,0,1.0
18.1,52180,AGENT,1560.94,524.57,PIT,1440.0,0,0,1.0
18.2,52180,AGENT,1561.28,523.734,PIT,1440.0,0,0,1.0
18.3,52180,AGENT,1561.61,522.896,PIT,1440.0,0,0,1.0
18.4,52180,AGENT,1561.93,522.056,PIT,1440.0,0,0,1.0
18.5,52180,AGENT,1562.25,521.215,PIT,1440.0,0,0,1.0
18.6,52180,AGENT,1562.57,520.371,PIT,1440.0,0,0,1.0
18.7,52180,AGENT,1562.88,519.522,PIT,1440.0,0,0,1.0
18.8,52180,AGENT,1563.19,518.667,PIT,1440.0,0,0,1.0
18.9,52180,AGENT,1563.5,517.81,PIT,1440.0,0,0,1.0
19.0,52180,AGENT,1563.8,516.952,PIT,1440.0,0,0,1.0
19.1,52180,AGENT,1564.1,516.093,PIT,1440.0,0,0,1.0
19.2,52180,AGENT,1564.39,515.233,PIT,1440.0,0,0,1.0
19.3,52180,AGENT,1564.68,514.372,PIT,1440.0,0,0,1.0
19.4,52180,AGENT,1564.97,513.51,PIT,1440.0,0,0,1.0
19.5,52180,AGENT,1565.26,512.648,PIT,1440.0,0,0,1.0
19.6,52180,AGENT,1565.55,511.785,PIT,1440.0,0,0,1.0
19.7,52180,AGENT,1565.83,510.921,PIT,1440.0,0,0,1.0
19.8,52180,AGENT,1566.12,510.057,PIT,1440.0,0,0,1.0
19.9,52180,AGENT,1566.4,509.193,PIT,1440.0,0,0,1.0
20.0,52180,AGENT,1566.68,508.324,PIT,1440.0,0,0,1.0
20.1,52180,AGENT,1566.96,507.449,PIT,1440.0,0,0,1.0
20.2,52180,AGENT,1567.25,506.575,PIT,1440.0,0,0,1.0
20.3,52180,AGENT,1567.53,505.7,PIT,1440.0,0,0,1.0
20.4,52180,AGENT,1567.81,504.825,PIT,1440.0,0,0,1.0
20.5,52180,AGENT,1568.09,503.95,PIT,1440.0,0,0,1.0
20.6,52180,AGENT,1568.37,503.075,PIT,1440.0,0,0,1.0
20.7,52180,AGENT,1568.65,502.2,PIT,1440.0,0,0,1.0
20.8,52180,AGENT,1568.92,501.325,PIT,1440.0,0,0,1.0
20.9,52180,AGENT,1569.2,500.449,PIT,1440.0,0,0,1.0
21.0,52180,AGENT,1569.48,499.574,PIT,1440.0,0,0,1.0
21.1,52180,AGENT,1569.76,498.698,PIT,1440.0,0,0,1.0
21.2,52180,AGENT,1570.04,497.823,PIT,1440.0,0,0,1.0
21.3,52180,AGENT,1570.32,496.948,PIT,1440.0,0,0,1.0
21.4,52180,AGENT,1570.6,496.072,PIT,1440.0,0,0,1.0
21.5,52180,AGENT,1570.87,495.197,PIT,1440.0,0,0,1.0
21.6,52180,AGENT,1571.15,494.321,PIT,1440.0,0,0,1.0
21.7,52180,AGENT,1571.43,493.446,PIT,1440.0,0,0,1.0
21.8,52180,AGENT,1571.71,492.57,PIT,1440.0,0,0,1.0
21.9,52180,AGENT,1571.99,491.695,PIT,1440.0,0,0,1.0
22.0,52180,AGENT,1572.27,490.819,PIT,1440.0,0,0,1.0
22.1,52180,AGENT,1572.55,489.944,PIT,1440.0,0,0,1.0
22.2,52180,AGENT,1572.82,489.069,PIT,1440.0,0,0,1.0
22.3,52180,AGENT,1573.1,488.193,PIT,1440.0,0,0,1.0
22.4,52180,AGENT,1573.38,487.318,PIT,1440.0,0,0,1.0
22.5,52180,AGENT,1573.66,486.442,PIT,1440.0,0,0,1.0
22.6,52180,AGENT,1573.94,485.567,PIT,1440.0,0,0,1.0
22.7,52180,AGENT,1574.22,484.691,PIT,1440.0,0,0,1.0
22.8,52180,AGENT,1574.5,483.816,PIT,1440.0,0,0,1.0
22.9,52180,AGENT,1574.77,482.94,PIT,1440.0,0,0,1.0
