TIMESTAMP,TRACK_ID,OBJECT_TYPE,X,Y,CITY_NAME,REF_xmin,AUGMENT_TYPE,AUGMENT_DIRECTION,ATTACK_POWER_TYPE
16.0,52180,AGENT,2202.26,978.229,PIT,2102.389198448742,1,0,6.0
16.1,52180,AGENT,2202.72,978.182,PIT,2102.389198448742,1,0,6.0
16.2,52180,AGENT,2203.17,978.102,PIT,2102.389198448742,1,0,6.0
16.3,52180,AGENT,2203.63,977.993,PIT,2102.389198448742,1,0,6.0
16.4,52180,AGENT,2204.08,977.855,PIT,2102.389198448742,1,0,6.0
16.5,52180,AGENT,2204.53,977.689,PIT,2102.389198448742,1,0,6.0
16.6,52180,AGENT,2204.97,977.499,PIT,2102.389198448742,1,0,6.0
16.7,52180,AGENT,2205.41,977.284,PIT,2102.389198448742,1,0,6.0
16.8,52180,AGENT,2205.85,977.047,PIT,2102.389198448742,1,0,6.0
16.9,52180,AGENT,2206.28,976.788,PIT,2102.389198448742,1,0,6.0
17.0,52180,AGENT,2206.71,976.509,PIT,2102.389198448742,1,0,6.0
17.1,52180,AGENT,2207.14,976.21,PIT,2102.389198448742,1,0,6.0
17.2,52180,AGENT,2207.57,975.894,PIT,2102.389198448742,1,0,6.0
17.3,52180,AGENT,2207.99,975.56,PIT,2102.389198448742,1,0,6.0
17.4,52180,AGENT,2208.41,975.21,PIT,2102.389198448742,1,0,6.0
17.5,52180,AGENT,2208.83,974.845,PIT,2102.389198448742,1,0,6.0
17.6,52180,AGENT,2209.25,974.465,PIT,2102.389198448742,1,0,6.0
17.7,52180,AGENT,2209.68,974.072,PIT,2102.389198448742,1,0,6.0
17.8,52180,AGENT,2210.1,973.665,PIT,2102.389198448742,1,0,6.0
17.9,52180,AGENT,2210.52,973.246,PIT,2102.389198448742,1,0,6.0
18.0,52180,AGENT,2210.95,972.815,PIT,2102.389198448742,1,0,6.0
18.1,52180,AGENT,2211.38,972.373,PIT,2102.389198448742,1,0,6.0
18.2,52180,AGENT,2211.82,971.92,PIT,2102.389198448742,1,0,6.0
18.3,52180,AGENT,2212.25,971.457,PIT,2102.389198448742,1,0,6.0
18.4,52180,AGENT,2212.7,970.983,PIT,2102.389198448742,1,0,6.0
18.5,52180,AGENT,2213.14,970.5,PIT,2102.389198448742,1,0,6.0
18.6,52180,AGENT,2213.59,970.007,PIT,2102.389198448742,1,0,6.0
18.7,52180,AGENT,2214.05,969.505,PIT,2102.389198448742,1,0,6.0
18.8,52180,AGENT,2214.51,968.995,PIT,2102.389198448742,1,0,6.0
18.9,52180,AGENT,2214.98,968.476,PIT,2102.389198448742,1,0,6.0
19.0,52180,AGENT,2215.45,967.948,PIT,2102.389198448742,1,0,6.0
19.1,52180,AGENT,2215.93,967.413,PIT,2102.389198448742,1,0,6.0
19.2,52180,AGENT,2216.42,966.869,PIT,2102.389198448742,1,0,6.0
19.3,52180,AGENT,2216.91,966.317,PIT,2102.389198448742,1,0,6.0
19.4,52180,AGENT,2217.41,965.758,PIT,2102.389198448742,1,0,6.0
19.5,52180,AGENT,2217.92,965.19,PIT,2102.389198448742,1,0,6.0
19.6,52180,AGENT,2218.44,964.614,PIT,2102.389198448742,1,0,6.0
19.7,52180,AGENT,2218.96,964.031,PIT,2102.389198448742,1,0,6.0
19.8,52180,AGENT,2219.49,963.44,PIT,2102.389198448742,1,0,6.0
19.9,52180,AGENT,2220.03,962.842,PIT,2102.389198448742,1,0,6.0
20.0,52180,AGENT,2220.58,962.236,PIT,2102.389198448742,1,0,6.0
20.1,52180,AGENT,2221.13,961.622,PIT,2102.389198448742,1,0,6.0
20.2,52180,AGENT,2221.7,961.002,PIT,2102.389198448742,1,0,6.0
20.3,52180,AGENT,2222.27,960.374,PIT,2102.389198448742,1,0,6.0
20.4,52180,AGENT,2222.85,959.738,PIT,2102.389198448742,1,0,6.0
20.5,52180,AGENT,2223.44,959.094,PIT,2102.389198448742,1,0,6.0
20.6,52180,AGENT,2224.03,958.444,PIT,2102.389198448742,1,0,6.0
20.7,52180,AGENT,2224.63,957.787,PIT,2102.389198448742,1,0,6.0
20.8,52180,AGENT,2225.24,957.124,PIT,2102.389198448742,1,0,6.0
20.9,52180,AGENT,2225.86,956.457,PIT,2102.389198448742,1,0,6.0
