TIMESTAMP,TRACK_ID,OBJECT_TYPE,X,Y,CITY_NAME,REF_xmin,AUGMENT_TYPE,AUGMENT_DIRECTION,ATTACK_POWER_TYPE
6.0,52180,AGENT,682.905,4042.18,MIA,578.4716299295542,0,0,4.0
6.1,52180,AGENT,682.838,4041.69,MIA,578.4716299295542,0,0,4.0
6.2,52180,AGENT,682.766,4041.21,MIA,578.4716299295542,0,0,4.0
6.3,52180,AGENT,682.688,4040.73,MIA,578.4716299295542,0,0,4.0
6.4,52180,AGENT,682.602,4040.26,MIA,578.4716299295542,0,0,4.0
6.5,52180,AGENT,682.507,4039.79,MIA,578.4716299295542,0,0,4.0
6.6,52180,AGENT,682.402,4039.32,MIA,578.4716299295542,0,0,4.0
6.7,52180,AGENT,682.287,4038.85,MIA,578.4716299295542,0,0,4.0
6.8,52180,AGENT,682.161,4038.39,MIA,578.4716299295542,0,0,4.0
6.9,52180,AGENT,682.025,4037.94,MIA,578.4716299295542,0,0,4.0
7.0,52180,AGENT,681.877,4037.48,MIA,578.4716299295542,0,0,4.0
7.1,52180,AGENT,681.718,4037.04,MIA,578.4716299295542,0,0,4.0
7.2,52180,AGENT,681.547,4036.6,MIA,578.4716299295542,0,0,4.0
7.3,52180,AGENT,681.365,4036.17,MIA,578.4716299295542,0,0,4.0
7.4,52180,AGENT,681.171,4035.74,MIA,578.4716299295542,0,0,4.0
7.5,52180,AGENT,680.965,4035.33,MIA,578.4716299295542,0,0,4.0
7.6,52180,AGENT,680.749,4034.92,MIA,578.4716299295542,0,0,4.0
7.7,52180,AGENT,680.521,4034.52,MIA,578.4716299295542,0,0,4.0
7.8,52180,AGENT,680.28,4034.12,MIA,578.4716299295542,0,0,4.0
7.9,52180,AGENT,680.027,4033.74,MIA,578.4716299295542,0,0,4.0
8.0,52180,AGENT,679.761,4033.36,MIA,578.4716299295542,0,0,4.0
8.1,52180,AGENT,679.484,4033.0,MIA,578.4716299295542,0,0,4.0
8.2,52180,AGENT,679.196,4032.64,MIA,578.4716299295542,0,0,4.0
8.3,52180,AGENT,678.896,4032.29,MIA,578.4716299295542,0,0,4.0
8.4,52180,AGENT,678.586,4031.95,MIA,578.4716299295542,0,0,4.0
8.5,52180,AGENT,678.265,4031.62,MIA,578.4716299295542,0,0,4.0
8.6,52180,AGENT,677.936,4031.3,MIA,578.4716299295542,0,0,4.0
8.7,52180,AGENT,677.596,4030.98,MIA,578.4716299295542,0,0,4.0
8.8,52180,AGENT,677.245,4030.68,MIA,578.4716299295542,0,0,4.0
8.9,52180,AGENT,676.878,4030.37,MIA,578.4716299295542,0,0,4.0
9.0,52180,AGENT,676.497,4030.08,MIA,578.4716299295542,0,0,4.0
9.1,52180,AGENT,676.102,4029.79,MIA,578.4716299295542,0,0,4.0
9.2,52180,AGENT,675.697,4029.5,MIA,578.4716299295542,0,0,4.0
9.3,52180,AGENT,675.284,4029.22,MIA,578.4716299295542,0,0,4.0
9.4,52180,AGENT,674.861,4028.95,MIA,578.4716299295542,0,0,4.0
9.5,52180,AGENT,674.435,4028.68,MIA,578.4716299295542,0,0,4.0
9.6,52180,AGENT,674.005,4028.42,MIA,578.4716299295542,0,0,4.0
9.7,52180,AGENT,673.571,4028.17,MIA,578.4716299295542,0,0,4.0
9.8,52180,AGENT,673.134,4027.92,MIA,578.4716299295542,0,0,4.0
9.9,52180,AGENT,672.695,4027.68,MIA,578.4716299295542,0,0,4.0
10.0,52180,AGENT,672.253,4027.44,MIA,578.4716299295542,0,0,4.0
10.1,52180,AGENT,671.808,4027.21,MIA,578.4716299295542,0,0,4.0
10.2,52180,AGENT,671.362,4026.98,MIA,578.4716299295542,0,0,4.0
10.3,52180,AGENT,670.913,4026.76,MIA,578.4716299295542,0,0,4.0
10.4,52180,AGENT,670.463,4026.54,MIA,578.4716299295542,0,0,4.0
10.5,52180,AGENT,670.011,4026.33,MIA,578.4716299295542,0,0,4.0
10.6,52180,AGENT,669.558,4026.12,MIA,578.4716299295542,0,0,4.0
10.7,52180,AGENT,669.103,4025.91,MIA,578.4716299295542,0,0,4.0
10.8,52180,AGENT,668.647,4025.7,MIA,578.4716299295542,0,0,4.0
10.9,52180,AGENT,668.191,4025.5,MIA,578.4716299295542,0,0,4.0
