TIMESTAMP,TRACK_ID,OBJECT_TYPE,X,Y,CITY_NAME,REF_xmin,AUGMENT_TYPE,AUGMENT_DIRECTION,ATTACK_POWER_TYPE
16.0,52180,AGENT,2652.55,1537.84,PIT,2588.7831283423,0,0,9.0
16.1,52180,AGENT,2652.96,1538.0,PIT,2588.7831283423,0,0,9.0
16.2,52180,AGENT,2653.37,1538.13,PIT,2588.7831283423,0,0,9.0
16.3,52180,AGENT,2653.79,1538.25,PIT,2588.7831283423,0,0,9.0
16.4,52180,AGENT,2654.23,1538.36,PIT,2588.7831283423,0,0,9.0
16.5,52180,AGENT,2654.67,1538.45,PIT,2588.7831283423,0,0,9.0
16.6,52180,AGENT,2655.13,1538.52,PIT,2588.7831283423,0,0,9.0
16.7,52180,AGENT,2655.6,1538.58,PIT,2588.7831283423,0,0,9.0
16.8,52180,AGENT,2656.08,1538.62,PIT,2588.7831283423,0,0,9.0
16.9,52180,AGENT,2656.58,1538.65,PIT,2588.7831283423,0,0,9.0
17.0,52180,AGENT,2657.08,1538.67,PIT,2588.7831283423,0,0,9.0
17.1,52180,AGENT,2657.59,1538.68,PIT,2588.7831283423,0,0,9.0
17.2,52180,AGENT,2658.11,1538.67,PIT,2588.7831283423,0,0,9.0
17.3,52180,AGENT,2658.63,1538.65,PIT,2588.7831283423,0,0,9.0
17.4,52180,AGENT,2659.17,1538.62,PIT,2588.7831283423,0,0,9.0
17.5,52180,AGENT,2659.71,1538.58,PIT,2588.7831283423,0,0,9.0
17.6,52180,AGENT,2660.27,1538.53,PIT,2588.7831283423,0,0,9.0
17.7,52180,AGENT,2660.83,1538.48,PIT,2588.7831283423,0,0,9.0
17.8,52180,AGENT,2661.4,1538.41,PIT,2588.7831283423,0,0,9.0
17.9,52180,AGENT,2661.97,1538.34,PIT,2588.7831283423,0,0,9.0
18.0,52180,AGENT,2662.56,1538.25,PIT,2588.7831283423,0,0,9.0
18.1,52180,AGENT,2663.15,1538.17,PIT,2588.7831283423,0,0,9.0
18.2,52180,AGENT,2663.74,1538.08,PIT,2588.7831283423,0,0,9.0
18.3,52180,AGENT,2664.33,1537.98,PIT,2588.7831283423,0,0,9.0
18.4,52180,AGENT,2664.93,1537.88,PIT,2588.7831283423,0,0,9.0
18.5,52180,AGENT,2665.53,1537.77,PIT,2588.7831283423,0,0,9.0
18.6,52180,AGENT,2666.12,1537.67,PIT,2588.7831283423,0,0,9.0
18.7,52180,AGENT,2666.72,1537.56,PIT,2588.7831283423,0,0,9.0
18.8,52180,AGENT,2667.31,1537.44,PIT,2588.7831283423,0,0,9.0
18.9,52180,AGENT,2667.91,1537.33,PIT,2588.7831283423,0,0,9.0
19.0,52180,AGENT,2668.5,1537.22,PIT,2588.7831283423,0,0,9.0
19.1,52180,AGENT,2669.09,1537.1,PIT,2588.7831283423,0,0,9.0
19.2,52180,AGENT,2669.69,1536.98,PIT,2588.7831283423,0,0,9.0
19.3,52180,AGENT,2670.28,1536.86,PIT,2588.7831283423,0,0,9.0
19.4,52180,AGENT,2670.87,1536.74,PIT,2588.7831283423,0,0,9.0
19.5,52180,AGENT,2671.47,1536.63,PIT,2588.7831283423,0,0,9.0
19.6,52180,AGENT,2672.06,1536.51,PIT,2588.7831283423,0,0,9.0
19.7,52180,AGENT,2672.65,1536.39,PIT,2588.7831283423,0,0,9.0
19.8,52180,AGENT,2673.25,1536.27,PIT,2588.7831283423,0,0,9.0
19.9,52180,AGENT,2673.84,1536.15,PIT,2588.7831283423,0,0,9.0
20.0,52180,AGENT,2674.43,1536.03,PIT,2588.7831283423,0,0,9.0
20.1,52180,AGENT,2675.03,1535.92,PIT,2588.7831283423,0,0,9.0
20.2,52180,AGENT,2675.62,1535.8,PIT,2588.7831283423,0,0,9.0
20.3,52180,AGENT,2676.22,1535.69,PIT,2588.7831283423,0,0,9.0
20.4,52180,AGENT,2676.81,1535.58,PIT,2588.7831283423,0,0,9.0
20.5,52180,AGENT,2677.4,1535.46,PIT,2588.7831283423,0,0,9.0
20.6,52180,AGENT,2678.0,1535.35,PIT,2588.7831283423,0,0,9.0
20.7,52180,AGENT,2678.59,1535.24,PIT,2588.7831283423,0,0,9.0
20.8,52180,AGENT,2679.19,1535.13,PIT,2588.7831283423,0,0,9.0
20.9,52180,AGENT,2679.78,1535.03,PIT,2588.7831283423,0,0,9.0
