TIMESTAMP,TRACK_ID,OBJECT_TYPE,X,Y,CITY_NAME,REF_xmin,AUGMENT_TYPE,AUGMENT_DIRECTION,ATTACK_POWER_TYPE
0.0,52180,AGENT,-98.177,3713.09,MIA,-100.91079083637828,0,0,6.0
0.1,52180,AGENT,-98.2015,3713.69,MIA,-100.91079083637828,0,0,6.0
0.2,52180,AGENT,-98.2263,3714.3,MIA,-100.91079083637828,0,0,6.0
0.3,52180,AGENT,-98.2512,3714.91,MIA,-100.91079083637828,0,0,6.0
0.4,52180,AGENT,-98.2762,3715.52,MIA,-100.91079083637828,0,0,6.0
0.5,52180,AGENT,-98.3012,3716.13,MIA,-100.91079083637828,0,0,6.0
0.6,52180,AGENT,-98.3262,3716.74,MIA,-100.91079083637828,0,0,6.0
0.7,52180,AGENT,-98.3513,3717.35,MIA,-100.91079083637828,0,0,6.0
0.8,52180,AGENT,-98.3763,3717.95,MIA,-100.91079083637828,0,0,6.0
0.9,52180,AGENT,-98.4014,3718.56,MIA,-100.91079083637828,0,0,6.0
1.0,52180,AGENT,-98.4264,3719.17,MIA,-100.91079083637828,0,0,6.0
1.1,52180,AGENT,-98.4514,3719.78,MIA,-100.91079083637828,0,0,6.0
1.2,52180,AGENT,-98.4763,3720.39,MIA,-100.91079083637828,0,0,6.0
1.3,52180,AGENT,-98.501,3721.0,MIA,-100.91079083637828,0,0,6.0
1.4,52180,AGENT,-98.5257,3721.61,MIA,-100.91079083637828,0,0,6.0
1.5,52180,AGENT,-98.5501,3722.22,MIA,-100.91079083637828,0,0,6.0
1.6,52180,AGENT,-98.5744,3722.83,MIA,-100.91079083637828,0,0,6.0
1.7,52180,AGENT,-98.5984,3723.44,MIA,-100.91079083637828,0,0,6.0
1.8,52180,AGENT,-98.6222,3724.04,MIA,-100.91079083637828,0,0,6.0
1.9,52180,AGENT,-98.6457,3724.65,MIA,-100.91079083637828,0,0,6.0
2.0,52180,AGENT,-98.6689,3725.26,MIA,-100.91079083637828,0,0,6.0
2.1,52180,AGENT,-98.6918,3725.87,MIA,-100.91079083637828,0,0,6.0
2.2,52180,AGENT,-98.7143,3726.48,MIA,-100.91079083637828,0,0,6.0
2.3,52180,AGENT,-98.7365,3727.09,MIA,-100.91079083637828,0,0,6.0
2.4,52180,AGENT,-98.7582,3727.7,MIA,-100.91079083637828,0,0,6.0
2.5,52180,AGENT,-98.7795,3728.31,MIA,-100.91079083637828,0,0,6.0
2.6,52180,AGENT,-98.8003,3728.92,MIA,-100.91079083637828,0,0,6.0
2.7,52180,AGENT,-98.8206,3729.53,MIA,-100.91079083637828,0,0,6.0
2.8,52180,AGENT,-98.8405,3730.14,MIA,-100.91079083637828,0,0,6.0
2.9,52180,AGENT,-98.8598,3730.75,MIA,-100.91079083637828,0,0,6.0
3.0,52180,AGENT,-98.8787,3731.35,MIA,-100.91079083637828,0,0,6.0
3.1,52180,AGENT,-98.8971,3731.96,MIA,-100.91079083637828,0,0,6.0
3.2,52180,AGENT,-98.915,3732.57,MIA,-100.91079083637828,0,0,6.0
3.3,52180,AGENT,-98.9324,3733.18,MIA,-100.91079083637828,0,0,6.0
3.4,52180,AGENT,-98.9494,3733.79,MIA,-100.91079083637828,0,0,6.0
3.5,52180,AGENT,-98.966,3734.4,MIA,-100.91079083637828,0,0,6.0
3.6,52180,AGENT,-98.9821,3735.01,MIA,-100.91079083637828,0,0,6.0
3.7,52180,AGENT,-98.9979,3735.62,MIA,-100.91079083637828,0,0,6.0
3.8,52180,AGENT,-99.0132,3736.23,MIA,-100.91079083637828,0,0,6.0
3.9,52180,AGENT,-99.0282,3736.84,MIA,-100.91079083637828,0,0,6.0
4.0,52180,AGENT,-99.0429,3737.45,MIA,-100.91079083637828,0,0,6.0
4.1,52180,AGENT,-99.0573,3738.06,MIA,-100.91079083637828,0,0,6.0
4.2,52180,AGENT,-99.0715,3738.67,MIA,-100.91079083637828,0,0,6.0
4.3,52180,AGENT,-99.0853,3739.28,MIA,-100.91079083637828,0,0,6.0
4.4,52180,AGENT,-99.099,3739.88,MIA,-100.91079083637828,0,0,6.0
4.5,52180,AGENT,-99.1125,3740.49,MIA,-100.91079083637828,0,0,6.0
4.6,52180,AGENT,-99.1258,3741.1,MIA,-100.91079083637828,0,0,6.0
4.7,52180,AGENT,-99.139,3741.71,MIA,-100.91079083637828,0,0,6.0
4.8,52180,AGENT,-99.1521,3742.32,MIA,-100.91079083637828,0,0,6.0
4.9,52180,AGENT,-99.1651,3742.93,MIA,-100.91079083637828,0,0,6.0
