TIMESTAMP,TRACK_ID,OBJECT_TYPE,X,Y,CITY_NAME,REF_xmin,AUGMENT_TYPE,AUGMENT_DIRECTION,ATTACK_POWER_TYPE
16.0,52180,AGENT,572.923,3417.68,MIA,540.4075840179576,0,1,6.0
16.1,52180,AGENT,572.422,3417.66,MIA,540.4075840179576,0,1,6.0
16.2,52180,AGENT,571.92,3417.63,MIA,540.4075840179576,0,1,6.0
16.3,52180,AGENT,571.418,3417.6,MIA,540.4075840179576,0,1,6.0
16.4,52180,AGENT,570.916,3417.58,MIA,540.4075840179576,0,1,6.0
16.5,52180,AGENT,570.414,3417.55,MIA,540.4075840179576,0,1,6.0
16.6,52180,AGENT,569.913,3417.53,MIA,540.4075840179576,0,1,6.0
16.7,52180,AGENT,569.411,3417.51,MIA,540.4075840179576,0,1,6.0
16.8,52180,AGENT,568.909,3417.48,MIA,540.4075840179576,0,1,6.0
16.9,52180,AGENT,568.407,3417.46,MIA,540.4075840179576,0,1,6.0
17.0,52180,AGENT,567.905,3417.44,MIA,540.4075840179576,0,1,6.0
17.1,52180,AGENT,567.403,3417.41,MIA,540.4075840179576,0,1,6.0
17.2,52180,AGENT,566.902,3417.39,MIA,540.4075840179576,0,1,6.0
17.3,52180,AGENT,566.4,3417.37,MIA,540.4075840179576,0,1,6.0
17.4,52180,AGENT,565.898,3417.35,MIA,540.4075840179576,0,1,6.0
17.5,52180,AGENT,565.396,3417.33,MIA,540.4075840179576,0,1,6.0
17.6,52180,AGENT,564.894,3417.31,MIA,540.4075840179576,0,1,6.0
17.7,52180,AGENT,564.392,3417.29,MIA,540.4075840179576,0,1,6.0
17.8,52180,AGENT,563.89,3417.27,MIA,540.4075840179576,0,1,6.0
17.9,52180,AGENT,563.388,3417.25,MIA,540.4075840179576,0,1,6.0
18.0,52180,AGENT,562.886,3417.23,MIA,540.4075840179576,0,1,6.0
18.1,52180,AGENT,562.384,3417.21,MIA,540.4075840179576,0,1,6.0
18.2,52180,AGENT,561.882,3417.2,MIA,540.4075840179576,0,1,6.0
18.3,52180,AGENT,561.38,3417.18,MIA,540.4075840179576,0,1,6.0
18.4,52180,AGENT,560.877,3417.16,MIA,540.4075840179576,0,1,6.0
18.5,52180,AGENT,560.375,3417.14,MIA,540.4075840179576,0,1,6.0
18.6,52180,AGENT,559.873,3417.13,MIA,540.4075840179576,0,1,6.0
18.7,52180,AGENT,559.371,3417.11,MIA,540.4075840179576,0,1,6.0
18.8,52180,AGENT,558.869,3417.1,MIA,540.4075840179576,0,1,6.0
18.9,52180,AGENT,558.367,3417.08,MIA,540.4075840179576,0,1,6.0
19.0,52180,AGENT,557.865,3417.06,MIA,540.4075840179576,0,1,6.0
19.1,52180,AGENT,557.363,3417.05,MIA,540.4075840179576,0,1,6.0
19.2,52180,AGENT,556.861,3417.03,MIA,540.4075840179576,0,1,6.0
19.3,52180,AGENT,556.358,3417.02,MIA,540.4075840179576,0,1,6.0
19.4,52180,AGENT,555.856,3417.0,MIA,540.4075840179576,0,1,6.0
19.5,52180,AGENT,555.354,3416.99,MIA,540.4075840179576,0,1,6.0
19.6,52180,AGENT,554.852,3416.97,MIA,540.4075840179576,0,1,6.0
19.7,52180,AGENT,554.35,3416.96,MIA,540.4075840179576,0,1,6.0
19.8,52180,AGENT,553.848,3416.94,MIA,540.4075840179576,0,1,6.0
19.9,52180,AGENT,553.346,3416.93,MIA,540.4075840179576,0,1,6.0
20.0,52180,AGENT,552.843,3416.92,MIA,540.4075840179576,0,1,6.0
20.1,52180,AGENT,552.341,3416.9,MIA,540.4075840179576,0,1,6.0
20.2,52180,AGENT,551.839,3416.89,MIA,540.4075840179576,0,1,6.0
20.3,52180,AGENT,551.337,3416.87,MIA,540.4075840179576,0,1,6.0
20.4,52180,AGENT,550.835,3416.86,MIA,540.4075840179576,0,1,6.0
20.5,52180,AGENT,550.333,3416.84,MIA,540.4075840179576,0,1,6.0
20.6,52180,AGENT,549.83,3416.83,MIA,540.4075840179576,0,1,6.0
20.7,52180,AGENT,549.328,3416.82,MIA,540.4075840179576,0,1,6.0
20.8,52180,AGENT,548.826,3416.8,MIA,540.4075840179576,0,1,6.0
20.9,52180,AGENT,548.324,3416.79,MIA,540.4075840179576,0,1,6.0
