TIMESTAMP,TRACK_ID,OBJECT_TYPE,X,Y,CITY_NAME,REF_xmin,AUGMENT_TYPE,AUGMENT_DIRECTION,ATTACK_POWER_TYPE
46.0,52180,AGENT,879.296,-28.9177,PIT,865.2202267444288,0,1,5.0
46.1,52180,AGENT,879.046,-29.3985,PIT,865.2202267444288,0,1,5.0
46.2,52180,AGENT,878.794,-29.8893,PIT,865.2202267444288,0,1,5.0
46.3,52180,AGENT,878.542,-30.3901,PIT,865.2202267444288,0,1,5.0
46.4,52180,AGENT,878.289,-30.8972,PIT,865.2202267444288,0,1,5.0
46.5,52180,AGENT,878.038,-31.4072,PIT,865.2202267444288,0,1,5.0
46.6,52180,AGENT,877.788,-31.9191,PIT,865.2202267444288,0,1,5.0
46.7,52180,AGENT,877.54,-32.4318,PIT,865.2202267444288,0,1,5.0
46.8,52180,AGENT,877.294,-32.9452,PIT,865.2202267444288,0,1,5.0
46.9,52180,AGENT,877.049,-33.4594,PIT,865.2202267444288,0,1,5.0
47.0,52180,AGENT,876.804,-33.9787,PIT,865.2202267444288,0,1,5.0
47.1,52180,AGENT,876.556,-34.5075,PIT,865.2202267444288,0,1,5.0
47.2,52180,AGENT,876.307,-35.0457,PIT,865.2202267444288,0,1,5.0
47.3,52180,AGENT,876.055,-35.5934,PIT,865.2202267444288,0,1,5.0
47.4,52180,AGENT,875.803,-36.146,PIT,865.2202267444288,0,1,5.0
47.5,52180,AGENT,875.553,-36.6991,PIT,865.2202267444288,0,1,5.0
47.6,52180,AGENT,875.303,-37.2526,PIT,865.2202267444288,0,1,5.0
47.7,52180,AGENT,875.055,-37.8067,PIT,865.2202267444288,0,1,5.0
47.8,52180,AGENT,874.808,-38.3613,PIT,865.2202267444288,0,1,5.0
47.9,52180,AGENT,874.562,-38.9164,PIT,865.2202267444288,0,1,5.0
48.0,52180,AGENT,874.318,-39.4719,PIT,865.2202267444288,0,1,5.0
48.1,52180,AGENT,874.075,-40.028,PIT,865.2202267444288,0,1,5.0
48.2,52180,AGENT,873.833,-40.5846,PIT,865.2202267444288,0,1,5.0
48.3,52180,AGENT,873.592,-41.1416,PIT,865.2202267444288,0,1,5.0
48.4,52180,AGENT,873.353,-41.6993,PIT,865.2202267444288,0,1,5.0
48.5,52180,AGENT,873.115,-42.2574,PIT,865.2202267444288,0,1,5.0
48.6,52180,AGENT,872.878,-42.8159,PIT,865.2202267444288,0,1,5.0
48.7,52180,AGENT,872.642,-43.3749,PIT,865.2202267444288,0,1,5.0
48.8,52180,AGENT,872.407,-43.9341,PIT,865.2202267444288,0,1,5.0
48.9,52180,AGENT,872.172,-44.4936,PIT,865.2202267444288,0,1,5.0
49.0,52180,AGENT,871.938,-45.0532,PIT,865.2202267444288,0,1,5.0
49.1,52180,AGENT,871.704,-45.6128,PIT,865.2202267444288,0,1,5.0
49.2,52180,AGENT,871.47,-46.1722,PIT,865.2202267444288,0,1,5.0
49.3,52180,AGENT,871.235,-46.7315,PIT,865.2202267444288,0,1,5.0
49.4,52180,AGENT,871.0,-47.2904,PIT,865.2202267444288,0,1,5.0
49.5,52180,AGENT,870.764,-47.849,PIT,865.2202267444288,0,1,5.0
49.6,52180,AGENT,870.527,-48.4071,PIT,865.2202267444288,0,1,5.0
49.7,52180,AGENT,870.288,-48.9647,PIT,865.2202267444288,0,1,5.0
49.8,52180,AGENT,870.049,-49.5217,PIT,865.2202267444288,0,1,5.0
49.9,52180,AGENT,869.808,-50.0781,PIT,865.2202267444288,0,1,5.0
50.0,52180,AGENT,869.566,-50.6338,PIT,865.2202267444288,0,1,5.0
50.1,52180,AGENT,869.322,-51.1889,PIT,865.2202267444288,0,1,5.0
50.2,52180,AGENT,869.077,-51.7433,PIT,865.2202267444288,0,1,5.0
50.3,52180,AGENT,868.83,-52.297,PIT,865.2202267444288,0,1,5.0
50.4,52180,AGENT,868.582,-52.85,PIT,865.2202267444288,0,1,5.0
50.5,52180,AGENT,868.332,-53.4024,PIT,865.2202267444288,0,1,5.0
50.6,52180,AGENT,868.081,-53.9541,PIT,865.2202267444288,0,1,5.0
50.7,52180,AGENT,867.829,-54.5051,PIT,865.2202267444288,0,1,5.0
50.8,52180,AGENT,867.575,-55.0555,PIT,865.2202267444288,0,1,5.0
50.9,52180,AGENT,867.32,-55.6053,PIT,865.2202267444288,0,1,5.0
