TIMESTAMP,TRACK_ID,OBJECT_TYPE,X,Y,CITY_NAME,REF_xmin,AUGMENT_TYPE,AUGMENT_DIRECTION,ATTACK_POWER_TYPE
4.0,52180,AGENT,1606.21,412.376,PIT,1526.8881047538016,1,1,4.0
4.1,52180,AGENT,1606.0,413.048,PIT,1526.8881047538016,1,1,4.0
4.2,52180,AGENT,1605.79,413.72,PIT,1526.8881047538016,1,1,4.0
4.3,52180,AGENT,1605.57,414.391,PIT,1526.8881047538016,1,1,4.0
4.4,52180,AGENT,1605.36,415.063,PIT,1526.8881047538016,1,1,4.0
4.5,52180,AGENT,1605.15,415.734,PIT,1526.8881047538016,1,1,4.0
4.6,52180,AGENT,1604.94,416.405,PIT,1526.8881047538016,1,1,4.0
4.7,52180,AGENT,1604.72,417.077,PIT,1526.8881047538016,1,1,4.0
4.8,52180,AGENT,1604.51,417.748,PIT,1526.8881047538016,1,1,4.0
4.9,52180,AGENT,1604.3,418.42,PIT,1526.8881047538016,1,1,4.0
5.0,52180,AGENT,1604.08,419.091,PIT,1526.8881047538016,1,1,4.0
5.1,52180,AGENT,1603.87,419.763,PIT,1526.8881047538016,1,1,4.0
5.2,52180,AGENT,1603.66,420.434,PIT,1526.8881047538016,1,1,4.0
5.3,52180,AGENT,1603.45,421.106,PIT,1526.8881047538016,1,1,4.0
5.4,52180,AGENT,1603.23,421.778,PIT,1526.8881047538016,1,1,4.0
5.5,52180,AGENT,1603.02,422.449,PIT,1526.8881047538016,1,1,4.0
5.6,52180,AGENT,1602.81,423.121,PIT,1526.8881047538016,1,1,4.0
5.7,52180,AGENT,1602.6,423.793,PIT,1526.8881047538016,1,1,4.0
5.8,52180,AGENT,1602.38,424.464,PIT,1526.8881047538016,1,1,4.0
5.9,52180,AGENT,1602.17,425.136,PIT,1526.8881047538016,1,1,4.0
6.0,52180,AGENT,1601.96,425.808,PIT,1526.8881047538016,1,1,4.0
6.1,52180,AGENT,1601.75,426.48,PIT,1526.8881047538016,1,1,4.0
6.2,52180,AGENT,1601.54,427.152,PIT,1526.8881047538016,1,1,4.0
6.3,52180,AGENT,1601.33,427.824,PIT,1526.8881047538016,1,1,4.0
6.4,52180,AGENT,1601.12,428.497,PIT,1526.8881047538016,1,1,4.0
6.5,52180,AGENT,1600.91,429.174,PIT,1526.8881047538016,1,1,4.0
6.6,52180,AGENT,1600.69,429.86,PIT,1526.8881047538016,1,1,4.0
6.7,52180,AGENT,1600.48,430.552,PIT,1526.8881047538016,1,1,4.0
6.8,52180,AGENT,1600.26,431.245,PIT,1526.8881047538016,1,1,4.0
6.9,52180,AGENT,1600.05,431.937,PIT,1526.8881047538016,1,1,4.0
7.0,52180,AGENT,1599.84,432.63,PIT,1526.8881047538016,1,1,4.0
7.1,52180,AGENT,1599.62,433.323,PIT,1526.8881047538016,1,1,4.0
7.2,52180,AGENT,1599.41,434.016,PIT,1526.8881047538016,1,1,4.0
7.3,52180,AGENT,1599.2,434.709,PIT,1526.8881047538016,1,1,4.0
7.4,52180,AGENT,1598.99,435.402,PIT,1526.8881047538016,1,1,4.0
7.5,52180,AGENT,1598.78,436.1,PIT,1526.8881047538016,1,1,4.0
7.6,52180,AGENT,1598.56,436.808,PIT,1526.8881047538016,1,1,4.0
7.7,52180,AGENT,1598.35,437.521,PIT,1526.8881047538016,1,1,4.0
7.8,52180,AGENT,1598.13,438.235,PIT,1526.8881047538016,1,1,4.0
7.9,52180,AGENT,1597.92,438.95,PIT,1526.8881047538016,1,1,4.0
8.0,52180,AGENT,1597.71,439.665,PIT,1526.8881047538016,1,1,4.0
8.1,52180,AGENT,1597.49,440.38,PIT,1526.8881047538016,1,1,4.0
8.2,52180,AGENT,1597.28,441.095,PIT,1526.8881047538016,1,1,4.0
8.3,52180,AGENT,1597.07,441.81,PIT,1526.8881047538016,1,1,4.0
8.4,52180,AGENT,1596.86,442.525,PIT,1526.8881047538016,1,1,4.0
8.5,52180,AGENT,1596.65,443.243,PIT,1526.8881047538016,1,1,4.0
8.6,52180,AGENT,1596.43,443.971,PIT,1526.8881047538016,1,1,4.0
8.7,52180,AGENT,1596.22,444.703,PIT,1526.8881047538016,1,1,4.0
8.8,52180,AGENT,1596.0,445.435,PIT,1526.8881047538016,1,1,4.0
8.9,52180,AGENT,1595.79,446.167,PIT,1526.8881047538016,1,1,4.0
