TIMESTAMP,TRACK_ID,OBJECT_TYPE,X,Y,CITY_NAME,REF_xmin,AUGMENT_TYPE,AUGMENT_DIRECTION,ATTACK_POWER_TYPE
12.0,52180,AGENT,1701.05,442.644,PIT,1569.715300787706,1,0,9.0
12.1,52180,AGENT,1700.59,442.258,PIT,1569.715300787706,1,0,9.0
12.2,52180,AGENT,1700.14,441.872,PIT,1569.715300787706,1,0,9.0
12.3,52180,AGENT,1699.68,441.485,PIT,1569.715300787706,1,0,9.0
12.4,52180,AGENT,1699.22,441.099,PIT,1569.715300787706,1,0,9.0
12.5,52180,AGENT,1698.76,440.712,PIT,1569.715300787706,1,0,9.0
12.6,52180,AGENT,1698.3,440.326,PIT,1569.715300787706,1,0,9.0
12.7,52180,AGENT,1697.84,439.94,PIT,1569.715300787706,1,0,9.0
12.8,52180,AGENT,1697.38,439.553,PIT,1569.715300787706,1,0,9.0
12.9,52180,AGENT,1696.92,439.167,PIT,1569.715300787706,1,0,9.0
13.0,52180,AGENT,1696.46,438.78,PIT,1569.715300787706,1,0,9.0
13.1,52180,AGENT,1696.01,438.394,PIT,1569.715300787706,1,0,9.0
13.2,52180,AGENT,1695.55,438.007,PIT,1569.715300787706,1,0,9.0
13.3,52180,AGENT,1695.09,437.621,PIT,1569.715300787706,1,0,9.0
13.4,52180,AGENT,1694.63,437.234,PIT,1569.715300787706,1,0,9.0
13.5,52180,AGENT,1694.17,436.848,PIT,1569.715300787706,1,0,9.0
13.6,52180,AGENT,1693.71,436.462,PIT,1569.715300787706,1,0,9.0
13.7,52180,AGENT,1693.25,436.075,PIT,1569.715300787706,1,0,9.0
13.8,52180,AGENT,1692.79,435.689,PIT,1569.715300787706,1,0,9.0
13.9,52180,AGENT,1692.33,435.303,PIT,1569.715300787706,1,0,9.0
14.0,52180,AGENT,1691.87,434.916,PIT,1569.715300787706,1,0,9.0
14.1,52180,AGENT,1691.42,434.53,PIT,1569.715300787706,1,0,9.0
14.2,52180,AGENT,1690.96,434.144,PIT,1569.715300787706,1,0,9.0
14.3,52180,AGENT,1690.5,433.758,PIT,1569.715300787706,1,0,9.0
14.4,52180,AGENT,1690.04,433.372,PIT,1569.715300787706,1,0,9.0
14.5,52180,AGENT,1689.58,432.987,PIT,1569.715300787706,1,0,9.0
14.6,52180,AGENT,1689.12,432.601,PIT,1569.715300787706,1,0,9.0
14.7,52180,AGENT,1688.66,432.215,PIT,1569.715300787706,1,0,9.0
14.8,52180,AGENT,1688.2,431.83,PIT,1569.715300787706,1,0,9.0
14.9,52180,AGENT,1687.74,431.445,PIT,1569.715300787706,1,0,9.0
15.0,52180,AGENT,1687.28,431.06,PIT,1569.715300787706,1,0,9.0
15.1,52180,AGENT,1686.82,430.675,PIT,1569.715300787706,1,0,9.0
15.2,52180,AGENT,1686.36,430.291,PIT,1569.715300787706,1,0,9.0
15.3,52180,AGENT,1685.9,429.906,PIT,1569.715300787706,1,0,9.0
15.4,52180,AGENT,1685.44,429.522,PIT,1569.715300787706,1,0,9.0
15.5,52180,AGENT,1684.98,429.138,PIT,1569.715300787706,1,0,9.0
15.6,52180,AGENT,1684.51,428.754,PIT,1569.715300787706,1,0,9.0
15.7,52180,AGENT,1684.05,428.37,PIT,1569.715300787706,1,0,9.0
15.8,52180,AGENT,1683.59,427.986,PIT,1569.715300787706,1,0,9.0
15.9,52180,AGENT,1683.13,427.603,PIT,1569.715300787706,1,0,9.0
16.0,52180,AGENT,1682.67,427.22,PIT,1569.715300787706,1,0,9.0
16.1,52180,AGENT,1682.21,426.837,PIT,1569.715300787706,1,0,9.0
16.2,52180,AGENT,1681.75,426.454,PIT,1569.715300787706,1,0,9.0
16.3,52180,AGENT,1681.28,426.071,PIT,1569.715300787706,1,0,9.0
16.4,52180,AGENT,1680.82,425.688,PIT,1569.715300787706,1,0,9.0
16.5,52180,AGENT,1680.36,425.305,PIT,1569.715300787706,1,0,9.0
16.6,52180,AGENT,1679.9,424.923,PIT,1569.715300787706,1,0,9.0
16.7,52180,AGENT,1679.44,424.54,PIT,1569.715300787706,1,0,9.0
16.8,52180,AGENT,1678.97,424.158,PIT,1569.715300787706,1,0,9.0
16.9,52180,AGENT,1678.51,423.776,PIT,1569.715300787706,1,0,9.0
