TIMESTAMP,TRACK_ID,OBJECT_TYPE,X,Y,CITY_NAME,REF_xmin,AUGMENT_TYPE,AUGMENT_DIRECTION,ATTACK_POWER_TYPE
16.0,52180,AGENT,2287.21,812.312,PIT,2175.118070438388,1,0,1.0
16.1,52180,AGENT,2288.03,812.994,PIT,2175.118070438388,1,0,1.0
16.2,52180,AGENT,2288.83,813.669,PIT,2175.118070438388,1,0,1.0
16.3,52180,AGENT,2289.63,814.337,PIT,2175.118070438388,1,0,1.0
16.4,52180,AGENT,2290.42,814.998,PIT,2175.118070438388,1,0,1.0
16.5,52180,AGENT,2291.2,815.652,PIT,2175.118070438388,1,0,1.0
16.6,52180,AGENT,2291.97,816.296,PIT,2175.118070438388,1,0,1.0
16.7,52180,AGENT,2292.73,816.929,PIT,2175.118070438388,1,0,1.0
16.8,52180,AGENT,2293.48,817.556,PIT,2175.118070438388,1,0,1.0
16.9,52180,AGENT,2294.22,818.176,PIT,2175.118070438388,1,0,1.0
17.0,52180,AGENT,2294.95,818.79,PIT,2175.118070438388,1,0,1.0
17.1,52180,AGENT,2295.67,819.397,PIT,2175.118070438388,1,0,1.0
17.2,52180,AGENT,2296.39,819.998,PIT,2175.118070438388,1,0,1.0
17.3,52180,AGENT,2297.1,820.592,PIT,2175.118070438388,1,0,1.0
17.4,52180,AGENT,2297.8,821.179,PIT,2175.118070438388,1,0,1.0
17.5,52180,AGENT,2298.5,821.76,PIT,2175.118070438388,1,0,1.0
17.6,52180,AGENT,2299.18,822.334,PIT,2175.118070438388,1,0,1.0
17.7,52180,AGENT,2299.86,822.902,PIT,2175.118070438388,1,0,1.0
17.8,52180,AGENT,2300.53,823.464,PIT,2175.118070438388,1,0,1.0
17.9,52180,AGENT,2301.2,824.018,PIT,2175.118070438388,1,0,1.0
18.0,52180,AGENT,2301.85,824.566,PIT,2175.118070438388,1,0,1.0
18.1,52180,AGENT,2302.5,825.108,PIT,2175.118070438388,1,0,1.0
18.2,52180,AGENT,2303.14,825.643,PIT,2175.118070438388,1,0,1.0
18.3,52180,AGENT,2303.78,826.174,PIT,2175.118070438388,1,0,1.0
18.4,52180,AGENT,2304.42,826.704,PIT,2175.118070438388,1,0,1.0
18.5,52180,AGENT,2305.05,827.231,PIT,2175.118070438388,1,0,1.0
18.6,52180,AGENT,2305.69,827.753,PIT,2175.118070438388,1,0,1.0
18.7,52180,AGENT,2306.31,828.267,PIT,2175.118070438388,1,0,1.0
18.8,52180,AGENT,2306.93,828.775,PIT,2175.118070438388,1,0,1.0
18.9,52180,AGENT,2307.54,829.277,PIT,2175.118070438388,1,0,1.0
19.0,52180,AGENT,2308.14,829.775,PIT,2175.118070438388,1,0,1.0
19.1,52180,AGENT,2308.75,830.273,PIT,2175.118070438388,1,0,1.0
19.2,52180,AGENT,2309.36,830.771,PIT,2175.118070438388,1,0,1.0
19.3,52180,AGENT,2309.98,831.269,PIT,2175.118070438388,1,0,1.0
19.4,52180,AGENT,2310.6,831.768,PIT,2175.118070438388,1,0,1.0
19.5,52180,AGENT,2311.21,832.265,PIT,2175.118070438388,1,0,1.0
19.6,52180,AGENT,2311.82,832.757,PIT,2175.118070438388,1,0,1.0
19.7,52180,AGENT,2312.43,833.244,PIT,2175.118070438388,1,0,1.0
19.8,52180,AGENT,2313.02,833.727,PIT,2175.118070438388,1,0,1.0
19.9,52180,AGENT,2313.62,834.209,PIT,2175.118070438388,1,0,1.0
20.0,52180,AGENT,2314.2,834.692,PIT,2175.118070438388,1,0,1.0
20.1,52180,AGENT,2314.79,835.175,PIT,2175.118070438388,1,0,1.0
20.2,52180,AGENT,2315.36,835.658,PIT,2175.118070438388,1,0,1.0
20.3,52180,AGENT,2315.93,836.137,PIT,2175.118070438388,1,0,1.0
20.4,52180,AGENT,2316.48,836.613,PIT,2175.118070438388,1,0,1.0
20.5,52180,AGENT,2317.02,837.087,PIT,2175.118070438388,1,0,1.0
20.6,52180,AGENT,2317.54,837.561,PIT,2175.118070438388,1,0,1.0
20.7,52180,AGENT,2318.05,838.034,PIT,2175.118070438388,1,0,1.0
20.8,52180,AGENT,2318.54,838.509,PIT,2175.118070438388,1,0,1.0
20.9,52180,AGENT,2319.01,838.985,PIT,2175.118070438388,1,0,1.0
