TIMESTAMP,TRACK_ID,OBJECT_TYPE,X,Y,CITY_NAME,REF_xmin,AUGMENT_TYPE,AUGMENT_DIRECTION,ATTACK_POWER_TYPE
12.0,52180,AGENT,544.25,2928.35,MIA,539.4177644126564,1,1,5.0
12.1,52180,AGENT,544.505,2927.84,MIA,539.4177644126564,1,1,5.0
12.2,52180,AGENT,544.788,2927.35,MIA,539.4177644126564,1,1,5.0
12.3,52180,AGENT,545.102,2926.89,MIA,539.4177644126564,1,1,5.0
12.4,52180,AGENT,545.445,2926.45,MIA,539.4177644126564,1,1,5.0
12.5,52180,AGENT,545.816,2926.04,MIA,539.4177644126564,1,1,5.0
12.6,52180,AGENT,546.212,2925.66,MIA,539.4177644126564,1,1,5.0
12.7,52180,AGENT,546.632,2925.29,MIA,539.4177644126564,1,1,5.0
12.8,52180,AGENT,547.074,2924.96,MIA,539.4177644126564,1,1,5.0
12.9,52180,AGENT,547.537,2924.65,MIA,539.4177644126564,1,1,5.0
13.0,52180,AGENT,548.019,2924.36,MIA,539.4177644126564,1,1,5.0
13.1,52180,AGENT,548.519,2924.1,MIA,539.4177644126564,1,1,5.0
13.2,52180,AGENT,549.036,2923.86,MIA,539.4177644126564,1,1,5.0
13.3,52180,AGENT,549.569,2923.64,MIA,539.4177644126564,1,1,5.0
13.4,52180,AGENT,550.117,2923.45,MIA,539.4177644126564,1,1,5.0
13.5,52180,AGENT,550.679,2923.27,MIA,539.4177644126564,1,1,5.0
13.6,52180,AGENT,551.253,2923.12,MIA,539.4177644126564,1,1,5.0
13.7,52180,AGENT,551.841,2922.98,MIA,539.4177644126564,1,1,5.0
13.8,52180,AGENT,552.441,2922.86,MIA,539.4177644126564,1,1,5.0
13.9,52180,AGENT,553.052,2922.76,MIA,539.4177644126564,1,1,5.0
14.0,52180,AGENT,553.674,2922.67,MIA,539.4177644126564,1,1,5.0
14.1,52180,AGENT,554.307,2922.6,MIA,539.4177644126564,1,1,5.0
14.2,52180,AGENT,554.951,2922.55,MIA,539.4177644126564,1,1,5.0
14.3,52180,AGENT,555.605,2922.5,MIA,539.4177644126564,1,1,5.0
14.4,52180,AGENT,556.27,2922.47,MIA,539.4177644126564,1,1,5.0
14.5,52180,AGENT,556.944,2922.44,MIA,539.4177644126564,1,1,5.0
14.6,52180,AGENT,557.628,2922.43,MIA,539.4177644126564,1,1,5.0
14.7,52180,AGENT,558.323,2922.43,MIA,539.4177644126564,1,1,5.0
14.8,52180,AGENT,559.027,2922.43,MIA,539.4177644126564,1,1,5.0
14.9,52180,AGENT,559.741,2922.44,MIA,539.4177644126564,1,1,5.0
15.0,52180,AGENT,560.465,2922.46,MIA,539.4177644126564,1,1,5.0
15.1,52180,AGENT,561.199,2922.48,MIA,539.4177644126564,1,1,5.0
15.2,52180,AGENT,561.943,2922.51,MIA,539.4177644126564,1,1,5.0
15.3,52180,AGENT,562.697,2922.54,MIA,539.4177644126564,1,1,5.0
15.4,52180,AGENT,563.461,2922.58,MIA,539.4177644126564,1,1,5.0
15.5,52180,AGENT,564.235,2922.62,MIA,539.4177644126564,1,1,5.0
15.6,52180,AGENT,565.019,2922.66,MIA,539.4177644126564,1,1,5.0
15.7,52180,AGENT,565.813,2922.7,MIA,539.4177644126564,1,1,5.0
15.8,52180,AGENT,566.617,2922.75,MIA,539.4177644126564,1,1,5.0
15.9,52180,AGENT,567.432,2922.79,MIA,539.4177644126564,1,1,5.0
16.0,52180,AGENT,568.256,2922.84,MIA,539.4177644126564,1,1,5.0
16.1,52180,AGENT,569.091,2922.89,MIA,539.4177644126564,1,1,5.0
16.2,52180,AGENT,569.936,2922.94,MIA,539.4177644126564,1,1,5.0
16.3,52180,AGENT,570.792,2922.99,MIA,539.4177644126564,1,1,5.0
16.4,52180,AGENT,571.657,2923.04,MIA,539.4177644126564,1,1,5.0
16.5,52180,AGENT,572.533,2923.09,MIA,539.4177644126564,1,1,5.0
16.6,52180,AGENT,573.419,2923.14,MIA,539.4177644126564,1,1,5.0
16.7,52180,AGENT,574.315,2923.19,MIA,539.4177644126564,1,1,5.0
16.8,52180,AGENT,575.222,2923.25,MIA,539.4177644126564,1,1,5.0
16.9,52180,AGENT,576.139,2923.29,MIA,539.4177644126564,1,1,5.0
