TIMESTAMP,TRACK_ID,OBJECT_TYPE,X,Y,CITY_NAME,REF_xmin,AUGMENT_TYPE,AUGMENT_DIRECTION,ATTACK_POWER_TYPE
20.0,52180,AGENT,2886.2,1275.97,PIT,2690.2584019128462,0,1,5.0
20.1,52180,AGENT,2887.42,1276.49,PIT,2690.2584019128462,0,1,5.0
20.2,52180,AGENT,2888.64,1277.01,PIT,2690.2584019128462,0,1,5.0
20.3,52180,AGENT,2889.87,1277.53,PIT,2690.2584019128462,0,1,5.0
20.4,52180,AGENT,2891.11,1278.06,PIT,2690.2584019128462,0,1,5.0
20.5,52180,AGENT,2892.35,1278.58,PIT,2690.2584019128462,0,1,5.0
20.6,52180,AGENT,2893.59,1279.11,PIT,2690.2584019128462,0,1,5.0
20.7,52180,AGENT,2894.83,1279.63,PIT,2690.2584019128462,0,1,5.0
20.8,52180,AGENT,2896.06,1280.15,PIT,2690.2584019128462,0,1,5.0
20.9,52180,AGENT,2897.3,1280.68,PIT,2690.2584019128462,0,1,5.0
21.0,52180,AGENT,2898.54,1281.2,PIT,2690.2584019128462,0,1,5.0
21.1,52180,AGENT,2899.78,1281.72,PIT,2690.2584019128462,0,1,5.0
21.2,52180,AGENT,2901.02,1282.25,PIT,2690.2584019128462,0,1,5.0
21.3,52180,AGENT,2902.28,1282.77,PIT,2690.2584019128462,0,1,5.0
21.4,52180,AGENT,2903.53,1283.3,PIT,2690.2584019128462,0,1,5.0
21.5,52180,AGENT,2904.79,1283.83,PIT,2690.2584019128462,0,1,5.0
21.6,52180,AGENT,2906.05,1284.36,PIT,2690.2584019128462,0,1,5.0
21.7,52180,AGENT,2907.31,1284.89,PIT,2690.2584019128462,0,1,5.0
21.8,52180,AGENT,2908.56,1285.42,PIT,2690.2584019128462,0,1,5.0
21.9,52180,AGENT,2909.82,1285.94,PIT,2690.2584019128462,0,1,5.0
22.0,52180,AGENT,2911.08,1286.47,PIT,2690.2584019128462,0,1,5.0
22.1,52180,AGENT,2912.34,1287.0,PIT,2690.2584019128462,0,1,5.0
22.2,52180,AGENT,2913.59,1287.53,PIT,2690.2584019128462,0,1,5.0
22.3,52180,AGENT,2914.85,1288.06,PIT,2690.2584019128462,0,1,5.0
22.4,52180,AGENT,2916.12,1288.59,PIT,2690.2584019128462,0,1,5.0
22.5,52180,AGENT,2917.39,1289.13,PIT,2690.2584019128462,0,1,5.0
22.6,52180,AGENT,2918.65,1289.66,PIT,2690.2584019128462,0,1,5.0
22.7,52180,AGENT,2919.92,1290.19,PIT,2690.2584019128462,0,1,5.0
22.8,52180,AGENT,2921.19,1290.72,PIT,2690.2584019128462,0,1,5.0
22.9,52180,AGENT,2922.45,1291.25,PIT,2690.2584019128462,0,1,5.0
23.0,52180,AGENT,2923.72,1291.79,PIT,2690.2584019128462,0,1,5.0
23.1,52180,AGENT,2924.98,1292.32,PIT,2690.2584019128462,0,1,5.0
23.2,52180,AGENT,2926.25,1292.85,PIT,2690.2584019128462,0,1,5.0
23.3,52180,AGENT,2927.52,1293.38,PIT,2690.2584019128462,0,1,5.0
23.4,52180,AGENT,2928.78,1293.91,PIT,2690.2584019128462,0,1,5.0
23.5,52180,AGENT,2930.05,1294.44,PIT,2690.2584019128462,0,1,5.0
23.6,52180,AGENT,2931.32,1294.97,PIT,2690.2584019128462,0,1,5.0
23.7,52180,AGENT,2932.58,1295.5,PIT,2690.2584019128462,0,1,5.0
23.8,52180,AGENT,2933.85,1296.03,PIT,2690.2584019128462,0,1,5.0
23.9,52180,AGENT,2935.12,1296.56,PIT,2690.2584019128462,0,1,5.0
24.0,52180,AGENT,2936.39,1297.09,PIT,2690.2584019128462,0,1,5.0
24.1,52180,AGENT,2937.65,1297.62,PIT,2690.2584019128462,0,1,5.0
24.2,52180,AGENT,2938.92,1298.14,PIT,2690.2584019128462,0,1,5.0
24.3,52180,AGENT,2940.19,1298.67,PIT,2690.2584019128462,0,1,5.0
24.4,52180,AGENT,2941.46,1299.2,PIT,2690.2584019128462,0,1,5.0
24.5,52180,AGENT,2942.73,1299.72,PIT,2690.2584019128462,0,1,5.0
24.6,52180,AGENT,2943.99,1300.25,PIT,2690.2584019128462,0,1,5.0
24.7,52180,AGENT,2945.26,1300.77,PIT,2690.2584019128462,0,1,5.0
24.8,52180,AGENT,2946.53,1301.3,PIT,2690.2584019128462,0,1,5.0
24.9,52180,AGENT,2947.8,1301.82,PIT,2690.2584019128462,0,1,5.0
