TIMESTAMP,TRACK_ID,OBJECT_TYPE,X,Y,CITY_NAME,REF_xmin,AUGMENT_TYPE,AUGMENT_DIRECTION,ATTACK_POWER_TYPE
10.0,52180,AGENT,241.58,817.622,MIA,180.0,1,0,7.0
10.1,52180,AGENT,242.072,817.794,MIA,180.0,1,0,7.0
10.2,52180,AGENT,242.57,817.955,MIA,180.0,1,0,7.0
10.3,52180,AGENT,243.072,818.103,MIA,180.0,1,0,7.0
10.4,52180,AGENT,243.578,818.239,MIA,180.0,1,0,7.0
10.5,52180,AGENT,244.089,818.363,MIA,180.0,1,0,7.0
10.6,52180,AGENT,244.603,818.474,MIA,180.0,1,0,7.0
10.7,52180,AGENT,245.12,818.571,MIA,180.0,1,0,7.0
10.8,52180,AGENT,245.639,818.655,MIA,180.0,1,0,7.0
10.9,52180,AGENT,246.161,818.725,MIA,180.0,1,0,7.0
11.0,52180,AGENT,246.684,818.78,MIA,180.0,1,0,7.0
11.1,52180,AGENT,247.208,818.821,MIA,180.0,1,0,7.0
11.2,52180,AGENT,247.732,818.846,MIA,180.0,1,0,7.0
11.3,52180,AGENT,248.256,818.856,MIA,180.0,1,0,7.0
11.4,52180,AGENT,248.778,818.85,MIA,180.0,1,0,7.0
11.5,52180,AGENT,249.298,818.827,MIA,180.0,1,0,7.0
11.6,52180,AGENT,249.815,818.787,MIA,180.0,1,0,7.0
11.7,52180,AGENT,250.328,818.729,MIA,180.0,1,0,7.0
11.8,52180,AGENT,250.837,818.654,MIA,180.0,1,0,7.0
11.9,52180,AGENT,251.34,818.559,MIA,180.0,1,0,7.0
12.0,52180,AGENT,251.838,818.444,MIA,180.0,1,0,7.0
12.1,52180,AGENT,252.33,818.31,MIA,180.0,1,0,7.0
12.2,52180,AGENT,252.813,818.157,MIA,180.0,1,0,7.0
12.3,52180,AGENT,253.288,817.986,MIA,180.0,1,0,7.0
12.4,52180,AGENT,253.753,817.796,MIA,180.0,1,0,7.0
12.5,52180,AGENT,254.207,817.588,MIA,180.0,1,0,7.0
12.6,52180,AGENT,254.65,817.363,MIA,180.0,1,0,7.0
12.7,52180,AGENT,255.082,817.117,MIA,180.0,1,0,7.0
12.8,52180,AGENT,255.503,816.846,MIA,180.0,1,0,7.0
12.9,52180,AGENT,255.914,816.551,MIA,180.0,1,0,7.0
13.0,52180,AGENT,256.313,816.233,MIA,180.0,1,0,7.0
13.1,52180,AGENT,256.698,815.892,MIA,180.0,1,0,7.0
13.2,52180,AGENT,257.071,815.53,MIA,180.0,1,0,7.0
13.3,52180,AGENT,257.429,815.147,MIA,180.0,1,0,7.0
13.4,52180,AGENT,257.772,814.745,MIA,180.0,1,0,7.0
13.5,52180,AGENT,258.101,814.323,MIA,180.0,1,0,7.0
13.6,52180,AGENT,258.415,813.882,MIA,180.0,1,0,7.0
13.7,52180,AGENT,258.713,813.424,MIA,180.0,1,0,7.0
13.8,52180,AGENT,258.996,812.949,MIA,180.0,1,0,7.0
13.9,52180,AGENT,259.263,812.457,MIA,180.0,1,0,7.0
14.0,52180,AGENT,259.515,811.949,MIA,180.0,1,0,7.0
14.1,52180,AGENT,259.752,811.426,MIA,180.0,1,0,7.0
14.2,52180,AGENT,259.973,810.889,MIA,180.0,1,0,7.0
14.3,52180,AGENT,260.18,810.337,MIA,180.0,1,0,7.0
14.4,52180,AGENT,260.373,809.771,MIA,180.0,1,0,7.0
14.5,52180,AGENT,260.552,809.192,MIA,180.0,1,0,7.0
14.6,52180,AGENT,260.717,808.599,MIA,180.0,1,0,7.0
14.7,52180,AGENT,260.87,807.995,MIA,180.0,1,0,7.0
14.8,52180,AGENT,261.011,807.377,MIA,180.0,1,0,7.0
14.9,52180,AGENT,261.139,806.747,MIA,180.0,1,0,7.0
