TIMESTAMP,TRACK_ID,OBJECT_TYPE,X,Y,CITY_NAME,REF_xmin,AUGMENT_TYPE,AUGMENT_DIRECTION,ATTACK_POWER_TYPE
36.0,52180,AGENT,239.062,3617.5,MIA,172.02789927365316,1,0,6.0
36.1,52180,AGENT,239.075,3617.04,MIA,172.02789927365316,1,0,6.0
36.2,52180,AGENT,239.078,3616.59,MIA,172.02789927365316,1,0,6.0
36.3,52180,AGENT,239.069,3616.13,MIA,172.02789927365316,1,0,6.0
36.4,52180,AGENT,239.048,3615.66,MIA,172.02789927365316,1,0,6.0
36.5,52180,AGENT,239.016,3615.18,MIA,172.02789927365316,1,0,6.0
36.6,52180,AGENT,238.974,3614.7,MIA,172.02789927365316,1,0,6.0
36.7,52180,AGENT,238.922,3614.21,MIA,172.02789927365316,1,0,6.0
36.8,52180,AGENT,238.861,3613.71,MIA,172.02789927365316,1,0,6.0
36.9,52180,AGENT,238.794,3613.21,MIA,172.02789927365316,1,0,6.0
37.0,52180,AGENT,238.72,3612.72,MIA,172.02789927365316,1,0,6.0
37.1,52180,AGENT,238.642,3612.22,MIA,172.02789927365316,1,0,6.0
37.2,52180,AGENT,238.559,3611.73,MIA,172.02789927365316,1,0,6.0
37.3,52180,AGENT,238.469,3611.23,MIA,172.02789927365316,1,0,6.0
37.4,52180,AGENT,238.372,3610.73,MIA,172.02789927365316,1,0,6.0
37.5,52180,AGENT,238.27,3610.21,MIA,172.02789927365316,1,0,6.0
37.6,52180,AGENT,238.16,3609.68,MIA,172.02789927365316,1,0,6.0
37.7,52180,AGENT,238.046,3609.15,MIA,172.02789927365316,1,0,6.0
37.8,52180,AGENT,237.929,3608.61,MIA,172.02789927365316,1,0,6.0
37.9,52180,AGENT,237.81,3608.08,MIA,172.02789927365316,1,0,6.0
38.0,52180,AGENT,237.689,3607.55,MIA,172.02789927365316,1,0,6.0
38.1,52180,AGENT,237.565,3607.01,MIA,172.02789927365316,1,0,6.0
38.2,52180,AGENT,237.441,3606.47,MIA,172.02789927365316,1,0,6.0
38.3,52180,AGENT,237.315,3605.94,MIA,172.02789927365316,1,0,6.0
38.4,52180,AGENT,237.186,3605.39,MIA,172.02789927365316,1,0,6.0
38.5,52180,AGENT,237.052,3604.84,MIA,172.02789927365316,1,0,6.0
38.6,52180,AGENT,236.915,3604.27,MIA,172.02789927365316,1,0,6.0
38.7,52180,AGENT,236.775,3603.7,MIA,172.02789927365316,1,0,6.0
38.8,52180,AGENT,236.635,3603.12,MIA,172.02789927365316,1,0,6.0
38.9,52180,AGENT,236.494,3602.55,MIA,172.02789927365316,1,0,6.0
39.0,52180,AGENT,236.352,3601.97,MIA,172.02789927365316,1,0,6.0
39.1,52180,AGENT,236.211,3601.39,MIA,172.02789927365316,1,0,6.0
39.2,52180,AGENT,236.071,3600.81,MIA,172.02789927365316,1,0,6.0
39.3,52180,AGENT,235.931,3600.24,MIA,172.02789927365316,1,0,6.0
39.4,52180,AGENT,235.794,3599.66,MIA,172.02789927365316,1,0,6.0
39.5,52180,AGENT,235.659,3599.08,MIA,172.02789927365316,1,0,6.0
39.6,52180,AGENT,235.527,3598.51,MIA,172.02789927365316,1,0,6.0
39.7,52180,AGENT,235.398,3597.93,MIA,172.02789927365316,1,0,6.0
39.8,52180,AGENT,235.275,3597.35,MIA,172.02789927365316,1,0,6.0
39.9,52180,AGENT,235.156,3596.77,MIA,172.02789927365316,1,0,6.0
40.0,52180,AGENT,235.043,3596.19,MIA,172.02789927365316,1,0,6.0
40.1,52180,AGENT,234.936,3595.62,MIA,172.02789927365316,1,0,6.0
40.2,52180,AGENT,234.835,3595.05,MIA,172.02789927365316,1,0,6.0
40.3,52180,AGENT,234.741,3594.5,MIA,172.02789927365316,1,0,6.0
40.4,52180,AGENT,234.656,3593.95,MIA,172.02789927365316,1,0,6.0
40.5,52180,AGENT,234.582,3593.39,MIA,172.02789927365316,1,0,6.0
40.6,52180,AGENT,234.522,3592.84,MIA,172.02789927365316,1,0,6.0
40.7,52180,AGENT,234.476,3592.28,MIA,172.02789927365316,1,0,6.0
40.8,52180,AGENT,234.444,3591.72,MIA,172.02789927365316,1,0,6.0
40.9,52180,AGENT,234.429,3591.17,MIA,172.02789927365316,1,0,6.0
