TIMESTAMP,TRACK_ID,OBJECT_TYPE,X,Y,CITY_NAME,REF_xmin,AUGMENT_TYPE,AUGMENT_DIRECTION,ATTACK_POWER_TYPE
18.0,52180,AGENT,-274.934,3970.45,MIA,-306.420543897981,1,0,10.0
18.1,52180,AGENT,-275.44,3970.44,MIA,-306.420543897981,1,0,10.0
18.2,52180,AGENT,-275.948,3970.42,MIA,-306.420543897981,1,0,10.0
18.3,52180,AGENT,-276.456,3970.41,MIA,-306.420543897981,1,0,10.0
18.4,52180,AGENT,-276.964,3970.39,MIA,-306.420543897981,1,0,10.0
18.5,52180,AGENT,-277.472,3970.37,MIA,-306.420543897981,1,0,10.0
18.6,52180,AGENT,-277.978,3970.36,MIA,-306.420543897981,1,0,10.0
18.7,52180,AGENT,-278.482,3970.34,MIA,-306.420543897981,1,0,10.0
18.8,52180,AGENT,-278.98,3970.33,MIA,-306.420543897981,1,0,10.0
18.9,52180,AGENT,-279.474,3970.31,MIA,-306.420543897981,1,0,10.0
19.0,52180,AGENT,-279.967,3970.29,MIA,-306.420543897981,1,0,10.0
19.1,52180,AGENT,-280.458,3970.28,MIA,-306.420543897981,1,0,10.0
19.2,52180,AGENT,-280.947,3970.26,MIA,-306.420543897981,1,0,10.0
19.3,52180,AGENT,-281.43,3970.24,MIA,-306.420543897981,1,0,10.0
19.4,52180,AGENT,-281.904,3970.22,MIA,-306.420543897981,1,0,10.0
19.5,52180,AGENT,-282.371,3970.21,MIA,-306.420543897981,1,0,10.0
19.6,52180,AGENT,-282.834,3970.19,MIA,-306.420543897981,1,0,10.0
19.7,52180,AGENT,-283.286,3970.17,MIA,-306.420543897981,1,0,10.0
19.8,52180,AGENT,-283.733,3970.15,MIA,-306.420543897981,1,0,10.0
19.9,52180,AGENT,-284.174,3970.13,MIA,-306.420543897981,1,0,10.0
20.0,52180,AGENT,-284.606,3970.12,MIA,-306.420543897981,1,0,10.0
20.1,52180,AGENT,-285.032,3970.1,MIA,-306.420543897981,1,0,10.0
20.2,52180,AGENT,-285.456,3970.08,MIA,-306.420543897981,1,0,10.0
20.3,52180,AGENT,-285.875,3970.06,MIA,-306.420543897981,1,0,10.0
20.4,52180,AGENT,-286.287,3970.04,MIA,-306.420543897981,1,0,10.0
20.5,52180,AGENT,-286.7,3970.02,MIA,-306.420543897981,1,0,10.0
20.6,52180,AGENT,-287.113,3970.01,MIA,-306.420543897981,1,0,10.0
20.7,52180,AGENT,-287.527,3969.99,MIA,-306.420543897981,1,0,10.0
20.8,52180,AGENT,-287.943,3969.97,MIA,-306.420543897981,1,0,10.0
20.9,52180,AGENT,-288.358,3969.95,MIA,-306.420543897981,1,0,10.0
21.0,52180,AGENT,-288.772,3969.93,MIA,-306.420543897981,1,0,10.0
21.1,52180,AGENT,-289.183,3969.91,MIA,-306.420543897981,1,0,10.0
21.2,52180,AGENT,-289.594,3969.89,MIA,-306.420543897981,1,0,10.0
21.3,52180,AGENT,-290.002,3969.87,MIA,-306.420543897981,1,0,10.0
21.4,52180,AGENT,-290.411,3969.85,MIA,-306.420543897981,1,0,10.0
21.5,52180,AGENT,-290.821,3969.83,MIA,-306.420543897981,1,0,10.0
21.6,52180,AGENT,-291.231,3969.82,MIA,-306.420543897981,1,0,10.0
21.7,52180,AGENT,-291.64,3969.81,MIA,-306.420543897981,1,0,10.0
21.8,52180,AGENT,-292.048,3969.79,MIA,-306.420543897981,1,0,10.0
21.9,52180,AGENT,-292.454,3969.78,MIA,-306.420543897981,1,0,10.0
22.0,52180,AGENT,-292.859,3969.78,MIA,-306.420543897981,1,0,10.0
22.1,52180,AGENT,-293.263,3969.77,MIA,-306.420543897981,1,0,10.0
22.2,52180,AGENT,-293.665,3969.78,MIA,-306.420543897981,1,0,10.0
22.3,52180,AGENT,-294.066,3969.78,MIA,-306.420543897981,1,0,10.0
22.4,52180,AGENT,-294.465,3969.79,MIA,-306.420543897981,1,0,10.0
22.5,52180,AGENT,-294.864,3969.8,MIA,-306.420543897981,1,0,10.0
22.6,52180,AGENT,-295.263,3969.83,MIA,-306.420543897981,1,0,10.0
22.7,52180,AGENT,-295.66,3969.85,MIA,-306.420543897981,1,0,10.0
22.8,52180,AGENT,-296.054,3969.88,MIA,-306.420543897981,1,0,10.0
22.9,52180,AGENT,-296.446,3969.92,MIA,-306.420543897981,1,0,10.0
