TIMESTAMP,TRACK_ID,OBJECT_TYPE,X,Y,CITY_NAME,REF_xmin,AUGMENT_TYPE,AUGMENT_DIRECTION,ATTACK_POWER_TYPE
8.0,52180,AGENT,1536.1,88.5043,PIT,1484.458180470625,0,1,10.0
8.1,52180,AGENT,1535.61,87.8641,PIT,1484.458180470625,0,1,10.0
8.2,52180,AGENT,1535.14,87.2185,PIT,1484.458180470625,0,1,10.0
8.3,52180,AGENT,1534.67,86.5676,PIT,1484.458180470625,0,1,10.0
8.4,52180,AGENT,1534.21,85.9115,PIT,1484.458180470625,0,1,10.0
8.5,52180,AGENT,1533.76,85.2504,PIT,1484.458180470625,0,1,10.0
8.6,52180,AGENT,1533.32,84.5844,PIT,1484.458180470625,0,1,10.0
8.7,52180,AGENT,1532.88,83.9137,PIT,1484.458180470625,0,1,10.0
8.8,52180,AGENT,1532.45,83.2342,PIT,1484.458180470625,0,1,10.0
8.9,52180,AGENT,1532.03,82.5464,PIT,1484.458180470625,0,1,10.0
9.0,52180,AGENT,1531.61,81.8547,PIT,1484.458180470625,0,1,10.0
9.1,52180,AGENT,1531.2,81.1593,PIT,1484.458180470625,0,1,10.0
9.2,52180,AGENT,1530.79,80.4606,PIT,1484.458180470625,0,1,10.0
9.3,52180,AGENT,1530.4,79.7588,PIT,1484.458180470625,0,1,10.0
9.4,52180,AGENT,1530.0,79.0541,PIT,1484.458180470625,0,1,10.0
9.5,52180,AGENT,1529.61,78.3468,PIT,1484.458180470625,0,1,10.0
9.6,52180,AGENT,1529.23,77.6371,PIT,1484.458180470625,0,1,10.0
9.7,52180,AGENT,1528.85,76.9253,PIT,1484.458180470625,0,1,10.0
9.8,52180,AGENT,1528.48,76.2115,PIT,1484.458180470625,0,1,10.0
9.9,52180,AGENT,1528.1,75.4959,PIT,1484.458180470625,0,1,10.0
10.0,52180,AGENT,1527.73,74.7788,PIT,1484.458180470625,0,1,10.0
10.1,52180,AGENT,1527.37,74.0602,PIT,1484.458180470625,0,1,10.0
10.2,52180,AGENT,1527.0,73.3405,PIT,1484.458180470625,0,1,10.0
10.3,52180,AGENT,1526.64,72.6196,PIT,1484.458180470625,0,1,10.0
10.4,52180,AGENT,1526.28,71.8978,PIT,1484.458180470625,0,1,10.0
10.5,52180,AGENT,1525.93,71.1752,PIT,1484.458180470625,0,1,10.0
10.6,52180,AGENT,1525.57,70.4518,PIT,1484.458180470625,0,1,10.0
10.7,52180,AGENT,1525.21,69.7279,PIT,1484.458180470625,0,1,10.0
10.8,52180,AGENT,1524.86,69.0035,PIT,1484.458180470625,0,1,10.0
10.9,52180,AGENT,1524.51,68.2787,PIT,1484.458180470625,0,1,10.0
11.0,52180,AGENT,1524.16,67.5535,PIT,1484.458180470625,0,1,10.0
11.1,52180,AGENT,1523.8,66.8281,PIT,1484.458180470625,0,1,10.0
11.2,52180,AGENT,1523.45,66.1026,PIT,1484.458180470625,0,1,10.0
11.3,52180,AGENT,1523.1,65.3769,PIT,1484.458180470625,0,1,10.0
11.4,52180,AGENT,1522.75,64.6511,PIT,1484.458180470625,0,1,10.0
11.5,52180,AGENT,1522.4,63.9252,PIT,1484.458180470625,0,1,10.0
11.6,52180,AGENT,1522.05,63.1994,PIT,1484.458180470625,0,1,10.0
11.7,52180,AGENT,1521.7,62.4736,PIT,1484.458180470625,0,1,10.0
11.8,52180,AGENT,1521.34,61.7479,PIT,1484.458180470625,0,1,10.0
11.9,52180,AGENT,1520.99,61.0222,PIT,1484.458180470625,0,1,10.0
12.0,52180,AGENT,1520.64,60.2966,PIT,1484.458180470625,0,1,10.0
12.1,52180,AGENT,1520.29,59.5712,PIT,1484.458180470625,0,1,10.0
12.2,52180,AGENT,1519.94,58.8459,PIT,1484.458180470625,0,1,10.0
12.3,52180,AGENT,1519.59,58.1207,PIT,1484.458180470625,0,1,10.0
12.4,52180,AGENT,1519.23,57.3956,PIT,1484.458180470625,0,1,10.0
12.5,52180,AGENT,1518.88,56.6707,PIT,1484.458180470625,0,1,10.0
12.6,52180,AGENT,1518.53,55.9459,PIT,1484.458180470625,0,1,10.0
12.7,52180,AGENT,1518.17,55.2213,PIT,1484.458180470625,0,1,10.0
12.8,52180,AGENT,1517.82,54.4968,PIT,1484.458180470625,0,1,10.0
12.9,52180,AGENT,1517.47,53.7724,PIT,1484.458180470625,0,1,10.0
