TIMESTAMP,TRACK_ID,OBJECT_TYPE,X,Y,CITY_NAME,REF_xmin,AUGMENT_TYPE,AUGMENT_DIRECTION,ATTACK_POWER_TYPE
8.0,52180,AGENT,2973.98,1653.48,PIT,2901.6690289870603,1,1,1.0
8.1,52180,AGENT,2974.4,1653.04,PIT,2901.6690289870603,1,1,1.0
8.2,52180,AGENT,2974.82,1652.61,PIT,2901.6690289870603,1,1,1.0
8.3,52180,AGENT,2975.23,1652.17,PIT,2901.6690289870603,1,1,1.0
8.4,52180,AGENT,2975.65,1651.73,PIT,2901.6690289870603,1,1,1.0
8.5,52180,AGENT,2976.07,1651.29,PIT,2901.6690289870603,1,1,1.0
8.6,52180,AGENT,2976.49,1650.86,PIT,2901.6690289870603,1,1,1.0
8.7,52180,AGENT,2976.9,1650.42,PIT,2901.6690289870603,1,1,1.0
8.8,52180,AGENT,2977.32,1649.98,PIT,2901.6690289870603,1,1,1.0
8.9,52180,AGENT,2977.73,1649.54,PIT,2901.6690289870603,1,1,1.0
9.0,52180,AGENT,2978.15,1649.1,PIT,2901.6690289870603,1,1,1.0
9.1,52180,AGENT,2978.56,1648.66,PIT,2901.6690289870603,1,1,1.0
9.2,52180,AGENT,2978.98,1648.22,PIT,2901.6690289870603,1,1,1.0
9.3,52180,AGENT,2979.39,1647.78,PIT,2901.6690289870603,1,1,1.0
9.4,52180,AGENT,2979.8,1647.34,PIT,2901.6690289870603,1,1,1.0
9.5,52180,AGENT,2980.22,1646.9,PIT,2901.6690289870603,1,1,1.0
9.6,52180,AGENT,2980.63,1646.46,PIT,2901.6690289870603,1,1,1.0
9.7,52180,AGENT,2981.04,1646.01,PIT,2901.6690289870603,1,1,1.0
9.8,52180,AGENT,2981.45,1645.57,PIT,2901.6690289870603,1,1,1.0
9.9,52180,AGENT,2981.86,1645.13,PIT,2901.6690289870603,1,1,1.0
10.0,52180,AGENT,2982.28,1644.69,PIT,2901.6690289870603,1,1,1.0
10.1,52180,AGENT,2982.69,1644.24,PIT,2901.6690289870603,1,1,1.0
10.2,52180,AGENT,2983.1,1643.8,PIT,2901.6690289870603,1,1,1.0
10.3,52180,AGENT,2983.51,1643.36,PIT,2901.6690289870603,1,1,1.0
10.4,52180,AGENT,2983.92,1642.91,PIT,2901.6690289870603,1,1,1.0
10.5,52180,AGENT,2984.33,1642.47,PIT,2901.6690289870603,1,1,1.0
10.6,52180,AGENT,2984.74,1642.02,PIT,2901.6690289870603,1,1,1.0
10.7,52180,AGENT,2985.15,1641.58,PIT,2901.6690289870603,1,1,1.0
10.8,52180,AGENT,2985.56,1641.14,PIT,2901.6690289870603,1,1,1.0
10.9,52180,AGENT,2985.97,1640.69,PIT,2901.6690289870603,1,1,1.0
11.0,52180,AGENT,2986.38,1640.25,PIT,2901.6690289870603,1,1,1.0
11.1,52180,AGENT,2986.79,1639.8,PIT,2901.6690289870603,1,1,1.0
11.2,52180,AGENT,2987.2,1639.36,PIT,2901.6690289870603,1,1,1.0
11.3,52180,AGENT,2987.61,1638.92,PIT,2901.6690289870603,1,1,1.0
11.4,52180,AGENT,2988.02,1638.47,PIT,2901.6690289870603,1,1,1.0
11.5,52180,AGENT,2988.43,1638.03,PIT,2901.6690289870603,1,1,1.0
11.6,52180,AGENT,2988.84,1637.58,PIT,2901.6690289870603,1,1,1.0
11.7,52180,AGENT,2989.25,1637.14,PIT,2901.6690289870603,1,1,1.0
11.8,52180,AGENT,2989.66,1636.69,PIT,2901.6690289870603,1,1,1.0
11.9,52180,AGENT,2990.07,1636.25,PIT,2901.6690289870603,1,1,1.0
12.0,52180,AGENT,2990.48,1635.8,PIT,2901.6690289870603,1,1,1.0
12.1,52180,AGENT,2990.89,1635.36,PIT,2901.6690289870603,1,1,1.0
12.2,52180,AGENT,2991.3,1634.92,PIT,2901.6690289870603,1,1,1.0
12.3,52180,AGENT,2991.7,1634.47,PIT,2901.6690289870603,1,1,1.0
12.4,52180,AGENT,2992.11,1634.03,PIT,2901.6690289870603,1,1,1.0
12.5,52180,AGENT,2992.52,1633.58,PIT,2901.6690289870603,1,1,1.0
12.6,52180,AGENT,2992.93,1633.14,PIT,2901.6690289870603,1,1,1.0
12.7,52180,AGENT,2993.34,1632.69,PIT,2901.6690289870603,1,1,1.0
12.8,52180,AGENT,2993.75,1632.25,PIT,2901.6690289870603,1,1,1.0
12.9,52180,AGENT,2994.16,1631.81,PIT,2901.6690289870603,1,1,1.0
