TIMESTAMP,TRACK_ID,OBJECT_TYPE,X,Y,CITY_NAME,REF_xmin,AUGMENT_TYPE,AUGMENT_DIRECTION,ATTACK_POWER_TYPE
8.0,52180,AGENT,-351.479,2305.27,MIA,-389.9838654120104,1,0,9.0
8.1,52180,AGENT,-350.96,2305.29,MIA,-389.9838654120104,1,0,9.0
8.2,52180,AGENT,-350.446,2305.3,MIA,-389.9838654120104,1,0,9.0
8.3,52180,AGENT,-349.935,2305.32,MIA,-389.9838654120104,1,0,9.0
8.4,52180,AGENT,-349.426,2305.35,MIA,-389.9838654120104,1,0,9.0
8.5,52180,AGENT,-348.914,2305.38,MIA,-389.9838654120104,1,0,9.0
8.6,52180,AGENT,-348.402,2305.41,MIA,-389.9838654120104,1,0,9.0
8.7,52180,AGENT,-347.891,2305.46,MIA,-389.9838654120104,1,0,9.0
8.8,52180,AGENT,-347.38,2305.51,MIA,-389.9838654120104,1,0,9.0
8.9,52180,AGENT,-346.876,2305.57,MIA,-389.9838654120104,1,0,9.0
9.0,52180,AGENT,-346.381,2305.63,MIA,-389.9838654120104,1,0,9.0
9.1,52180,AGENT,-345.894,2305.7,MIA,-389.9838654120104,1,0,9.0
9.2,52180,AGENT,-345.412,2305.78,MIA,-389.9838654120104,1,0,9.0
9.3,52180,AGENT,-344.937,2305.86,MIA,-389.9838654120104,1,0,9.0
9.4,52180,AGENT,-344.469,2305.96,MIA,-389.9838654120104,1,0,9.0
9.5,52180,AGENT,-344.006,2306.06,MIA,-389.9838654120104,1,0,9.0
9.6,52180,AGENT,-343.552,2306.18,MIA,-389.9838654120104,1,0,9.0
9.7,52180,AGENT,-343.106,2306.3,MIA,-389.9838654120104,1,0,9.0
9.8,52180,AGENT,-342.661,2306.44,MIA,-389.9838654120104,1,0,9.0
9.9,52180,AGENT,-342.214,2306.6,MIA,-389.9838654120104,1,0,9.0
10.0,52180,AGENT,-341.764,2306.78,MIA,-389.9838654120104,1,0,9.0
10.1,52180,AGENT,-341.318,2306.98,MIA,-389.9838654120104,1,0,9.0
10.2,52180,AGENT,-340.876,2307.19,MIA,-389.9838654120104,1,0,9.0
10.3,52180,AGENT,-340.441,2307.41,MIA,-389.9838654120104,1,0,9.0
10.4,52180,AGENT,-340.011,2307.64,MIA,-389.9838654120104,1,0,9.0
10.5,52180,AGENT,-339.587,2307.88,MIA,-389.9838654120104,1,0,9.0
10.6,52180,AGENT,-339.169,2308.13,MIA,-389.9838654120104,1,0,9.0
10.7,52180,AGENT,-338.754,2308.39,MIA,-389.9838654120104,1,0,9.0
10.8,52180,AGENT,-338.338,2308.66,MIA,-389.9838654120104,1,0,9.0
10.9,52180,AGENT,-337.92,2308.93,MIA,-389.9838654120104,1,0,9.0
11.0,52180,AGENT,-337.499,2309.22,MIA,-389.9838654120104,1,0,9.0
11.1,52180,AGENT,-337.073,2309.51,MIA,-389.9838654120104,1,0,9.0
11.2,52180,AGENT,-336.645,2309.81,MIA,-389.9838654120104,1,0,9.0
11.3,52180,AGENT,-336.219,2310.11,MIA,-389.9838654120104,1,0,9.0
11.4,52180,AGENT,-335.795,2310.4,MIA,-389.9838654120104,1,0,9.0
11.5,52180,AGENT,-335.375,2310.7,MIA,-389.9838654120104,1,0,9.0
11.6,52180,AGENT,-334.962,2310.99,MIA,-389.9838654120104,1,0,9.0
11.7,52180,AGENT,-334.557,2311.28,MIA,-389.9838654120104,1,0,9.0
11.8,52180,AGENT,-334.157,2311.55,MIA,-389.9838654120104,1,0,9.0
11.9,52180,AGENT,-333.758,2311.83,MIA,-389.9838654120104,1,0,9.0
12.0,52180,AGENT,-333.355,2312.09,MIA,-389.9838654120104,1,0,9.0
12.1,52180,AGENT,-332.946,2312.35,MIA,-389.9838654120104,1,0,9.0
12.2,52180,AGENT,-332.534,2312.6,MIA,-389.9838654120104,1,0,9.0
12.3,52180,AGENT,-332.119,2312.85,MIA,-389.9838654120104,1,0,9.0
12.4,52180,AGENT,-331.701,2313.08,MIA,-389.9838654120104,1,0,9.0
12.5,52180,AGENT,-331.28,2313.3,MIA,-389.9838654120104,1,0,9.0
12.6,52180,AGENT,-330.855,2313.51,MIA,-389.9838654120104,1,0,9.0
12.7,52180,AGENT,-330.427,2313.71,MIA,-389.9838654120104,1,0,9.0
12.8,52180,AGENT,-329.996,2313.89,MIA,-389.9838654120104,1,0,9.0
12.9,52180,AGENT,-329.561,2314.07,MIA,-389.9838654120104,1,0,9.0
