TIMESTAMP,TRACK_ID,OBJECT_TYPE,X,Y,CITY_NAME,REF_xmin,AUGMENT_TYPE,AUGMENT_DIRECTION,ATTACK_POWER_TYPE
6.0,52180,AGENT,318.468,3377.3,MIA,289.7333693718383,0,0,4.0
6.1,52180,AGENT,317.904,3377.43,MIA,289.7333693718383,0,0,4.0
6.2,52180,AGENT,317.341,3377.55,MIA,289.7333693718383,0,0,4.0
6.3,52180,AGENT,316.779,3377.67,MIA,289.7333693718383,0,0,4.0
6.4,52180,AGENT,316.223,3377.79,MIA,289.7333693718383,0,0,4.0
6.5,52180,AGENT,315.676,3377.91,MIA,289.7333693718383,0,0,4.0
6.6,52180,AGENT,315.138,3378.03,MIA,289.7333693718383,0,0,4.0
6.7,52180,AGENT,314.609,3378.14,MIA,289.7333693718383,0,0,4.0
6.8,52180,AGENT,314.09,3378.25,MIA,289.7333693718383,0,0,4.0
6.9,52180,AGENT,313.579,3378.36,MIA,289.7333693718383,0,0,4.0
7.0,52180,AGENT,313.073,3378.47,MIA,289.7333693718383,0,0,4.0
7.1,52180,AGENT,312.565,3378.58,MIA,289.7333693718383,0,0,4.0
7.2,52180,AGENT,312.056,3378.68,MIA,289.7333693718383,0,0,4.0
7.3,52180,AGENT,311.545,3378.79,MIA,289.7333693718383,0,0,4.0
7.4,52180,AGENT,311.033,3378.89,MIA,289.7333693718383,0,0,4.0
7.5,52180,AGENT,310.519,3379.0,MIA,289.7333693718383,0,0,4.0
7.6,52180,AGENT,310.004,3379.1,MIA,289.7333693718383,0,0,4.0
7.7,52180,AGENT,309.486,3379.21,MIA,289.7333693718383,0,0,4.0
7.8,52180,AGENT,308.967,3379.31,MIA,289.7333693718383,0,0,4.0
7.9,52180,AGENT,308.445,3379.41,MIA,289.7333693718383,0,0,4.0
8.0,52180,AGENT,307.921,3379.51,MIA,289.7333693718383,0,0,4.0
8.1,52180,AGENT,307.397,3379.61,MIA,289.7333693718383,0,0,4.0
8.2,52180,AGENT,306.873,3379.71,MIA,289.7333693718383,0,0,4.0
8.3,52180,AGENT,306.35,3379.81,MIA,289.7333693718383,0,0,4.0
8.4,52180,AGENT,305.827,3379.91,MIA,289.7333693718383,0,0,4.0
8.5,52180,AGENT,305.305,3380.01,MIA,289.7333693718383,0,0,4.0
8.6,52180,AGENT,304.783,3380.11,MIA,289.7333693718383,0,0,4.0
8.7,52180,AGENT,304.261,3380.21,MIA,289.7333693718383,0,0,4.0
8.8,52180,AGENT,303.739,3380.31,MIA,289.7333693718383,0,0,4.0
8.9,52180,AGENT,303.217,3380.41,MIA,289.7333693718383,0,0,4.0
9.0,52180,AGENT,302.696,3380.51,MIA,289.7333693718383,0,0,4.0
9.1,52180,AGENT,302.174,3380.61,MIA,289.7333693718383,0,0,4.0
9.2,52180,AGENT,301.654,3380.71,MIA,289.7333693718383,0,0,4.0
9.3,52180,AGENT,301.134,3380.82,MIA,289.7333693718383,0,0,4.0
9.4,52180,AGENT,300.616,3380.94,MIA,289.7333693718383,0,0,4.0
9.5,52180,AGENT,300.103,3381.05,MIA,289.7333693718383,0,0,4.0
9.6,52180,AGENT,299.598,3381.17,MIA,289.7333693718383,0,0,4.0
9.7,52180,AGENT,299.103,3381.29,MIA,289.7333693718383,0,0,4.0
9.8,52180,AGENT,298.617,3381.41,MIA,289.7333693718383,0,0,4.0
9.9,52180,AGENT,298.141,3381.54,MIA,289.7333693718383,0,0,4.0
10.0,52180,AGENT,297.676,3381.67,MIA,289.7333693718383,0,0,4.0
10.1,52180,AGENT,297.222,3381.8,MIA,289.7333693718383,0,0,4.0
10.2,52180,AGENT,296.779,3381.94,MIA,289.7333693718383,0,0,4.0
10.3,52180,AGENT,296.349,3382.08,MIA,289.7333693718383,0,0,4.0
10.4,52180,AGENT,295.929,3382.24,MIA,289.7333693718383,0,0,4.0
10.5,52180,AGENT,295.519,3382.4,MIA,289.7333693718383,0,0,4.0
10.6,52180,AGENT,295.118,3382.58,MIA,289.7333693718383,0,0,4.0
10.7,52180,AGENT,294.729,3382.78,MIA,289.7333693718383,0,0,4.0
10.8,52180,AGENT,294.352,3382.98,MIA,289.7333693718383,0,0,4.0
10.9,52180,AGENT,293.988,3383.2,MIA,289.7333693718383,0,0,4.0
