TIMESTAMP,TRACK_ID,OBJECT_TYPE,X,Y,CITY_NAME,REF_xmin,AUGMENT_TYPE,AUGMENT_DIRECTION,ATTACK_POWER_TYPE
6.0,52180,AGENT,578.401,2402.41,MIA,562.103072139842,1,1,2.0
6.1,52180,AGENT,577.841,2402.41,MIA,562.103072139842,1,1,2.0
6.2,52180,AGENT,577.28,2402.41,MIA,562.103072139842,1,1,2.0
6.3,52180,AGENT,576.72,2402.41,MIA,562.103072139842,1,1,2.0
6.4,52180,AGENT,576.159,2402.4,MIA,562.103072139842,1,1,2.0
6.5,52180,AGENT,575.598,2402.39,MIA,562.103072139842,1,1,2.0
6.6,52180,AGENT,575.038,2402.37,MIA,562.103072139842,1,1,2.0
6.7,52180,AGENT,574.478,2402.34,MIA,562.103072139842,1,1,2.0
6.8,52180,AGENT,573.92,2402.31,MIA,562.103072139842,1,1,2.0
6.9,52180,AGENT,573.367,2402.27,MIA,562.103072139842,1,1,2.0
7.0,52180,AGENT,572.823,2402.22,MIA,562.103072139842,1,1,2.0
7.1,52180,AGENT,572.289,2402.17,MIA,562.103072139842,1,1,2.0
7.2,52180,AGENT,571.764,2402.11,MIA,562.103072139842,1,1,2.0
7.3,52180,AGENT,571.249,2402.04,MIA,562.103072139842,1,1,2.0
7.4,52180,AGENT,570.746,2401.97,MIA,562.103072139842,1,1,2.0
7.5,52180,AGENT,570.254,2401.89,MIA,562.103072139842,1,1,2.0
7.6,52180,AGENT,569.776,2401.8,MIA,562.103072139842,1,1,2.0
7.7,52180,AGENT,569.307,2401.69,MIA,562.103072139842,1,1,2.0
7.8,52180,AGENT,568.848,2401.57,MIA,562.103072139842,1,1,2.0
7.9,52180,AGENT,568.402,2401.43,MIA,562.103072139842,1,1,2.0
8.0,52180,AGENT,567.969,2401.29,MIA,562.103072139842,1,1,2.0
8.1,52180,AGENT,567.55,2401.13,MIA,562.103072139842,1,1,2.0
8.2,52180,AGENT,567.145,2400.95,MIA,562.103072139842,1,1,2.0
8.3,52180,AGENT,566.753,2400.76,MIA,562.103072139842,1,1,2.0
8.4,52180,AGENT,566.375,2400.54,MIA,562.103072139842,1,1,2.0
8.5,52180,AGENT,566.013,2400.31,MIA,562.103072139842,1,1,2.0
8.6,52180,AGENT,565.667,2400.07,MIA,562.103072139842,1,1,2.0
8.7,52180,AGENT,565.337,2399.81,MIA,562.103072139842,1,1,2.0
8.8,52180,AGENT,565.024,2399.54,MIA,562.103072139842,1,1,2.0
8.9,52180,AGENT,564.727,2399.25,MIA,562.103072139842,1,1,2.0
9.0,52180,AGENT,564.447,2398.94,MIA,562.103072139842,1,1,2.0
9.1,52180,AGENT,564.184,2398.62,MIA,562.103072139842,1,1,2.0
9.2,52180,AGENT,563.937,2398.27,MIA,562.103072139842,1,1,2.0
9.3,52180,AGENT,563.708,2397.9,MIA,562.103072139842,1,1,2.0
9.4,52180,AGENT,563.495,2397.52,MIA,562.103072139842,1,1,2.0
9.5,52180,AGENT,563.298,2397.12,MIA,562.103072139842,1,1,2.0
9.6,52180,AGENT,563.118,2396.71,MIA,562.103072139842,1,1,2.0
9.7,52180,AGENT,562.953,2396.28,MIA,562.103072139842,1,1,2.0
9.8,52180,AGENT,562.804,2395.84,MIA,562.103072139842,1,1,2.0
9.9,52180,AGENT,562.67,2395.38,MIA,562.103072139842,1,1,2.0
10.0,52180,AGENT,562.549,2394.91,MIA,562.103072139842,1,1,2.0
10.1,52180,AGENT,562.442,2394.43,MIA,562.103072139842,1,1,2.0
10.2,52180,AGENT,562.349,2393.94,MIA,562.103072139842,1,1,2.0
10.3,52180,AGENT,562.267,2393.43,MIA,562.103072139842,1,1,2.0
10.4,52180,AGENT,562.197,2392.91,MIA,562.103072139842,1,1,2.0
10.5,52180,AGENT,562.138,2392.38,MIA,562.103072139842,1,1,2.0
10.6,52180,AGENT,562.09,2391.84,MIA,562.103072139842,1,1,2.0
10.7,52180,AGENT,562.051,2391.29,MIA,562.103072139842,1,1,2.0
10.8,52180,AGENT,562.02,2390.73,MIA,562.103072139842,1,1,2.0
10.9,52180,AGENT,561.998,2390.15,MIA,562.103072139842,1,1,2.0
