TIMESTAMP,TRACK_ID,OBJECT_TYPE,X,Y,CITY_NAME,REF_xmin,AUGMENT_TYPE,AUGMENT_DIRECTION,ATTACK_POWER_TYPE
0.0,52180,AGENT,-448.18,3241.53,MIA,-491.16612410490376,1,1,10.0
0.1,52180,AGENT,-448.779,3241.5,MIA,-491.16612410490376,1,1,10.0
0.2,52180,AGENT,-449.379,3241.47,MIA,-491.16612410490376,1,1,10.0
0.3,52180,AGENT,-449.978,3241.45,MIA,-491.16612410490376,1,1,10.0
0.4,52180,AGENT,-450.577,3241.42,MIA,-491.16612410490376,1,1,10.0
0.5,52180,AGENT,-451.177,3241.39,MIA,-491.16612410490376,1,1,10.0
0.6,52180,AGENT,-451.776,3241.37,MIA,-491.16612410490376,1,1,10.0
0.7,52180,AGENT,-452.376,3241.34,MIA,-491.16612410490376,1,1,10.0
0.8,52180,AGENT,-452.975,3241.31,MIA,-491.16612410490376,1,1,10.0
0.9,52180,AGENT,-453.574,3241.29,MIA,-491.16612410490376,1,1,10.0
1.0,52180,AGENT,-454.174,3241.26,MIA,-491.16612410490376,1,1,10.0
1.1,52180,AGENT,-454.773,3241.23,MIA,-491.16612410490376,1,1,10.0
1.2,52180,AGENT,-455.373,3241.21,MIA,-491.16612410490376,1,1,10.0
1.3,52180,AGENT,-455.972,3241.18,MIA,-491.16612410490376,1,1,10.0
1.4,52180,AGENT,-456.571,3241.15,MIA,-491.16612410490376,1,1,10.0
1.5,52180,AGENT,-457.171,3241.13,MIA,-491.16612410490376,1,1,10.0
1.6,52180,AGENT,-457.77,3241.1,MIA,-491.16612410490376,1,1,10.0
1.7,52180,AGENT,-458.37,3241.07,MIA,-491.16612410490376,1,1,10.0
1.8,52180,AGENT,-458.969,3241.04,MIA,-491.16612410490376,1,1,10.0
1.9,52180,AGENT,-459.568,3241.02,MIA,-491.16612410490376,1,1,10.0
2.0,52180,AGENT,-460.168,3240.99,MIA,-491.16612410490376,1,1,10.0
2.1,52180,AGENT,-460.767,3240.96,MIA,-491.16612410490376,1,1,10.0
2.2,52180,AGENT,-461.366,3240.94,MIA,-491.16612410490376,1,1,10.0
2.3,52180,AGENT,-461.966,3240.91,MIA,-491.16612410490376,1,1,10.0
2.4,52180,AGENT,-462.565,3240.88,MIA,-491.16612410490376,1,1,10.0
2.5,52180,AGENT,-463.165,3240.86,MIA,-491.16612410490376,1,1,10.0
2.6,52180,AGENT,-463.764,3240.83,MIA,-491.16612410490376,1,1,10.0
2.7,52180,AGENT,-464.363,3240.8,MIA,-491.16612410490376,1,1,10.0
2.8,52180,AGENT,-464.963,3240.77,MIA,-491.16612410490376,1,1,10.0
2.9,52180,AGENT,-465.562,3240.75,MIA,-491.16612410490376,1,1,10.0
3.0,52180,AGENT,-466.162,3240.72,MIA,-491.16612410490376,1,1,10.0
3.1,52180,AGENT,-466.761,3240.7,MIA,-491.16612410490376,1,1,10.0
3.2,52180,AGENT,-467.361,3240.67,MIA,-491.16612410490376,1,1,10.0
3.3,52180,AGENT,-467.96,3240.64,MIA,-491.16612410490376,1,1,10.0
3.4,52180,AGENT,-468.559,3240.62,MIA,-491.16612410490376,1,1,10.0
3.5,52180,AGENT,-469.159,3240.59,MIA,-491.16612410490376,1,1,10.0
3.6,52180,AGENT,-469.758,3240.57,MIA,-491.16612410490376,1,1,10.0
3.7,52180,AGENT,-470.358,3240.54,MIA,-491.16612410490376,1,1,10.0
3.8,52180,AGENT,-470.957,3240.52,MIA,-491.16612410490376,1,1,10.0
3.9,52180,AGENT,-471.557,3240.49,MIA,-491.16612410490376,1,1,10.0
4.0,52180,AGENT,-472.156,3240.47,MIA,-491.16612410490376,1,1,10.0
4.1,52180,AGENT,-472.756,3240.44,MIA,-491.16612410490376,1,1,10.0
4.2,52180,AGENT,-473.355,3240.42,MIA,-491.16612410490376,1,1,10.0
4.3,52180,AGENT,-473.955,3240.39,MIA,-491.16612410490376,1,1,10.0
4.4,52180,AGENT,-474.554,3240.37,MIA,-491.16612410490376,1,1,10.0
4.5,52180,AGENT,-475.154,3240.35,MIA,-491.16612410490376,1,1,10.0
4.6,52180,AGENT,-475.753,3240.32,MIA,-491.16612410490376,1,1,10.0
4.7,52180,AGENT,-476.353,3240.3,MIA,-491.16612410490376,1,1,10.0
4.8,52180,AGENT,-476.952,3240.27,MIA,-491.16612410490376,1,1,10.0
4.9,52180,AGENT,-477.552,3240.25,MIA,-491.16612410490376,1,1,10.0
