TIMESTAMP,TRACK_ID,OBJECT_TYPE,X,Y,CITY_NAME,REF_xmin,AUGMENT_TYPE,AUGMENT_DIRECTION,ATTACK_POWER_TYPE
16.0,52180,AGENT,977.957,50.8372,PIT,914.0940931037768,0,0,9.0
16.1,52180,AGENT,978.556,51.6104,PIT,914.0940931037768,0,0,9.0
16.2,52180,AGENT,979.162,52.3921,PIT,914.0940931037768,0,0,9.0
16.3,52180,AGENT,979.775,53.1825,PIT,914.0940931037768,0,0,9.0
16.4,52180,AGENT,980.394,53.9813,PIT,914.0940931037768,0,0,9.0
16.5,52180,AGENT,981.021,54.7885,PIT,914.0940931037768,0,0,9.0
16.6,52180,AGENT,981.654,55.604,PIT,914.0940931037768,0,0,9.0
16.7,52180,AGENT,982.294,56.4278,PIT,914.0940931037768,0,0,9.0
16.8,52180,AGENT,982.942,57.2599,PIT,914.0940931037768,0,0,9.0
16.9,52180,AGENT,983.596,58.1001,PIT,914.0940931037768,0,0,9.0
17.0,52180,AGENT,984.258,58.9487,PIT,914.0940931037768,0,0,9.0
17.1,52180,AGENT,984.928,59.8061,PIT,914.0940931037768,0,0,9.0
17.2,52180,AGENT,985.606,60.6721,PIT,914.0940931037768,0,0,9.0
17.3,52180,AGENT,986.291,61.5469,PIT,914.0940931037768,0,0,9.0
17.4,52180,AGENT,986.984,62.4303,PIT,914.0940931037768,0,0,9.0
17.5,52180,AGENT,987.684,63.3224,PIT,914.0940931037768,0,0,9.0
17.6,52180,AGENT,988.393,64.2231,PIT,914.0940931037768,0,0,9.0
17.7,52180,AGENT,989.109,65.1326,PIT,914.0940931037768,0,0,9.0
17.8,52180,AGENT,989.832,66.0507,PIT,914.0940931037768,0,0,9.0
17.9,52180,AGENT,990.564,66.9776,PIT,914.0940931037768,0,0,9.0
18.0,52180,AGENT,991.303,67.9132,PIT,914.0940931037768,0,0,9.0
18.1,52180,AGENT,992.049,68.8567,PIT,914.0940931037768,0,0,9.0
18.2,52180,AGENT,992.801,69.8073,PIT,914.0940931037768,0,0,9.0
18.3,52180,AGENT,993.56,70.7651,PIT,914.0940931037768,0,0,9.0
18.4,52180,AGENT,994.325,71.73,PIT,914.0940931037768,0,0,9.0
18.5,52180,AGENT,995.096,72.7021,PIT,914.0940931037768,0,0,9.0
18.6,52180,AGENT,995.873,73.6815,PIT,914.0940931037768,0,0,9.0
18.7,52180,AGENT,996.657,74.668,PIT,914.0940931037768,0,0,9.0
18.8,52180,AGENT,997.447,75.6618,PIT,914.0940931037768,0,0,9.0
18.9,52180,AGENT,998.243,76.6628,PIT,914.0940931037768,0,0,9.0
19.0,52180,AGENT,999.045,77.6712,PIT,914.0940931037768,0,0,9.0
19.1,52180,AGENT,999.853,78.6868,PIT,914.0940931037768,0,0,9.0
19.2,52180,AGENT,1000.66,79.7058,PIT,914.0940931037768,0,0,9.0
19.3,52180,AGENT,1001.48,80.7248,PIT,914.0940931037768,0,0,9.0
19.4,52180,AGENT,1002.29,81.7437,PIT,914.0940931037768,0,0,9.0
19.5,52180,AGENT,1003.1,82.7624,PIT,914.0940931037768,0,0,9.0
19.6,52180,AGENT,1003.91,83.7811,PIT,914.0940931037768,0,0,9.0
19.7,52180,AGENT,1004.72,84.7997,PIT,914.0940931037768,0,0,9.0
19.8,52180,AGENT,1005.53,85.8182,PIT,914.0940931037768,0,0,9.0
19.9,52180,AGENT,1006.35,86.8367,PIT,914.0940931037768,0,0,9.0
20.0,52180,AGENT,1007.16,87.8552,PIT,914.0940931037768,0,0,9.0
20.1,52180,AGENT,1007.97,88.8736,PIT,914.0940931037768,0,0,9.0
20.2,52180,AGENT,1008.78,89.892,PIT,914.0940931037768,0,0,9.0
20.3,52180,AGENT,1009.59,90.9103,PIT,914.0940931037768,0,0,9.0
20.4,52180,AGENT,1010.41,91.9287,PIT,914.0940931037768,0,0,9.0
20.5,52180,AGENT,1011.22,92.947,PIT,914.0940931037768,0,0,9.0
20.6,52180,AGENT,1012.03,93.9653,PIT,914.0940931037768,0,0,9.0
20.7,52180,AGENT,1012.84,94.9837,PIT,914.0940931037768,0,0,9.0
20.8,52180,AGENT,1013.66,96.002,PIT,914.0940931037768,0,0,9.0
20.9,52180,AGENT,1014.47,97.0203,PIT,914.0940931037768,0,0,9.0
