TIMESTAMP,TRACK_ID,OBJECT_TYPE,X,Y,CITY_NAME,REF_xmin,AUGMENT_TYPE,AUGMENT_DIRECTION,ATTACK_POWER_TYPE
14.0,52180,AGENT,-276.504,3715.38,MIA,-297.46998023624786,1,0,5.0
14.1,52180,AGENT,-275.997,3715.39,MIA,-297.46998023624786,1,0,5.0
14.2,52180,AGENT,-275.49,3715.4,MIA,-297.46998023624786,1,0,5.0
14.3,52180,AGENT,-274.982,3715.41,MIA,-297.46998023624786,1,0,5.0
14.4,52180,AGENT,-274.475,3715.42,MIA,-297.46998023624786,1,0,5.0
14.5,52180,AGENT,-273.967,3715.44,MIA,-297.46998023624786,1,0,5.0
14.6,52180,AGENT,-273.459,3715.45,MIA,-297.46998023624786,1,0,5.0
14.7,52180,AGENT,-272.95,3715.46,MIA,-297.46998023624786,1,0,5.0
14.8,52180,AGENT,-272.442,3715.48,MIA,-297.46998023624786,1,0,5.0
14.9,52180,AGENT,-271.933,3715.49,MIA,-297.46998023624786,1,0,5.0
15.0,52180,AGENT,-271.425,3715.51,MIA,-297.46998023624786,1,0,5.0
15.1,52180,AGENT,-270.916,3715.52,MIA,-297.46998023624786,1,0,5.0
15.2,52180,AGENT,-270.407,3715.54,MIA,-297.46998023624786,1,0,5.0
15.3,52180,AGENT,-269.899,3715.55,MIA,-297.46998023624786,1,0,5.0
15.4,52180,AGENT,-269.39,3715.57,MIA,-297.46998023624786,1,0,5.0
15.5,52180,AGENT,-268.882,3715.58,MIA,-297.46998023624786,1,0,5.0
15.6,52180,AGENT,-268.373,3715.6,MIA,-297.46998023624786,1,0,5.0
15.7,52180,AGENT,-267.864,3715.62,MIA,-297.46998023624786,1,0,5.0
15.8,52180,AGENT,-267.355,3715.63,MIA,-297.46998023624786,1,0,5.0
15.9,52180,AGENT,-266.846,3715.65,MIA,-297.46998023624786,1,0,5.0
16.0,52180,AGENT,-266.337,3715.67,MIA,-297.46998023624786,1,0,5.0
16.1,52180,AGENT,-265.827,3715.68,MIA,-297.46998023624786,1,0,5.0
16.2,52180,AGENT,-265.318,3715.7,MIA,-297.46998023624786,1,0,5.0
16.3,52180,AGENT,-264.808,3715.71,MIA,-297.46998023624786,1,0,5.0
16.4,52180,AGENT,-264.297,3715.73,MIA,-297.46998023624786,1,0,5.0
16.5,52180,AGENT,-263.785,3715.74,MIA,-297.46998023624786,1,0,5.0
16.6,52180,AGENT,-263.272,3715.76,MIA,-297.46998023624786,1,0,5.0
16.7,52180,AGENT,-262.758,3715.77,MIA,-297.46998023624786,1,0,5.0
16.8,52180,AGENT,-262.243,3715.79,MIA,-297.46998023624786,1,0,5.0
16.9,52180,AGENT,-261.729,3715.81,MIA,-297.46998023624786,1,0,5.0
17.0,52180,AGENT,-261.216,3715.82,MIA,-297.46998023624786,1,0,5.0
17.1,52180,AGENT,-260.704,3715.84,MIA,-297.46998023624786,1,0,5.0
17.2,52180,AGENT,-260.192,3715.86,MIA,-297.46998023624786,1,0,5.0
17.3,52180,AGENT,-259.684,3715.87,MIA,-297.46998023624786,1,0,5.0
17.4,52180,AGENT,-259.186,3715.89,MIA,-297.46998023624786,1,0,5.0
17.5,52180,AGENT,-258.693,3715.9,MIA,-297.46998023624786,1,0,5.0
17.6,52180,AGENT,-258.201,3715.92,MIA,-297.46998023624786,1,0,5.0
17.7,52180,AGENT,-257.712,3715.94,MIA,-297.46998023624786,1,0,5.0
17.8,52180,AGENT,-257.225,3715.96,MIA,-297.46998023624786,1,0,5.0
17.9,52180,AGENT,-256.74,3715.98,MIA,-297.46998023624786,1,0,5.0
18.0,52180,AGENT,-256.256,3716.01,MIA,-297.46998023624786,1,0,5.0
18.1,52180,AGENT,-255.772,3716.03,MIA,-297.46998023624786,1,0,5.0
18.2,52180,AGENT,-255.289,3716.06,MIA,-297.46998023624786,1,0,5.0
18.3,52180,AGENT,-254.807,3716.1,MIA,-297.46998023624786,1,0,5.0
18.4,52180,AGENT,-254.325,3716.14,MIA,-297.46998023624786,1,0,5.0
18.5,52180,AGENT,-253.845,3716.19,MIA,-297.46998023624786,1,0,5.0
18.6,52180,AGENT,-253.366,3716.24,MIA,-297.46998023624786,1,0,5.0
18.7,52180,AGENT,-252.889,3716.29,MIA,-297.46998023624786,1,0,5.0
18.8,52180,AGENT,-252.414,3716.36,MIA,-297.46998023624786,1,0,5.0
18.9,52180,AGENT,-251.94,3716.43,MIA,-297.46998023624786,1,0,5.0
