TIMESTAMP,TRACK_ID,OBJECT_TYPE,X,Y,CITY_NAME,REF_xmin,AUGMENT_TYPE,AUGMENT_DIRECTION,ATTACK_POWER_TYPE
2.0,52180,AGENT,-258.385,2649.7,MIA,-488.6392865130605,1,1,6.0
2.1,52180,AGENT,-258.411,2650.3,MIA,-488.6392865130605,1,1,6.0
2.2,52180,AGENT,-258.438,2650.9,MIA,-488.6392865130605,1,1,6.0
2.3,52180,AGENT,-258.464,2651.5,MIA,-488.6392865130605,1,1,6.0
2.4,52180,AGENT,-258.49,2652.1,MIA,-488.6392865130605,1,1,6.0
2.5,52180,AGENT,-258.516,2652.7,MIA,-488.6392865130605,1,1,6.0
2.6,52180,AGENT,-258.542,2653.3,MIA,-488.6392865130605,1,1,6.0
2.7,52180,AGENT,-258.569,2653.9,MIA,-488.6392865130605,1,1,6.0
2.8,52180,AGENT,-258.595,2654.5,MIA,-488.6392865130605,1,1,6.0
2.9,52180,AGENT,-258.621,2655.1,MIA,-488.6392865130605,1,1,6.0
3.0,52180,AGENT,-258.647,2655.7,MIA,-488.6392865130605,1,1,6.0
3.1,52180,AGENT,-258.673,2656.29,MIA,-488.6392865130605,1,1,6.0
3.2,52180,AGENT,-258.698,2656.88,MIA,-488.6392865130605,1,1,6.0
3.3,52180,AGENT,-258.724,2657.47,MIA,-488.6392865130605,1,1,6.0
3.4,52180,AGENT,-258.749,2658.05,MIA,-488.6392865130605,1,1,6.0
3.5,52180,AGENT,-258.774,2658.62,MIA,-488.6392865130605,1,1,6.0
3.6,52180,AGENT,-258.799,2659.2,MIA,-488.6392865130605,1,1,6.0
3.7,52180,AGENT,-258.823,2659.76,MIA,-488.6392865130605,1,1,6.0
3.8,52180,AGENT,-258.848,2660.33,MIA,-488.6392865130605,1,1,6.0
3.9,52180,AGENT,-258.872,2660.9,MIA,-488.6392865130605,1,1,6.0
4.0,52180,AGENT,-258.897,2661.46,MIA,-488.6392865130605,1,1,6.0
4.1,52180,AGENT,-258.921,2662.02,MIA,-488.6392865130605,1,1,6.0
4.2,52180,AGENT,-258.945,2662.57,MIA,-488.6392865130605,1,1,6.0
4.3,52180,AGENT,-258.968,2663.12,MIA,-488.6392865130605,1,1,6.0
4.4,52180,AGENT,-258.991,2663.66,MIA,-488.6392865130605,1,1,6.0
4.5,52180,AGENT,-259.015,2664.2,MIA,-488.6392865130605,1,1,6.0
4.6,52180,AGENT,-259.038,2664.75,MIA,-488.6392865130605,1,1,6.0
4.7,52180,AGENT,-259.061,2665.29,MIA,-488.6392865130605,1,1,6.0
4.8,52180,AGENT,-259.083,2665.82,MIA,-488.6392865130605,1,1,6.0
4.9,52180,AGENT,-259.105,2666.35,MIA,-488.6392865130605,1,1,6.0
5.0,52180,AGENT,-259.128,2666.88,MIA,-488.6392865130605,1,1,6.0
5.1,52180,AGENT,-259.149,2667.4,MIA,-488.6392865130605,1,1,6.0
5.2,52180,AGENT,-259.17,2667.91,MIA,-488.6392865130605,1,1,6.0
5.3,52180,AGENT,-259.191,2668.42,MIA,-488.6392865130605,1,1,6.0
5.4,52180,AGENT,-259.212,2668.92,MIA,-488.6392865130605,1,1,6.0
5.5,52180,AGENT,-259.232,2669.41,MIA,-488.6392865130605,1,1,6.0
5.6,52180,AGENT,-259.251,2669.9,MIA,-488.6392865130605,1,1,6.0
5.7,52180,AGENT,-259.271,2670.39,MIA,-488.6392865130605,1,1,6.0
5.8,52180,AGENT,-259.29,2670.87,MIA,-488.6392865130605,1,1,6.0
5.9,52180,AGENT,-259.308,2671.35,MIA,-488.6392865130605,1,1,6.0
6.0,52180,AGENT,-259.326,2671.83,MIA,-488.6392865130605,1,1,6.0
6.1,52180,AGENT,-259.344,2672.31,MIA,-488.6392865130605,1,1,6.0
6.2,52180,AGENT,-259.361,2672.78,MIA,-488.6392865130605,1,1,6.0
6.3,52180,AGENT,-259.378,2673.25,MIA,-488.6392865130605,1,1,6.0
6.4,52180,AGENT,-259.394,2673.72,MIA,-488.6392865130605,1,1,6.0
6.5,52180,AGENT,-259.41,2674.17,MIA,-488.6392865130605,1,1,6.0
6.6,52180,AGENT,-259.426,2674.63,MIA,-488.6392865130605,1,1,6.0
6.7,52180,AGENT,-259.441,2675.08,MIA,-488.6392865130605,1,1,6.0
6.8,52180,AGENT,-259.457,2675.54,MIA,-488.6392865130605,1,1,6.0
6.9,52180,AGENT,-259.472,2675.99,MIA,-488.6392865130605,1,1,6.0
