TIMESTAMP,TRACK_ID,OBJECT_TYPE,X,Y,CITY_NAME,REF_xmin,AUGMENT_TYPE,AUGMENT_DIRECTION,ATTACK_POWER_TYPE
2.0,52180,AGENT,1598.68,467.322,PIT,1463.536888152943,0,0,8.0
2.1,52180,AGENT,1598.92,466.793,PIT,1463.536888152943,0,0,8.0
2.2,52180,AGENT,1599.16,466.262,PIT,1463.536888152943,0,0,8.0
2.3,52180,AGENT,1599.4,465.73,PIT,1463.536888152943,0,0,8.0
2.4,52180,AGENT,1599.64,465.197,PIT,1463.536888152943,0,0,8.0
2.5,52180,AGENT,1599.88,464.663,PIT,1463.536888152943,0,0,8.0
2.6,52180,AGENT,1600.12,464.128,PIT,1463.536888152943,0,0,8.0
2.7,52180,AGENT,1600.37,463.591,PIT,1463.536888152943,0,0,8.0
2.8,52180,AGENT,1600.61,463.054,PIT,1463.536888152943,0,0,8.0
2.9,52180,AGENT,1600.85,462.518,PIT,1463.536888152943,0,0,8.0
3.0,52180,AGENT,1601.09,461.982,PIT,1463.536888152943,0,0,8.0
3.1,52180,AGENT,1601.33,461.447,PIT,1463.536888152943,0,0,8.0
3.2,52180,AGENT,1601.57,460.912,PIT,1463.536888152943,0,0,8.0
3.3,52180,AGENT,1601.81,460.378,PIT,1463.536888152943,0,0,8.0
3.4,52180,AGENT,1602.04,459.844,PIT,1463.536888152943,0,0,8.0
3.5,52180,AGENT,1602.27,459.309,PIT,1463.536888152943,0,0,8.0
3.6,52180,AGENT,1602.5,458.774,PIT,1463.536888152943,0,0,8.0
3.7,52180,AGENT,1602.72,458.24,PIT,1463.536888152943,0,0,8.0
3.8,52180,AGENT,1602.94,457.703,PIT,1463.536888152943,0,0,8.0
3.9,52180,AGENT,1603.15,457.169,PIT,1463.536888152943,0,0,8.0
4.0,52180,AGENT,1603.35,456.641,PIT,1463.536888152943,0,0,8.0
4.1,52180,AGENT,1603.55,456.121,PIT,1463.536888152943,0,0,8.0
4.2,52180,AGENT,1603.74,455.609,PIT,1463.536888152943,0,0,8.0
4.3,52180,AGENT,1603.92,455.104,PIT,1463.536888152943,0,0,8.0
4.4,52180,AGENT,1604.09,454.601,PIT,1463.536888152943,0,0,8.0
4.5,52180,AGENT,1604.25,454.095,PIT,1463.536888152943,0,0,8.0
4.6,52180,AGENT,1604.4,453.588,PIT,1463.536888152943,0,0,8.0
4.7,52180,AGENT,1604.53,453.078,PIT,1463.536888152943,0,0,8.0
4.8,52180,AGENT,1604.66,452.567,PIT,1463.536888152943,0,0,8.0
4.9,52180,AGENT,1604.77,452.054,PIT,1463.536888152943,0,0,8.0
5.0,52180,AGENT,1604.86,451.54,PIT,1463.536888152943,0,0,8.0
5.1,52180,AGENT,1604.95,451.027,PIT,1463.536888152943,0,0,8.0
5.2,52180,AGENT,1605.01,450.513,PIT,1463.536888152943,0,0,8.0
5.3,52180,AGENT,1605.07,450.001,PIT,1463.536888152943,0,0,8.0
5.4,52180,AGENT,1605.11,449.489,PIT,1463.536888152943,0,0,8.0
5.5,52180,AGENT,1605.13,448.979,PIT,1463.536888152943,0,0,8.0
5.6,52180,AGENT,1605.14,448.471,PIT,1463.536888152943,0,0,8.0
5.7,52180,AGENT,1605.14,447.966,PIT,1463.536888152943,0,0,8.0
5.8,52180,AGENT,1605.12,447.464,PIT,1463.536888152943,0,0,8.0
5.9,52180,AGENT,1605.09,446.963,PIT,1463.536888152943,0,0,8.0
6.0,52180,AGENT,1605.04,446.464,PIT,1463.536888152943,0,0,8.0
6.1,52180,AGENT,1604.97,445.967,PIT,1463.536888152943,0,0,8.0
6.2,52180,AGENT,1604.89,445.472,PIT,1463.536888152943,0,0,8.0
6.3,52180,AGENT,1604.8,444.979,PIT,1463.536888152943,0,0,8.0
6.4,52180,AGENT,1604.69,444.489,PIT,1463.536888152943,0,0,8.0
6.5,52180,AGENT,1604.56,444.002,PIT,1463.536888152943,0,0,8.0
6.6,52180,AGENT,1604.43,443.518,PIT,1463.536888152943,0,0,8.0
6.7,52180,AGENT,1604.28,443.038,PIT,1463.536888152943,0,0,8.0
6.8,52180,AGENT,1604.11,442.561,PIT,1463.536888152943,0,0,8.0
6.9,52180,AGENT,1603.94,442.087,PIT,1463.536888152943,0,0,8.0
