TIMESTAMP,TRACK_ID,OBJECT_TYPE,X,Y,CITY_NAME,REF_xmin,AUGMENT_TYPE,AUGMENT_DIRECTION,ATTACK_POWER_TYPE
16.0,52180,AGENT,2926.7,1470.75,PIT,2913.3903684224388,0,0,10.0
16.1,52180,AGENT,2927.26,1470.16,PIT,2913.3903684224388,0,0,10.0
16.2,52180,AGENT,2927.81,1469.56,PIT,2913.3903684224388,0,0,10.0
16.3,52180,AGENT,2928.37,1468.96,PIT,2913.3903684224388,0,0,10.0
16.4,52180,AGENT,2928.93,1468.36,PIT,2913.3903684224388,0,0,10.0
16.5,52180,AGENT,2929.48,1467.76,PIT,2913.3903684224388,0,0,10.0
16.6,52180,AGENT,2930.04,1467.16,PIT,2913.3903684224388,0,0,10.0
16.7,52180,AGENT,2930.59,1466.55,PIT,2913.3903684224388,0,0,10.0
16.8,52180,AGENT,2931.14,1465.95,PIT,2913.3903684224388,0,0,10.0
16.9,52180,AGENT,2931.7,1465.34,PIT,2913.3903684224388,0,0,10.0
17.0,52180,AGENT,2932.25,1464.74,PIT,2913.3903684224388,0,0,10.0
17.1,52180,AGENT,2932.8,1464.13,PIT,2913.3903684224388,0,0,10.0
17.2,52180,AGENT,2933.35,1463.52,PIT,2913.3903684224388,0,0,10.0
17.3,52180,AGENT,2933.89,1462.92,PIT,2913.3903684224388,0,0,10.0
17.4,52180,AGENT,2934.43,1462.33,PIT,2913.3903684224388,0,0,10.0
17.5,52180,AGENT,2934.97,1461.74,PIT,2913.3903684224388,0,0,10.0
17.6,52180,AGENT,2935.49,1461.16,PIT,2913.3903684224388,0,0,10.0
17.7,52180,AGENT,2936.01,1460.59,PIT,2913.3903684224388,0,0,10.0
17.8,52180,AGENT,2936.52,1460.02,PIT,2913.3903684224388,0,0,10.0
17.9,52180,AGENT,2937.03,1459.46,PIT,2913.3903684224388,0,0,10.0
18.0,52180,AGENT,2937.53,1458.91,PIT,2913.3903684224388,0,0,10.0
18.1,52180,AGENT,2938.02,1458.36,PIT,2913.3903684224388,0,0,10.0
18.2,52180,AGENT,2938.51,1457.82,PIT,2913.3903684224388,0,0,10.0
18.3,52180,AGENT,2938.99,1457.29,PIT,2913.3903684224388,0,0,10.0
18.4,52180,AGENT,2939.47,1456.76,PIT,2913.3903684224388,0,0,10.0
18.5,52180,AGENT,2939.94,1456.24,PIT,2913.3903684224388,0,0,10.0
18.6,52180,AGENT,2940.41,1455.73,PIT,2913.3903684224388,0,0,10.0
18.7,52180,AGENT,2940.87,1455.22,PIT,2913.3903684224388,0,0,10.0
18.8,52180,AGENT,2941.32,1454.73,PIT,2913.3903684224388,0,0,10.0
18.9,52180,AGENT,2941.77,1454.23,PIT,2913.3903684224388,0,0,10.0
19.0,52180,AGENT,2942.21,1453.75,PIT,2913.3903684224388,0,0,10.0
19.1,52180,AGENT,2942.65,1453.27,PIT,2913.3903684224388,0,0,10.0
19.2,52180,AGENT,2943.08,1452.8,PIT,2913.3903684224388,0,0,10.0
19.3,52180,AGENT,2943.5,1452.34,PIT,2913.3903684224388,0,0,10.0
19.4,52180,AGENT,2943.92,1451.88,PIT,2913.3903684224388,0,0,10.0
19.5,52180,AGENT,2944.33,1451.44,PIT,2913.3903684224388,0,0,10.0
19.6,52180,AGENT,2944.73,1451.0,PIT,2913.3903684224388,0,0,10.0
19.7,52180,AGENT,2945.13,1450.57,PIT,2913.3903684224388,0,0,10.0
19.8,52180,AGENT,2945.52,1450.15,PIT,2913.3903684224388,0,0,10.0
19.9,52180,AGENT,2945.9,1449.73,PIT,2913.3903684224388,0,0,10.0
20.0,52180,AGENT,2946.28,1449.32,PIT,2913.3903684224388,0,0,10.0
20.1,52180,AGENT,2946.66,1448.92,PIT,2913.3903684224388,0,0,10.0
20.2,52180,AGENT,2947.03,1448.52,PIT,2913.3903684224388,0,0,10.0
20.3,52180,AGENT,2947.4,1448.12,PIT,2913.3903684224388,0,0,10.0
20.4,52180,AGENT,2947.77,1447.72,PIT,2913.3903684224388,0,0,10.0
20.5,52180,AGENT,2948.14,1447.32,PIT,2913.3903684224388,0,0,10.0
20.6,52180,AGENT,2948.5,1446.93,PIT,2913.3903684224388,0,0,10.0
20.7,52180,AGENT,2948.86,1446.54,PIT,2913.3903684224388,0,0,10.0
20.8,52180,AGENT,2949.22,1446.15,PIT,2913.3903684224388,0,0,10.0
20.9,52180,AGENT,2949.58,1445.76,PIT,2913.3903684224388,0,0,10.0
