TIMESTAMP,TRACK_ID,OBJECT_TYPE,X,Y,CITY_NAME,REF_xmin,AUGMENT_TYPE,AUGMENT_DIRECTION,ATTACK_POWER_TYPE
14.0,52180,AGENT,489.09,4131.21,MIA,425.8441062064958,0,1,9.0
14.1,52180,AGENT,488.513,4131.74,MIA,425.8441062064958,0,1,9.0
14.2,52180,AGENT,487.941,4132.27,MIA,425.8441062064958,0,1,9.0
14.3,52180,AGENT,487.373,4132.78,MIA,425.8441062064958,0,1,9.0
14.4,52180,AGENT,486.811,4133.28,MIA,425.8441062064958,0,1,9.0
14.5,52180,AGENT,486.253,4133.77,MIA,425.8441062064958,0,1,9.0
14.6,52180,AGENT,485.691,4134.25,MIA,425.8441062064958,0,1,9.0
14.7,52180,AGENT,485.114,4134.73,MIA,425.8441062064958,0,1,9.0
14.8,52180,AGENT,484.522,4135.19,MIA,425.8441062064958,0,1,9.0
14.9,52180,AGENT,483.919,4135.65,MIA,425.8441062064958,0,1,9.0
15.0,52180,AGENT,483.314,4136.1,MIA,425.8441062064958,0,1,9.0
15.1,52180,AGENT,482.712,4136.54,MIA,425.8441062064958,0,1,9.0
15.2,52180,AGENT,482.113,4136.96,MIA,425.8441062064958,0,1,9.0
15.3,52180,AGENT,481.517,4137.36,MIA,425.8441062064958,0,1,9.0
15.4,52180,AGENT,480.925,4137.76,MIA,425.8441062064958,0,1,9.0
15.5,52180,AGENT,480.336,4138.13,MIA,425.8441062064958,0,1,9.0
15.6,52180,AGENT,479.75,4138.5,MIA,425.8441062064958,0,1,9.0
15.7,52180,AGENT,479.167,4138.84,MIA,425.8441062064958,0,1,9.0
15.8,52180,AGENT,478.577,4139.17,MIA,425.8441062064958,0,1,9.0
15.9,52180,AGENT,477.972,4139.47,MIA,425.8441062064958,0,1,9.0
16.0,52180,AGENT,477.352,4139.77,MIA,425.8441062064958,0,1,9.0
16.1,52180,AGENT,476.721,4140.04,MIA,425.8441062064958,0,1,9.0
16.2,52180,AGENT,476.085,4140.29,MIA,425.8441062064958,0,1,9.0
16.3,52180,AGENT,475.444,4140.52,MIA,425.8441062064958,0,1,9.0
16.4,52180,AGENT,474.798,4140.74,MIA,425.8441062064958,0,1,9.0
16.5,52180,AGENT,474.147,4140.93,MIA,425.8441062064958,0,1,9.0
16.6,52180,AGENT,473.488,4141.11,MIA,425.8441062064958,0,1,9.0
16.7,52180,AGENT,472.814,4141.27,MIA,425.8441062064958,0,1,9.0
16.8,52180,AGENT,472.129,4141.41,MIA,425.8441062064958,0,1,9.0
16.9,52180,AGENT,471.432,4141.54,MIA,425.8441062064958,0,1,9.0
17.0,52180,AGENT,470.723,4141.65,MIA,425.8441062064958,0,1,9.0
17.1,52180,AGENT,470.002,4141.74,MIA,425.8441062064958,0,1,9.0
17.2,52180,AGENT,469.271,4141.82,MIA,425.8441062064958,0,1,9.0
17.3,52180,AGENT,468.531,4141.88,MIA,425.8441062064958,0,1,9.0
17.4,52180,AGENT,467.787,4141.94,MIA,425.8441062064958,0,1,9.0
17.5,52180,AGENT,467.042,4141.98,MIA,425.8441062064958,0,1,9.0
17.6,52180,AGENT,466.291,4142.01,MIA,425.8441062064958,0,1,9.0
17.7,52180,AGENT,465.529,4142.02,MIA,425.8441062064958,0,1,9.0
17.8,52180,AGENT,464.757,4142.03,MIA,425.8441062064958,0,1,9.0
17.9,52180,AGENT,463.974,4142.03,MIA,425.8441062064958,0,1,9.0
18.0,52180,AGENT,463.181,4142.01,MIA,425.8441062064958,0,1,9.0
18.1,52180,AGENT,462.377,4141.99,MIA,425.8441062064958,0,1,9.0
18.2,52180,AGENT,461.563,4141.96,MIA,425.8441062064958,0,1,9.0
18.3,52180,AGENT,460.744,4141.92,MIA,425.8441062064958,0,1,9.0
18.4,52180,AGENT,459.925,4141.88,MIA,425.8441062064958,0,1,9.0
18.5,52180,AGENT,459.102,4141.83,MIA,425.8441062064958,0,1,9.0
18.6,52180,AGENT,458.27,4141.77,MIA,425.8441062064958,0,1,9.0
18.7,52180,AGENT,457.427,4141.71,MIA,425.8441062064958,0,1,9.0
18.8,52180,AGENT,456.574,4141.64,MIA,425.8441062064958,0,1,9.0
18.9,52180,AGENT,455.711,4141.57,MIA,425.8441062064958,0,1,9.0
