TIMESTAMP,TRACK_ID,OBJECT_TYPE,X,Y,CITY_NAME,REF_xmin,AUGMENT_TYPE,AUGMENT_DIRECTION,ATTACK_POWER_TYPE
20.0,52180,AGENT,3789.7,2152.03,PIT,3750.0,0,1,1.0
20.1,52180,AGENT,3790.24,2151.65,PIT,3750.0,0,1,1.0
20.2,52180,AGENT,3790.79,2151.26,PIT,3750.0,0,1,1.0
20.3,52180,AGENT,3791.33,2150.87,PIT,3750.0,0,1,1.0
20.4,52180,AGENT,3791.86,2150.49,PIT,3750.0,0,1,1.0
20.5,52180,AGENT,3792.38,2150.11,PIT,3750.0,0,1,1.0
20.6,52180,AGENT,3792.89,2149.74,PIT,3750.0,0,1,1.0
20.7,52180,AGENT,3793.39,2149.37,PIT,3750.0,0,1,1.0
20.8,52180,AGENT,3793.89,2149.0,PIT,3750.0,0,1,1.0
20.9,52180,AGENT,3794.37,2148.64,PIT,3750.0,0,1,1.0
21.0,52180,AGENT,3794.85,2148.28,PIT,3750.0,0,1,1.0
21.1,52180,AGENT,3795.32,2147.93,PIT,3750.0,0,1,1.0
21.2,52180,AGENT,3795.78,2147.58,PIT,3750.0,0,1,1.0
21.3,52180,AGENT,3796.23,2147.24,PIT,3750.0,0,1,1.0
21.4,52180,AGENT,3796.67,2146.9,PIT,3750.0,0,1,1.0
21.5,52180,AGENT,3797.1,2146.56,PIT,3750.0,0,1,1.0
21.6,52180,AGENT,3797.53,2146.23,PIT,3750.0,0,1,1.0
21.7,52180,AGENT,3797.94,2145.9,PIT,3750.0,0,1,1.0
21.8,52180,AGENT,3798.35,2145.58,PIT,3750.0,0,1,1.0
21.9,52180,AGENT,3798.75,2145.26,PIT,3750.0,0,1,1.0
22.0,52180,AGENT,3799.14,2144.95,PIT,3750.0,0,1,1.0
22.1,52180,AGENT,3799.53,2144.64,PIT,3750.0,0,1,1.0
22.2,52180,AGENT,3799.91,2144.33,PIT,3750.0,0,1,1.0
22.3,52180,AGENT,3800.28,2144.02,PIT,3750.0,0,1,1.0
22.4,52180,AGENT,3800.64,2143.72,PIT,3750.0,0,1,1.0
22.5,52180,AGENT,3801.0,2143.43,PIT,3750.0,0,1,1.0
22.6,52180,AGENT,3801.34,2143.14,PIT,3750.0,0,1,1.0
22.7,52180,AGENT,3801.68,2142.85,PIT,3750.0,0,1,1.0
22.8,52180,AGENT,3802.02,2142.57,PIT,3750.0,0,1,1.0
22.9,52180,AGENT,3802.36,2142.28,PIT,3750.0,0,1,1.0
23.0,52180,AGENT,3802.7,2141.99,PIT,3750.0,0,1,1.0
23.1,52180,AGENT,3803.04,2141.69,PIT,3750.0,0,1,1.0
23.2,52180,AGENT,3803.37,2141.4,PIT,3750.0,0,1,1.0
23.3,52180,AGENT,3803.71,2141.11,PIT,3750.0,0,1,1.0
23.4,52180,AGENT,3804.04,2140.81,PIT,3750.0,0,1,1.0
23.5,52180,AGENT,3804.37,2140.52,PIT,3750.0,0,1,1.0
23.6,52180,AGENT,3804.7,2140.23,PIT,3750.0,0,1,1.0
23.7,52180,AGENT,3805.02,2139.94,PIT,3750.0,0,1,1.0
23.8,52180,AGENT,3805.34,2139.65,PIT,3750.0,0,1,1.0
23.9,52180,AGENT,3805.67,2139.36,PIT,3750.0,0,1,1.0
24.0,52180,AGENT,3805.99,2139.07,PIT,3750.0,0,1,1.0
24.1,52180,AGENT,3806.32,2138.77,PIT,3750.0,0,1,1.0
24.2,52180,AGENT,3806.65,2138.48,PIT,3750.0,0,1,1.0
24.3,52180,AGENT,3806.97,2138.18,PIT,3750.0,0,1,1.0
24.4,52180,AGENT,3807.29,2137.89,PIT,3750.0,0,1,1.0
24.5,52180,AGENT,3807.61,2137.6,PIT,3750.0,0,1,1.0
24.6,52180,AGENT,3807.93,2137.3,PIT,3750.0,0,1,1.0
24.7,52180,AGENT,3808.26,2137.01,PIT,3750.0,0,1,1.0
24.8,52180,AGENT,3808.59,2136.71,PIT,3750.0,0,1,1.0
24.9,52180,AGENT,3808.92,2136.4,PIT,3750.0,0,1,1.0
