TIMESTAMP,TRACK_ID,OBJECT_TYPE,X,Y,CITY_NAME,REF_xmin,AUGMENT_TYPE,AUGMENT_DIRECTION,ATTACK_POWER_TYPE
8.0,52180,AGENT,-236.66,3449.11,MIA,-284.01063460018486,0,1,6.0
8.1,52180,AGENT,-236.085,3449.02,MIA,-284.01063460018486,0,1,6.0
8.2,52180,AGENT,-235.513,3448.91,MIA,-284.01063460018486,0,1,6.0
8.3,52180,AGENT,-234.945,3448.8,MIA,-284.01063460018486,0,1,6.0
8.4,52180,AGENT,-234.38,3448.67,MIA,-284.01063460018486,0,1,6.0
8.5,52180,AGENT,-233.818,3448.54,MIA,-284.01063460018486,0,1,6.0
8.6,52180,AGENT,-233.261,3448.39,MIA,-284.01063460018486,0,1,6.0
8.7,52180,AGENT,-232.708,3448.24,MIA,-284.01063460018486,0,1,6.0
8.8,52180,AGENT,-232.159,3448.07,MIA,-284.01063460018486,0,1,6.0
8.9,52180,AGENT,-231.614,3447.89,MIA,-284.01063460018486,0,1,6.0
9.0,52180,AGENT,-231.073,3447.71,MIA,-284.01063460018486,0,1,6.0
9.1,52180,AGENT,-230.536,3447.51,MIA,-284.01063460018486,0,1,6.0
9.2,52180,AGENT,-230.004,3447.31,MIA,-284.01063460018486,0,1,6.0
9.3,52180,AGENT,-229.476,3447.09,MIA,-284.01063460018486,0,1,6.0
9.4,52180,AGENT,-228.951,3446.87,MIA,-284.01063460018486,0,1,6.0
9.5,52180,AGENT,-228.431,3446.64,MIA,-284.01063460018486,0,1,6.0
9.6,52180,AGENT,-227.914,3446.41,MIA,-284.01063460018486,0,1,6.0
9.7,52180,AGENT,-227.401,3446.16,MIA,-284.01063460018486,0,1,6.0
9.8,52180,AGENT,-226.891,3445.91,MIA,-284.01063460018486,0,1,6.0
9.9,52180,AGENT,-226.384,3445.66,MIA,-284.01063460018486,0,1,6.0
10.0,52180,AGENT,-225.88,3445.4,MIA,-284.01063460018486,0,1,6.0
10.1,52180,AGENT,-225.378,3445.14,MIA,-284.01063460018486,0,1,6.0
10.2,52180,AGENT,-224.879,3444.87,MIA,-284.01063460018486,0,1,6.0
10.3,52180,AGENT,-224.382,3444.59,MIA,-284.01063460018486,0,1,6.0
10.4,52180,AGENT,-223.887,3444.32,MIA,-284.01063460018486,0,1,6.0
10.5,52180,AGENT,-223.393,3444.04,MIA,-284.01063460018486,0,1,6.0
10.6,52180,AGENT,-222.901,3443.76,MIA,-284.01063460018486,0,1,6.0
10.7,52180,AGENT,-222.41,3443.48,MIA,-284.01063460018486,0,1,6.0
10.8,52180,AGENT,-221.92,3443.19,MIA,-284.01063460018486,0,1,6.0
10.9,52180,AGENT,-221.431,3442.91,MIA,-284.01063460018486,0,1,6.0
11.0,52180,AGENT,-220.942,3442.62,MIA,-284.01063460018486,0,1,6.0
11.1,52180,AGENT,-220.454,3442.33,MIA,-284.01063460018486,0,1,6.0
11.2,52180,AGENT,-219.966,3442.05,MIA,-284.01063460018486,0,1,6.0
11.3,52180,AGENT,-219.479,3441.76,MIA,-284.01063460018486,0,1,6.0
11.4,52180,AGENT,-218.991,3441.47,MIA,-284.01063460018486,0,1,6.0
11.5,52180,AGENT,-218.503,3441.18,MIA,-284.01063460018486,0,1,6.0
11.6,52180,AGENT,-218.015,3440.9,MIA,-284.01063460018486,0,1,6.0
11.7,52180,AGENT,-217.527,3440.61,MIA,-284.01063460018486,0,1,6.0
11.8,52180,AGENT,-217.039,3440.32,MIA,-284.01063460018486,0,1,6.0
11.9,52180,AGENT,-216.551,3440.04,MIA,-284.01063460018486,0,1,6.0
12.0,52180,AGENT,-216.062,3439.75,MIA,-284.01063460018486,0,1,6.0
12.1,52180,AGENT,-215.573,3439.47,MIA,-284.01063460018486,0,1,6.0
12.2,52180,AGENT,-215.083,3439.18,MIA,-284.01063460018486,0,1,6.0
12.3,52180,AGENT,-214.593,3438.9,MIA,-284.01063460018486,0,1,6.0
12.4,52180,AGENT,-214.103,3438.61,MIA,-284.01063460018486,0,1,6.0
12.5,52180,AGENT,-213.613,3438.33,MIA,-284.01063460018486,0,1,6.0
12.6,52180,AGENT,-213.122,3438.05,MIA,-284.01063460018486,0,1,6.0
12.7,52180,AGENT,-212.631,3437.77,MIA,-284.01063460018486,0,1,6.0
12.8,52180,AGENT,-212.139,3437.49,MIA,-284.01063460018486,0,1,6.0
12.9,52180,AGENT,-211.648,3437.21,MIA,-284.01063460018486,0,1,6.0
