TIMESTAMP,TRACK_ID,OBJECT_TYPE,X,Y,CITY_NAME,REF_xmin,AUGMENT_TYPE,AUGMENT_DIRECTION,ATTACK_POWER_TYPE
8.0,52180,AGENT,4534.04,2356.38,PIT,4517.19054562436,0,1,6.0
8.1,52180,AGENT,4533.35,2356.23,PIT,4517.19054562436,0,1,6.0
8.2,52180,AGENT,4532.65,2356.07,PIT,4517.19054562436,0,1,6.0
8.3,52180,AGENT,4531.96,2355.9,PIT,4517.19054562436,0,1,6.0
8.4,52180,AGENT,4531.27,2355.74,PIT,4517.19054562436,0,1,6.0
8.5,52180,AGENT,4530.58,2355.57,PIT,4517.19054562436,0,1,6.0
8.6,52180,AGENT,4529.9,2355.38,PIT,4517.19054562436,0,1,6.0
8.7,52180,AGENT,4529.21,2355.19,PIT,4517.19054562436,0,1,6.0
8.8,52180,AGENT,4528.54,2355.0,PIT,4517.19054562436,0,1,6.0
8.9,52180,AGENT,4527.87,2354.79,PIT,4517.19054562436,0,1,6.0
9.0,52180,AGENT,4527.22,2354.58,PIT,4517.19054562436,0,1,6.0
9.1,52180,AGENT,4526.58,2354.37,PIT,4517.19054562436,0,1,6.0
9.2,52180,AGENT,4525.96,2354.14,PIT,4517.19054562436,0,1,6.0
9.3,52180,AGENT,4525.35,2353.9,PIT,4517.19054562436,0,1,6.0
9.4,52180,AGENT,4524.76,2353.66,PIT,4517.19054562436,0,1,6.0
9.5,52180,AGENT,4524.19,2353.4,PIT,4517.19054562436,0,1,6.0
9.6,52180,AGENT,4523.64,2353.14,PIT,4517.19054562436,0,1,6.0
9.7,52180,AGENT,4523.1,2352.86,PIT,4517.19054562436,0,1,6.0
9.8,52180,AGENT,4522.6,2352.57,PIT,4517.19054562436,0,1,6.0
9.9,52180,AGENT,4522.11,2352.25,PIT,4517.19054562436,0,1,6.0
10.0,52180,AGENT,4521.65,2351.92,PIT,4517.19054562436,0,1,6.0
10.1,52180,AGENT,4521.21,2351.57,PIT,4517.19054562436,0,1,6.0
10.2,52180,AGENT,4520.8,2351.2,PIT,4517.19054562436,0,1,6.0
10.3,52180,AGENT,4520.41,2350.82,PIT,4517.19054562436,0,1,6.0
10.4,52180,AGENT,4520.05,2350.42,PIT,4517.19054562436,0,1,6.0
10.5,52180,AGENT,4519.72,2350.02,PIT,4517.19054562436,0,1,6.0
10.6,52180,AGENT,4519.41,2349.6,PIT,4517.19054562436,0,1,6.0
10.7,52180,AGENT,4519.14,2349.16,PIT,4517.19054562436,0,1,6.0
10.8,52180,AGENT,4518.89,2348.71,PIT,4517.19054562436,0,1,6.0
10.9,52180,AGENT,4518.67,2348.25,PIT,4517.19054562436,0,1,6.0
11.0,52180,AGENT,4518.47,2347.77,PIT,4517.19054562436,0,1,6.0
11.1,52180,AGENT,4518.31,2347.27,PIT,4517.19054562436,0,1,6.0
11.2,52180,AGENT,4518.17,2346.77,PIT,4517.19054562436,0,1,6.0
11.3,52180,AGENT,4518.06,2346.25,PIT,4517.19054562436,0,1,6.0
11.4,52180,AGENT,4517.97,2345.73,PIT,4517.19054562436,0,1,6.0
11.5,52180,AGENT,4517.91,2345.19,PIT,4517.19054562436,0,1,6.0
11.6,52180,AGENT,4517.87,2344.65,PIT,4517.19054562436,0,1,6.0
11.7,52180,AGENT,4517.86,2344.1,PIT,4517.19054562436,0,1,6.0
11.8,52180,AGENT,4517.86,2343.54,PIT,4517.19054562436,0,1,6.0
11.9,52180,AGENT,4517.89,2342.97,PIT,4517.19054562436,0,1,6.0
12.0,52180,AGENT,4517.93,2342.4,PIT,4517.19054562436,0,1,6.0
12.1,52180,AGENT,4518.0,2341.81,PIT,4517.19054562436,0,1,6.0
12.2,52180,AGENT,4518.08,2341.23,PIT,4517.19054562436,0,1,6.0
12.3,52180,AGENT,4518.17,2340.63,PIT,4517.19054562436,0,1,6.0
12.4,52180,AGENT,4518.29,2340.03,PIT,4517.19054562436,0,1,6.0
12.5,52180,AGENT,4518.41,2339.43,PIT,4517.19054562436,0,1,6.0
12.6,52180,AGENT,4518.55,2338.81,PIT,4517.19054562436,0,1,6.0
12.7,52180,AGENT,4518.71,2338.19,PIT,4517.19054562436,0,1,6.0
12.8,52180,AGENT,4518.87,2337.56,PIT,4517.19054562436,0,1,6.0
12.9,52180,AGENT,4519.05,2336.93,PIT,4517.19054562436,0,1,6.0
