TIMESTAMP,TRACK_ID,OBJECT_TYPE,X,Y,CITY_NAME,REF_xmin,AUGMENT_TYPE,AUGMENT_DIRECTION,ATTACK_POWER_TYPE
10.0,52180,AGENT,3050.74,1897.11,PIT,2983.67121383443,1,1,6.0
10.1,52180,AGENT,3051.52,1897.74,PIT,2983.67121383443,1,1,6.0
10.2,52180,AGENT,3052.29,1898.38,PIT,2983.67121383443,1,1,6.0
10.3,52180,AGENT,3053.06,1899.02,PIT,2983.67121383443,1,1,6.0
10.4,52180,AGENT,3053.83,1899.67,PIT,2983.67121383443,1,1,6.0
10.5,52180,AGENT,3054.6,1900.32,PIT,2983.67121383443,1,1,6.0
10.6,52180,AGENT,3055.36,1900.97,PIT,2983.67121383443,1,1,6.0
10.7,52180,AGENT,3056.11,1901.63,PIT,2983.67121383443,1,1,6.0
10.8,52180,AGENT,3056.87,1902.29,PIT,2983.67121383443,1,1,6.0
10.9,52180,AGENT,3057.62,1902.95,PIT,2983.67121383443,1,1,6.0
11.0,52180,AGENT,3058.37,1903.62,PIT,2983.67121383443,1,1,6.0
11.1,52180,AGENT,3059.12,1904.29,PIT,2983.67121383443,1,1,6.0
11.2,52180,AGENT,3059.87,1904.96,PIT,2983.67121383443,1,1,6.0
11.3,52180,AGENT,3060.62,1905.64,PIT,2983.67121383443,1,1,6.0
11.4,52180,AGENT,3061.37,1906.32,PIT,2983.67121383443,1,1,6.0
11.5,52180,AGENT,3062.12,1907.0,PIT,2983.67121383443,1,1,6.0
11.6,52180,AGENT,3062.87,1907.68,PIT,2983.67121383443,1,1,6.0
11.7,52180,AGENT,3063.62,1908.36,PIT,2983.67121383443,1,1,6.0
11.8,52180,AGENT,3064.36,1909.05,PIT,2983.67121383443,1,1,6.0
11.9,52180,AGENT,3065.11,1909.73,PIT,2983.67121383443,1,1,6.0
12.0,52180,AGENT,3065.85,1910.42,PIT,2983.67121383443,1,1,6.0
12.1,52180,AGENT,3066.6,1911.11,PIT,2983.67121383443,1,1,6.0
12.2,52180,AGENT,3067.34,1911.79,PIT,2983.67121383443,1,1,6.0
12.3,52180,AGENT,3068.08,1912.48,PIT,2983.67121383443,1,1,6.0
12.4,52180,AGENT,3068.83,1913.17,PIT,2983.67121383443,1,1,6.0
12.5,52180,AGENT,3069.57,1913.86,PIT,2983.67121383443,1,1,6.0
12.6,52180,AGENT,3070.31,1914.54,PIT,2983.67121383443,1,1,6.0
12.7,52180,AGENT,3071.06,1915.23,PIT,2983.67121383443,1,1,6.0
12.8,52180,AGENT,3071.8,1915.92,PIT,2983.67121383443,1,1,6.0
12.9,52180,AGENT,3072.54,1916.61,PIT,2983.67121383443,1,1,6.0
13.0,52180,AGENT,3073.28,1917.29,PIT,2983.67121383443,1,1,6.0
13.1,52180,AGENT,3074.03,1917.98,PIT,2983.67121383443,1,1,6.0
13.2,52180,AGENT,3074.77,1918.67,PIT,2983.67121383443,1,1,6.0
13.3,52180,AGENT,3075.51,1919.36,PIT,2983.67121383443,1,1,6.0
13.4,52180,AGENT,3076.26,1920.04,PIT,2983.67121383443,1,1,6.0
13.5,52180,AGENT,3077.0,1920.73,PIT,2983.67121383443,1,1,6.0
13.6,52180,AGENT,3077.74,1921.42,PIT,2983.67121383443,1,1,6.0
13.7,52180,AGENT,3078.49,1922.1,PIT,2983.67121383443,1,1,6.0
13.8,52180,AGENT,3079.23,1922.79,PIT,2983.67121383443,1,1,6.0
13.9,52180,AGENT,3079.98,1923.48,PIT,2983.67121383443,1,1,6.0
14.0,52180,AGENT,3080.72,1924.16,PIT,2983.67121383443,1,1,6.0
14.1,52180,AGENT,3081.46,1924.85,PIT,2983.67121383443,1,1,6.0
14.2,52180,AGENT,3082.21,1925.54,PIT,2983.67121383443,1,1,6.0
14.3,52180,AGENT,3082.95,1926.22,PIT,2983.67121383443,1,1,6.0
14.4,52180,AGENT,3083.69,1926.91,PIT,2983.67121383443,1,1,6.0
14.5,52180,AGENT,3084.44,1927.6,PIT,2983.67121383443,1,1,6.0
14.6,52180,AGENT,3085.18,1928.29,PIT,2983.67121383443,1,1,6.0
14.7,52180,AGENT,3085.92,1928.98,PIT,2983.67121383443,1,1,6.0
14.8,52180,AGENT,3086.66,1929.66,PIT,2983.67121383443,1,1,6.0
14.9,52180,AGENT,3087.41,1930.35,PIT,2983.67121383443,1,1,6.0
