TIMESTAMP,TRACK_ID,OBJECT_TYPE,X,Y,CITY_NAME,REF_xmin,AUGMENT_TYPE,AUGMENT_DIRECTION,ATTACK_POWER_TYPE
18.0,52180,AGENT,2863.15,1337.32,PIT,2802.4167318251566,0,0,5.0
18.1,52180,AGENT,2863.43,1337.74,PIT,2802.4167318251566,0,0,5.0
18.2,52180,AGENT,2863.71,1338.16,PIT,2802.4167318251566,0,0,5.0
18.3,52180,AGENT,2864.0,1338.58,PIT,2802.4167318251566,0,0,5.0
18.4,52180,AGENT,2864.28,1339.0,PIT,2802.4167318251566,0,0,5.0
18.5,52180,AGENT,2864.57,1339.42,PIT,2802.4167318251566,0,0,5.0
18.6,52180,AGENT,2864.85,1339.84,PIT,2802.4167318251566,0,0,5.0
18.7,52180,AGENT,2865.14,1340.26,PIT,2802.4167318251566,0,0,5.0
18.8,52180,AGENT,2865.43,1340.68,PIT,2802.4167318251566,0,0,5.0
18.9,52180,AGENT,2865.71,1341.09,PIT,2802.4167318251566,0,0,5.0
19.0,52180,AGENT,2866.0,1341.51,PIT,2802.4167318251566,0,0,5.0
19.1,52180,AGENT,2866.29,1341.93,PIT,2802.4167318251566,0,0,5.0
19.2,52180,AGENT,2866.57,1342.35,PIT,2802.4167318251566,0,0,5.0
19.3,52180,AGENT,2866.86,1342.76,PIT,2802.4167318251566,0,0,5.0
19.4,52180,AGENT,2867.15,1343.18,PIT,2802.4167318251566,0,0,5.0
19.5,52180,AGENT,2867.44,1343.6,PIT,2802.4167318251566,0,0,5.0
19.6,52180,AGENT,2867.73,1344.01,PIT,2802.4167318251566,0,0,5.0
19.7,52180,AGENT,2868.02,1344.43,PIT,2802.4167318251566,0,0,5.0
19.8,52180,AGENT,2868.31,1344.85,PIT,2802.4167318251566,0,0,5.0
19.9,52180,AGENT,2868.6,1345.26,PIT,2802.4167318251566,0,0,5.0
20.0,52180,AGENT,2868.88,1345.68,PIT,2802.4167318251566,0,0,5.0
20.1,52180,AGENT,2869.17,1346.09,PIT,2802.4167318251566,0,0,5.0
20.2,52180,AGENT,2869.46,1346.51,PIT,2802.4167318251566,0,0,5.0
20.3,52180,AGENT,2869.76,1346.92,PIT,2802.4167318251566,0,0,5.0
20.4,52180,AGENT,2870.05,1347.34,PIT,2802.4167318251566,0,0,5.0
20.5,52180,AGENT,2870.34,1347.75,PIT,2802.4167318251566,0,0,5.0
20.6,52180,AGENT,2870.63,1348.17,PIT,2802.4167318251566,0,0,5.0
20.7,52180,AGENT,2870.92,1348.58,PIT,2802.4167318251566,0,0,5.0
20.8,52180,AGENT,2871.21,1349.0,PIT,2802.4167318251566,0,0,5.0
20.9,52180,AGENT,2871.5,1349.41,PIT,2802.4167318251566,0,0,5.0
21.0,52180,AGENT,2871.79,1349.83,PIT,2802.4167318251566,0,0,5.0
21.1,52180,AGENT,2872.08,1350.24,PIT,2802.4167318251566,0,0,5.0
21.2,52180,AGENT,2872.37,1350.66,PIT,2802.4167318251566,0,0,5.0
21.3,52180,AGENT,2872.67,1351.07,PIT,2802.4167318251566,0,0,5.0
21.4,52180,AGENT,2872.96,1351.49,PIT,2802.4167318251566,0,0,5.0
21.5,52180,AGENT,2873.25,1351.9,PIT,2802.4167318251566,0,0,5.0
21.6,52180,AGENT,2873.54,1352.31,PIT,2802.4167318251566,0,0,5.0
21.7,52180,AGENT,2873.83,1352.73,PIT,2802.4167318251566,0,0,5.0
21.8,52180,AGENT,2874.12,1353.14,PIT,2802.4167318251566,0,0,5.0
21.9,52180,AGENT,2874.41,1353.56,PIT,2802.4167318251566,0,0,5.0
22.0,52180,AGENT,2874.71,1353.97,PIT,2802.4167318251566,0,0,5.0
22.1,52180,AGENT,2875.0,1354.39,PIT,2802.4167318251566,0,0,5.0
22.2,52180,AGENT,2875.29,1354.8,PIT,2802.4167318251566,0,0,5.0
22.3,52180,AGENT,2875.58,1355.21,PIT,2802.4167318251566,0,0,5.0
22.4,52180,AGENT,2875.87,1355.63,PIT,2802.4167318251566,0,0,5.0
22.5,52180,AGENT,2876.17,1356.04,PIT,2802.4167318251566,0,0,5.0
22.6,52180,AGENT,2876.46,1356.46,PIT,2802.4167318251566,0,0,5.0
22.7,52180,AGENT,2876.75,1356.87,PIT,2802.4167318251566,0,0,5.0
22.8,52180,AGENT,2877.04,1357.29,PIT,2802.4167318251566,0,0,5.0
22.9,52180,AGENT,2877.33,1357.7,PIT,2802.4167318251566,0,0,5.0
