TIMESTAMP,TRACK_ID,OBJECT_TYPE,X,Y,CITY_NAME,REF_xmin,AUGMENT_TYPE,AUGMENT_DIRECTION,ATTACK_POWER_TYPE
4.0,52180,AGENT,784.54,2734.78,MIA,728.7195839472697,0,1,4.0
4.1,52180,AGENT,783.827,2734.99,MIA,728.7195839472697,0,1,4.0
4.2,52180,AGENT,783.121,2735.18,MIA,728.7195839472697,0,1,4.0
4.3,52180,AGENT,782.422,2735.37,MIA,728.7195839472697,0,1,4.0
4.4,52180,AGENT,781.726,2735.54,MIA,728.7195839472697,0,1,4.0
4.5,52180,AGENT,781.022,2735.71,MIA,728.7195839472697,0,1,4.0
4.6,52180,AGENT,780.305,2735.86,MIA,728.7195839472697,0,1,4.0
4.7,52180,AGENT,779.578,2736.0,MIA,728.7195839472697,0,1,4.0
4.8,52180,AGENT,778.844,2736.13,MIA,728.7195839472697,0,1,4.0
4.9,52180,AGENT,778.108,2736.24,MIA,728.7195839472697,0,1,4.0
5.0,52180,AGENT,777.372,2736.35,MIA,728.7195839472697,0,1,4.0
5.1,52180,AGENT,776.635,2736.44,MIA,728.7195839472697,0,1,4.0
5.2,52180,AGENT,775.897,2736.52,MIA,728.7195839472697,0,1,4.0
5.3,52180,AGENT,775.158,2736.59,MIA,728.7195839472697,0,1,4.0
5.4,52180,AGENT,774.421,2736.65,MIA,728.7195839472697,0,1,4.0
5.5,52180,AGENT,773.685,2736.7,MIA,728.7195839472697,0,1,4.0
5.6,52180,AGENT,772.951,2736.75,MIA,728.7195839472697,0,1,4.0
5.7,52180,AGENT,772.213,2736.78,MIA,728.7195839472697,0,1,4.0
5.8,52180,AGENT,771.468,2736.8,MIA,728.7195839472697,0,1,4.0
5.9,52180,AGENT,770.721,2736.81,MIA,728.7195839472697,0,1,4.0
6.0,52180,AGENT,769.974,2736.82,MIA,728.7195839472697,0,1,4.0
6.1,52180,AGENT,769.227,2736.81,MIA,728.7195839472697,0,1,4.0
6.2,52180,AGENT,768.479,2736.8,MIA,728.7195839472697,0,1,4.0
6.3,52180,AGENT,767.731,2736.78,MIA,728.7195839472697,0,1,4.0
6.4,52180,AGENT,766.987,2736.76,MIA,728.7195839472697,0,1,4.0
6.5,52180,AGENT,766.253,2736.73,MIA,728.7195839472697,0,1,4.0
6.6,52180,AGENT,765.529,2736.7,MIA,728.7195839472697,0,1,4.0
6.7,52180,AGENT,764.811,2736.66,MIA,728.7195839472697,0,1,4.0
6.8,52180,AGENT,764.096,2736.61,MIA,728.7195839472697,0,1,4.0
6.9,52180,AGENT,763.382,2736.57,MIA,728.7195839472697,0,1,4.0
7.0,52180,AGENT,762.669,2736.51,MIA,728.7195839472697,0,1,4.0
7.1,52180,AGENT,761.955,2736.46,MIA,728.7195839472697,0,1,4.0
7.2,52180,AGENT,761.24,2736.4,MIA,728.7195839472697,0,1,4.0
7.3,52180,AGENT,760.523,2736.35,MIA,728.7195839472697,0,1,4.0
7.4,52180,AGENT,759.805,2736.29,MIA,728.7195839472697,0,1,4.0
7.5,52180,AGENT,759.091,2736.23,MIA,728.7195839472697,0,1,4.0
7.6,52180,AGENT,758.386,2736.17,MIA,728.7195839472697,0,1,4.0
7.7,52180,AGENT,757.689,2736.11,MIA,728.7195839472697,0,1,4.0
7.8,52180,AGENT,757.001,2736.06,MIA,728.7195839472697,0,1,4.0
7.9,52180,AGENT,756.322,2736.0,MIA,728.7195839472697,0,1,4.0
8.0,52180,AGENT,755.652,2735.95,MIA,728.7195839472697,0,1,4.0
8.1,52180,AGENT,754.984,2735.9,MIA,728.7195839472697,0,1,4.0
8.2,52180,AGENT,754.315,2735.85,MIA,728.7195839472697,0,1,4.0
8.3,52180,AGENT,753.643,2735.8,MIA,728.7195839472697,0,1,4.0
8.4,52180,AGENT,752.964,2735.76,MIA,728.7195839472697,0,1,4.0
8.5,52180,AGENT,752.276,2735.72,MIA,728.7195839472697,0,1,4.0
8.6,52180,AGENT,751.58,2735.68,MIA,728.7195839472697,0,1,4.0
8.7,52180,AGENT,750.883,2735.64,MIA,728.7195839472697,0,1,4.0
8.8,52180,AGENT,750.185,2735.6,MIA,728.7195839472697,0,1,4.0
8.9,52180,AGENT,749.488,2735.56,MIA,728.7195839472697,0,1,4.0
