TIMESTAMP,TRACK_ID,OBJECT_TYPE,X,Y,CITY_NAME,REF_xmin,AUGMENT_TYPE,AUGMENT_DIRECTION,ATTACK_POWER_TYPE
10.0,52180,AGENT,1178.05,209.706,PIT,1089.2207211434145,1,0,1.0
10.1,52180,AGENT,1177.14,209.383,PIT,1089.2207211434145,1,0,1.0
10.2,52180,AGENT,1176.24,209.06,PIT,1089.2207211434145,1,0,1.0
10.3,52180,AGENT,1175.33,208.737,PIT,1089.2207211434145,1,0,1.0
10.4,52180,AGENT,1174.42,208.414,PIT,1089.2207211434145,1,0,1.0
10.5,52180,AGENT,1173.51,208.09,PIT,1089.2207211434145,1,0,1.0
10.6,52180,AGENT,1172.59,207.764,PIT,1089.2207211434145,1,0,1.0
10.7,52180,AGENT,1171.68,207.437,PIT,1089.2207211434145,1,0,1.0
10.8,52180,AGENT,1170.76,207.11,PIT,1089.2207211434145,1,0,1.0
10.9,52180,AGENT,1169.84,206.783,PIT,1089.2207211434145,1,0,1.0
11.0,52180,AGENT,1168.93,206.456,PIT,1089.2207211434145,1,0,1.0
11.1,52180,AGENT,1168.01,206.128,PIT,1089.2207211434145,1,0,1.0
11.2,52180,AGENT,1167.09,205.8,PIT,1089.2207211434145,1,0,1.0
11.3,52180,AGENT,1166.18,205.471,PIT,1089.2207211434145,1,0,1.0
11.4,52180,AGENT,1165.26,205.141,PIT,1089.2207211434145,1,0,1.0
11.5,52180,AGENT,1164.35,204.81,PIT,1089.2207211434145,1,0,1.0
11.6,52180,AGENT,1163.43,204.478,PIT,1089.2207211434145,1,0,1.0
11.7,52180,AGENT,1162.52,204.145,PIT,1089.2207211434145,1,0,1.0
11.8,52180,AGENT,1161.61,203.81,PIT,1089.2207211434145,1,0,1.0
11.9,52180,AGENT,1160.69,203.474,PIT,1089.2207211434145,1,0,1.0
12.0,52180,AGENT,1159.78,203.137,PIT,1089.2207211434145,1,0,1.0
12.1,52180,AGENT,1158.87,202.798,PIT,1089.2207211434145,1,0,1.0
12.2,52180,AGENT,1157.96,202.457,PIT,1089.2207211434145,1,0,1.0
12.3,52180,AGENT,1157.05,202.114,PIT,1089.2207211434145,1,0,1.0
12.4,52180,AGENT,1156.14,201.77,PIT,1089.2207211434145,1,0,1.0
12.5,52180,AGENT,1155.23,201.425,PIT,1089.2207211434145,1,0,1.0
12.6,52180,AGENT,1154.32,201.077,PIT,1089.2207211434145,1,0,1.0
12.7,52180,AGENT,1153.42,200.728,PIT,1089.2207211434145,1,0,1.0
12.8,52180,AGENT,1152.51,200.377,PIT,1089.2207211434145,1,0,1.0
12.9,52180,AGENT,1151.61,200.024,PIT,1089.2207211434145,1,0,1.0
13.0,52180,AGENT,1150.7,199.67,PIT,1089.2207211434145,1,0,1.0
13.1,52180,AGENT,1149.8,199.315,PIT,1089.2207211434145,1,0,1.0
13.2,52180,AGENT,1148.89,198.958,PIT,1089.2207211434145,1,0,1.0
13.3,52180,AGENT,1147.99,198.6,PIT,1089.2207211434145,1,0,1.0
13.4,52180,AGENT,1147.09,198.241,PIT,1089.2207211434145,1,0,1.0
13.5,52180,AGENT,1146.18,197.882,PIT,1089.2207211434145,1,0,1.0
13.6,52180,AGENT,1145.28,197.522,PIT,1089.2207211434145,1,0,1.0
13.7,52180,AGENT,1144.38,197.162,PIT,1089.2207211434145,1,0,1.0
13.8,52180,AGENT,1143.48,196.803,PIT,1089.2207211434145,1,0,1.0
13.9,52180,AGENT,1142.57,196.443,PIT,1089.2207211434145,1,0,1.0
14.0,52180,AGENT,1141.67,196.085,PIT,1089.2207211434145,1,0,1.0
14.1,52180,AGENT,1140.77,195.727,PIT,1089.2207211434145,1,0,1.0
14.2,52180,AGENT,1139.87,195.37,PIT,1089.2207211434145,1,0,1.0
14.3,52180,AGENT,1138.96,195.015,PIT,1089.2207211434145,1,0,1.0
14.4,52180,AGENT,1138.06,194.661,PIT,1089.2207211434145,1,0,1.0
14.5,52180,AGENT,1137.15,194.308,PIT,1089.2207211434145,1,0,1.0
14.6,52180,AGENT,1136.25,193.957,PIT,1089.2207211434145,1,0,1.0
14.7,52180,AGENT,1135.34,193.607,PIT,1089.2207211434145,1,0,1.0
14.8,52180,AGENT,1134.44,193.259,PIT,1089.2207211434145,1,0,1.0
14.9,52180,AGENT,1133.53,192.912,PIT,1089.2207211434145,1,0,1.0
