TIMESTAMP,TRACK_ID,OBJECT_TYPE,X,Y,CITY_NAME,REF_xmin,AUGMENT_TYPE,AUGMENT_DIRECTION,ATTACK_POWER_TYPE
14.0,52180,AGENT,562.363,2379.81,MIA,562.103072139842,1,1,2.0
14.1,52180,AGENT,562.395,2379.21,MIA,562.103072139842,1,1,2.0
14.2,52180,AGENT,562.427,2378.61,MIA,562.103072139842,1,1,2.0
14.3,52180,AGENT,562.458,2378.01,MIA,562.103072139842,1,1,2.0
14.4,52180,AGENT,562.49,2377.41,MIA,562.103072139842,1,1,2.0
14.5,52180,AGENT,562.521,2376.8,MIA,562.103072139842,1,1,2.0
14.6,52180,AGENT,562.552,2376.2,MIA,562.103072139842,1,1,2.0
14.7,52180,AGENT,562.583,2375.6,MIA,562.103072139842,1,1,2.0
14.8,52180,AGENT,562.613,2375.0,MIA,562.103072139842,1,1,2.0
14.9,52180,AGENT,562.643,2374.4,MIA,562.103072139842,1,1,2.0
15.0,52180,AGENT,562.672,2373.8,MIA,562.103072139842,1,1,2.0
15.1,52180,AGENT,562.701,2373.2,MIA,562.103072139842,1,1,2.0
15.2,52180,AGENT,562.729,2372.6,MIA,562.103072139842,1,1,2.0
15.3,52180,AGENT,562.757,2372.0,MIA,562.103072139842,1,1,2.0
15.4,52180,AGENT,562.784,2371.4,MIA,562.103072139842,1,1,2.0
15.5,52180,AGENT,562.811,2370.79,MIA,562.103072139842,1,1,2.0
15.6,52180,AGENT,562.837,2370.19,MIA,562.103072139842,1,1,2.0
15.7,52180,AGENT,562.864,2369.59,MIA,562.103072139842,1,1,2.0
15.8,52180,AGENT,562.889,2368.99,MIA,562.103072139842,1,1,2.0
15.9,52180,AGENT,562.914,2368.39,MIA,562.103072139842,1,1,2.0
16.0,52180,AGENT,562.939,2367.79,MIA,562.103072139842,1,1,2.0
16.1,52180,AGENT,562.964,2367.19,MIA,562.103072139842,1,1,2.0
16.2,52180,AGENT,562.988,2366.59,MIA,562.103072139842,1,1,2.0
16.3,52180,AGENT,563.012,2365.98,MIA,562.103072139842,1,1,2.0
16.4,52180,AGENT,563.035,2365.38,MIA,562.103072139842,1,1,2.0
16.5,52180,AGENT,563.059,2364.78,MIA,562.103072139842,1,1,2.0
16.6,52180,AGENT,563.082,2364.18,MIA,562.103072139842,1,1,2.0
16.7,52180,AGENT,563.105,2363.58,MIA,562.103072139842,1,1,2.0
16.8,52180,AGENT,563.127,2362.98,MIA,562.103072139842,1,1,2.0
16.9,52180,AGENT,563.15,2362.38,MIA,562.103072139842,1,1,2.0
17.0,52180,AGENT,563.172,2361.77,MIA,562.103072139842,1,1,2.0
17.1,52180,AGENT,563.194,2361.17,MIA,562.103072139842,1,1,2.0
17.2,52180,AGENT,563.216,2360.57,MIA,562.103072139842,1,1,2.0
17.3,52180,AGENT,563.238,2359.97,MIA,562.103072139842,1,1,2.0
17.4,52180,AGENT,563.26,2359.37,MIA,562.103072139842,1,1,2.0
17.5,52180,AGENT,563.282,2358.77,MIA,562.103072139842,1,1,2.0
17.6,52180,AGENT,563.304,2358.17,MIA,562.103072139842,1,1,2.0
17.7,52180,AGENT,563.325,2357.57,MIA,562.103072139842,1,1,2.0
17.8,52180,AGENT,563.347,2356.96,MIA,562.103072139842,1,1,2.0
17.9,52180,AGENT,563.368,2356.36,MIA,562.103072139842,1,1,2.0
18.0,52180,AGENT,563.389,2355.76,MIA,562.103072139842,1,1,2.0
18.1,52180,AGENT,563.41,2355.16,MIA,562.103072139842,1,1,2.0
18.2,52180,AGENT,563.431,2354.56,MIA,562.103072139842,1,1,2.0
18.3,52180,AGENT,563.452,2353.96,MIA,562.103072139842,1,1,2.0
18.4,52180,AGENT,563.473,2353.36,MIA,562.103072139842,1,1,2.0
18.5,52180,AGENT,563.494,2352.75,MIA,562.103072139842,1,1,2.0
18.6,52180,AGENT,563.514,2352.15,MIA,562.103072139842,1,1,2.0
18.7,52180,AGENT,563.534,2351.55,MIA,562.103072139842,1,1,2.0
18.8,52180,AGENT,563.555,2350.95,MIA,562.103072139842,1,1,2.0
18.9,52180,AGENT,563.575,2350.35,MIA,562.103072139842,1,1,2.0
