TIMESTAMP,TRACK_ID,OBJECT_TYPE,X,Y,CITY_NAME,REF_xmin,AUGMENT_TYPE,AUGMENT_DIRECTION,ATTACK_POWER_TYPE
0.0,52180,AGENT,589.842,1183.85,MIA,589.8416541027837,1,1,3.0
0.1,52180,AGENT,589.862,1183.25,MIA,589.8416541027837,1,1,3.0
0.2,52180,AGENT,589.882,1182.65,MIA,589.8416541027837,1,1,3.0
0.3,52180,AGENT,589.901,1182.05,MIA,589.8416541027837,1,1,3.0
0.4,52180,AGENT,589.92,1181.45,MIA,589.8416541027837,1,1,3.0
0.5,52180,AGENT,589.939,1180.85,MIA,589.8416541027837,1,1,3.0
0.6,52180,AGENT,589.957,1180.25,MIA,589.8416541027837,1,1,3.0
0.7,52180,AGENT,589.975,1179.65,MIA,589.8416541027837,1,1,3.0
0.8,52180,AGENT,589.992,1179.05,MIA,589.8416541027837,1,1,3.0
0.9,52180,AGENT,590.009,1178.45,MIA,589.8416541027837,1,1,3.0
1.0,52180,AGENT,590.025,1177.84,MIA,589.8416541027837,1,1,3.0
1.1,52180,AGENT,590.041,1177.24,MIA,589.8416541027837,1,1,3.0
1.2,52180,AGENT,590.057,1176.64,MIA,589.8416541027837,1,1,3.0
1.3,52180,AGENT,590.072,1176.04,MIA,589.8416541027837,1,1,3.0
1.4,52180,AGENT,590.087,1175.44,MIA,589.8416541027837,1,1,3.0
1.5,52180,AGENT,590.101,1174.85,MIA,589.8416541027837,1,1,3.0
1.6,52180,AGENT,590.116,1174.25,MIA,589.8416541027837,1,1,3.0
1.7,52180,AGENT,590.129,1173.66,MIA,589.8416541027837,1,1,3.0
1.8,52180,AGENT,590.142,1173.07,MIA,589.8416541027837,1,1,3.0
1.9,52180,AGENT,590.155,1172.48,MIA,589.8416541027837,1,1,3.0
2.0,52180,AGENT,590.168,1171.9,MIA,589.8416541027837,1,1,3.0
2.1,52180,AGENT,590.18,1171.32,MIA,589.8416541027837,1,1,3.0
2.2,52180,AGENT,590.192,1170.74,MIA,589.8416541027837,1,1,3.0
2.3,52180,AGENT,590.204,1170.16,MIA,589.8416541027837,1,1,3.0
2.4,52180,AGENT,590.216,1169.58,MIA,589.8416541027837,1,1,3.0
2.5,52180,AGENT,590.228,1169.0,MIA,589.8416541027837,1,1,3.0
2.6,52180,AGENT,590.239,1168.42,MIA,589.8416541027837,1,1,3.0
2.7,52180,AGENT,590.251,1167.83,MIA,589.8416541027837,1,1,3.0
2.8,52180,AGENT,590.262,1167.25,MIA,589.8416541027837,1,1,3.0
2.9,52180,AGENT,590.274,1166.66,MIA,589.8416541027837,1,1,3.0
3.0,52180,AGENT,590.285,1166.07,MIA,589.8416541027837,1,1,3.0
3.1,52180,AGENT,590.297,1165.48,MIA,589.8416541027837,1,1,3.0
3.2,52180,AGENT,590.31,1164.89,MIA,589.8416541027837,1,1,3.0
3.3,52180,AGENT,590.324,1164.3,MIA,589.8416541027837,1,1,3.0
3.4,52180,AGENT,590.339,1163.71,MIA,589.8416541027837,1,1,3.0
3.5,52180,AGENT,590.355,1163.12,MIA,589.8416541027837,1,1,3.0
3.6,52180,AGENT,590.373,1162.54,MIA,589.8416541027837,1,1,3.0
3.7,52180,AGENT,590.394,1161.95,MIA,589.8416541027837,1,1,3.0
3.8,52180,AGENT,590.417,1161.36,MIA,589.8416541027837,1,1,3.0
3.9,52180,AGENT,590.443,1160.77,MIA,589.8416541027837,1,1,3.0
4.0,52180,AGENT,590.473,1160.18,MIA,589.8416541027837,1,1,3.0
4.1,52180,AGENT,590.506,1159.59,MIA,589.8416541027837,1,1,3.0
4.2,52180,AGENT,590.544,1159.0,MIA,589.8416541027837,1,1,3.0
4.3,52180,AGENT,590.588,1158.42,MIA,589.8416541027837,1,1,3.0
4.4,52180,AGENT,590.639,1157.83,MIA,589.8416541027837,1,1,3.0
4.5,52180,AGENT,590.695,1157.25,MIA,589.8416541027837,1,1,3.0
4.6,52180,AGENT,590.758,1156.67,MIA,589.8416541027837,1,1,3.0
4.7,52180,AGENT,590.828,1156.11,MIA,589.8416541027837,1,1,3.0
4.8,52180,AGENT,590.904,1155.55,MIA,589.8416541027837,1,1,3.0
4.9,52180,AGENT,590.987,1155.0,MIA,589.8416541027837,1,1,3.0
