TIMESTAMP,TRACK_ID,OBJECT_TYPE,X,Y,CITY_NAME,REF_xmin,AUGMENT_TYPE,AUGMENT_DIRECTION,ATTACK_POWER_TYPE
22.0,52180,AGENT,1609.34,192.457,PIT,1510.458870498871,0,1,10.0
22.1,52180,AGENT,1609.63,191.93,PIT,1510.458870498871,0,1,10.0
22.2,52180,AGENT,1609.93,191.403,PIT,1510.458870498871,0,1,10.0
22.3,52180,AGENT,1610.23,190.876,PIT,1510.458870498871,0,1,10.0
22.4,52180,AGENT,1610.53,190.349,PIT,1510.458870498871,0,1,10.0
22.5,52180,AGENT,1610.82,189.822,PIT,1510.458870498871,0,1,10.0
22.6,52180,AGENT,1611.12,189.295,PIT,1510.458870498871,0,1,10.0
22.7,52180,AGENT,1611.42,188.768,PIT,1510.458870498871,0,1,10.0
22.8,52180,AGENT,1611.72,188.241,PIT,1510.458870498871,0,1,10.0
22.9,52180,AGENT,1612.02,187.715,PIT,1510.458870498871,0,1,10.0
23.0,52180,AGENT,1612.31,187.188,PIT,1510.458870498871,0,1,10.0
23.1,52180,AGENT,1612.61,186.662,PIT,1510.458870498871,0,1,10.0
23.2,52180,AGENT,1612.91,186.135,PIT,1510.458870498871,0,1,10.0
23.3,52180,AGENT,1613.21,185.609,PIT,1510.458870498871,0,1,10.0
23.4,52180,AGENT,1613.51,185.082,PIT,1510.458870498871,0,1,10.0
23.5,52180,AGENT,1613.81,184.556,PIT,1510.458870498871,0,1,10.0
23.6,52180,AGENT,1614.11,184.03,PIT,1510.458870498871,0,1,10.0
23.7,52180,AGENT,1614.41,183.503,PIT,1510.458870498871,0,1,10.0
23.8,52180,AGENT,1614.71,182.977,PIT,1510.458870498871,0,1,10.0
23.9,52180,AGENT,1615.01,182.451,PIT,1510.458870498871,0,1,10.0
24.0,52180,AGENT,1615.31,181.925,PIT,1510.458870498871,0,1,10.0
24.1,52180,AGENT,1615.6,181.399,PIT,1510.458870498871,0,1,10.0
24.2,52180,AGENT,1615.9,180.872,PIT,1510.458870498871,0,1,10.0
24.3,52180,AGENT,1616.2,180.346,PIT,1510.458870498871,0,1,10.0
24.4,52180,AGENT,1616.5,179.82,PIT,1510.458870498871,0,1,10.0
24.5,52180,AGENT,1616.8,179.294,PIT,1510.458870498871,0,1,10.0
24.6,52180,AGENT,1617.1,178.767,PIT,1510.458870498871,0,1,10.0
24.7,52180,AGENT,1617.4,178.241,PIT,1510.458870498871,0,1,10.0
24.8,52180,AGENT,1617.7,177.715,PIT,1510.458870498871,0,1,10.0
24.9,52180,AGENT,1618.0,177.189,PIT,1510.458870498871,0,1,10.0
25.0,52180,AGENT,1618.3,176.663,PIT,1510.458870498871,0,1,10.0
25.1,52180,AGENT,1618.6,176.137,PIT,1510.458870498871,0,1,10.0
25.2,52180,AGENT,1618.9,175.611,PIT,1510.458870498871,0,1,10.0
25.3,52180,AGENT,1619.2,175.085,PIT,1510.458870498871,0,1,10.0
25.4,52180,AGENT,1619.5,174.56,PIT,1510.458870498871,0,1,10.0
25.5,52180,AGENT,1619.8,174.034,PIT,1510.458870498871,0,1,10.0
25.6,52180,AGENT,1620.1,173.509,PIT,1510.458870498871,0,1,10.0
25.7,52180,AGENT,1620.41,172.984,PIT,1510.458870498871,0,1,10.0
25.8,52180,AGENT,1620.71,172.459,PIT,1510.458870498871,0,1,10.0
25.9,52180,AGENT,1621.01,171.935,PIT,1510.458870498871,0,1,10.0
26.0,52180,AGENT,1621.32,171.411,PIT,1510.458870498871,0,1,10.0
26.1,52180,AGENT,1621.62,170.888,PIT,1510.458870498871,0,1,10.0
26.2,52180,AGENT,1621.93,170.365,PIT,1510.458870498871,0,1,10.0
26.3,52180,AGENT,1622.23,169.843,PIT,1510.458870498871,0,1,10.0
26.4,52180,AGENT,1622.54,169.321,PIT,1510.458870498871,0,1,10.0
26.5,52180,AGENT,1622.85,168.801,PIT,1510.458870498871,0,1,10.0
26.6,52180,AGENT,1623.16,168.28,PIT,1510.458870498871,0,1,10.0
26.7,52180,AGENT,1623.47,167.761,PIT,1510.458870498871,0,1,10.0
26.8,52180,AGENT,1623.78,167.243,PIT,1510.458870498871,0,1,10.0
26.9,52180,AGENT,1624.1,166.725,PIT,1510.458870498871,0,1,10.0
