TIMESTAMP,TRACK_ID,OBJECT_TYPE,X,Y,CITY_NAME,REF_xmin,AUGMENT_TYPE,AUGMENT_DIRECTION,ATTACK_POWER_TYPE
4.0,52180,AGENT,3005.88,1459.61,PIT,2985.591567227384,0,1,9.0
4.1,52180,AGENT,3006.41,1460.1,PIT,2985.591567227384,0,1,9.0
4.2,52180,AGENT,3006.93,1460.58,PIT,2985.591567227384,0,1,9.0
4.3,52180,AGENT,3007.46,1461.06,PIT,2985.591567227384,0,1,9.0
4.4,52180,AGENT,3007.97,1461.54,PIT,2985.591567227384,0,1,9.0
4.5,52180,AGENT,3008.48,1462.01,PIT,2985.591567227384,0,1,9.0
4.6,52180,AGENT,3008.97,1462.47,PIT,2985.591567227384,0,1,9.0
4.7,52180,AGENT,3009.47,1462.93,PIT,2985.591567227384,0,1,9.0
4.8,52180,AGENT,3009.95,1463.37,PIT,2985.591567227384,0,1,9.0
4.9,52180,AGENT,3010.43,1463.82,PIT,2985.591567227384,0,1,9.0
5.0,52180,AGENT,3010.9,1464.25,PIT,2985.591567227384,0,1,9.0
5.1,52180,AGENT,3011.37,1464.68,PIT,2985.591567227384,0,1,9.0
5.2,52180,AGENT,3011.83,1465.11,PIT,2985.591567227384,0,1,9.0
5.3,52180,AGENT,3012.28,1465.52,PIT,2985.591567227384,0,1,9.0
5.4,52180,AGENT,3012.72,1465.93,PIT,2985.591567227384,0,1,9.0
5.5,52180,AGENT,3013.16,1466.34,PIT,2985.591567227384,0,1,9.0
5.6,52180,AGENT,3013.59,1466.73,PIT,2985.591567227384,0,1,9.0
5.7,52180,AGENT,3014.02,1467.13,PIT,2985.591567227384,0,1,9.0
5.8,52180,AGENT,3014.44,1467.52,PIT,2985.591567227384,0,1,9.0
5.9,52180,AGENT,3014.87,1467.91,PIT,2985.591567227384,0,1,9.0
6.0,52180,AGENT,3015.3,1468.3,PIT,2985.591567227384,0,1,9.0
6.1,52180,AGENT,3015.73,1468.69,PIT,2985.591567227384,0,1,9.0
6.2,52180,AGENT,3016.16,1469.09,PIT,2985.591567227384,0,1,9.0
6.3,52180,AGENT,3016.59,1469.48,PIT,2985.591567227384,0,1,9.0
6.4,52180,AGENT,3017.02,1469.87,PIT,2985.591567227384,0,1,9.0
6.5,52180,AGENT,3017.45,1470.27,PIT,2985.591567227384,0,1,9.0
6.6,52180,AGENT,3017.88,1470.67,PIT,2985.591567227384,0,1,9.0
6.7,52180,AGENT,3018.31,1471.06,PIT,2985.591567227384,0,1,9.0
6.8,52180,AGENT,3018.74,1471.46,PIT,2985.591567227384,0,1,9.0
6.9,52180,AGENT,3019.17,1471.86,PIT,2985.591567227384,0,1,9.0
7.0,52180,AGENT,3019.6,1472.27,PIT,2985.591567227384,0,1,9.0
7.1,52180,AGENT,3020.02,1472.67,PIT,2985.591567227384,0,1,9.0
7.2,52180,AGENT,3020.45,1473.08,PIT,2985.591567227384,0,1,9.0
7.3,52180,AGENT,3020.88,1473.49,PIT,2985.591567227384,0,1,9.0
7.4,52180,AGENT,3021.3,1473.9,PIT,2985.591567227384,0,1,9.0
7.5,52180,AGENT,3021.73,1474.31,PIT,2985.591567227384,0,1,9.0
7.6,52180,AGENT,3022.15,1474.73,PIT,2985.591567227384,0,1,9.0
7.7,52180,AGENT,3022.58,1475.15,PIT,2985.591567227384,0,1,9.0
7.8,52180,AGENT,3023.0,1475.57,PIT,2985.591567227384,0,1,9.0
7.9,52180,AGENT,3023.42,1476.0,PIT,2985.591567227384,0,1,9.0
8.0,52180,AGENT,3023.84,1476.43,PIT,2985.591567227384,0,1,9.0
8.1,52180,AGENT,3024.26,1476.85,PIT,2985.591567227384,0,1,9.0
8.2,52180,AGENT,3024.68,1477.28,PIT,2985.591567227384,0,1,9.0
8.3,52180,AGENT,3025.1,1477.71,PIT,2985.591567227384,0,1,9.0
8.4,52180,AGENT,3025.51,1478.13,PIT,2985.591567227384,0,1,9.0
8.5,52180,AGENT,3025.92,1478.56,PIT,2985.591567227384,0,1,9.0
8.6,52180,AGENT,3026.34,1478.98,PIT,2985.591567227384,0,1,9.0
8.7,52180,AGENT,3026.75,1479.4,PIT,2985.591567227384,0,1,9.0
8.8,52180,AGENT,3027.16,1479.81,PIT,2985.591567227384,0,1,9.0
8.9,52180,AGENT,3027.58,1480.22,PIT,2985.591567227384,0,1,9.0
