TIMESTAMP,TRACK_ID,OBJECT_TYPE,X,Y,CITY_NAME,REF_xmin,AUGMENT_TYPE,AUGMENT_DIRECTION,ATTACK_POWER_TYPE
10.0,52180,AGENT,-259.463,2719.95,MIA,-330.0,0,1,5.0
10.1,52180,AGENT,-259.721,2720.41,MIA,-330.0,0,1,5.0
10.2,52180,AGENT,-259.962,2720.88,MIA,-330.0,0,1,5.0
10.3,52180,AGENT,-260.188,2721.36,MIA,-330.0,0,1,5.0
10.4,52180,AGENT,-260.398,2721.83,MIA,-330.0,0,1,5.0
10.5,52180,AGENT,-260.594,2722.32,MIA,-330.0,0,1,5.0
10.6,52180,AGENT,-260.774,2722.8,MIA,-330.0,0,1,5.0
10.7,52180,AGENT,-260.941,2723.29,MIA,-330.0,0,1,5.0
10.8,52180,AGENT,-261.095,2723.79,MIA,-330.0,0,1,5.0
10.9,52180,AGENT,-261.235,2724.28,MIA,-330.0,0,1,5.0
11.0,52180,AGENT,-261.364,2724.78,MIA,-330.0,0,1,5.0
11.1,52180,AGENT,-261.481,2725.28,MIA,-330.0,0,1,5.0
11.2,52180,AGENT,-261.587,2725.78,MIA,-330.0,0,1,5.0
11.3,52180,AGENT,-261.684,2726.28,MIA,-330.0,0,1,5.0
11.4,52180,AGENT,-261.771,2726.79,MIA,-330.0,0,1,5.0
11.5,52180,AGENT,-261.849,2727.29,MIA,-330.0,0,1,5.0
11.6,52180,AGENT,-261.919,2727.8,MIA,-330.0,0,1,5.0
11.7,52180,AGENT,-261.981,2728.3,MIA,-330.0,0,1,5.0
11.8,52180,AGENT,-262.037,2728.81,MIA,-330.0,0,1,5.0
11.9,52180,AGENT,-262.086,2729.32,MIA,-330.0,0,1,5.0
12.0,52180,AGENT,-262.13,2729.83,MIA,-330.0,0,1,5.0
12.1,52180,AGENT,-262.168,2730.34,MIA,-330.0,0,1,5.0
12.2,52180,AGENT,-262.201,2730.86,MIA,-330.0,0,1,5.0
12.3,52180,AGENT,-262.23,2731.38,MIA,-330.0,0,1,5.0
12.4,52180,AGENT,-262.255,2731.9,MIA,-330.0,0,1,5.0
12.5,52180,AGENT,-262.276,2732.42,MIA,-330.0,0,1,5.0
12.6,52180,AGENT,-262.295,2732.94,MIA,-330.0,0,1,5.0
12.7,52180,AGENT,-262.31,2733.46,MIA,-330.0,0,1,5.0
12.8,52180,AGENT,-262.322,2733.99,MIA,-330.0,0,1,5.0
12.9,52180,AGENT,-262.332,2734.53,MIA,-330.0,0,1,5.0
13.0,52180,AGENT,-262.339,2735.09,MIA,-330.0,0,1,5.0
13.1,52180,AGENT,-262.344,2735.65,MIA,-330.0,0,1,5.0
13.2,52180,AGENT,-262.347,2736.22,MIA,-330.0,0,1,5.0
13.3,52180,AGENT,-262.349,2736.79,MIA,-330.0,0,1,5.0
13.4,52180,AGENT,-262.351,2737.36,MIA,-330.0,0,1,5.0
13.5,52180,AGENT,-262.353,2737.94,MIA,-330.0,0,1,5.0
13.6,52180,AGENT,-262.353,2738.51,MIA,-330.0,0,1,5.0
13.7,52180,AGENT,-262.353,2739.09,MIA,-330.0,0,1,5.0
13.8,52180,AGENT,-262.353,2739.67,MIA,-330.0,0,1,5.0
13.9,52180,AGENT,-262.354,2740.25,MIA,-330.0,0,1,5.0
14.0,52180,AGENT,-262.357,2740.83,MIA,-330.0,0,1,5.0
14.1,52180,AGENT,-262.362,2741.4,MIA,-330.0,0,1,5.0
14.2,52180,AGENT,-262.37,2741.98,MIA,-330.0,0,1,5.0
14.3,52180,AGENT,-262.382,2742.55,MIA,-330.0,0,1,5.0
14.4,52180,AGENT,-262.397,2743.12,MIA,-330.0,0,1,5.0
14.5,52180,AGENT,-262.418,2743.69,MIA,-330.0,0,1,5.0
14.6,52180,AGENT,-262.443,2744.26,MIA,-330.0,0,1,5.0
14.7,52180,AGENT,-262.472,2744.82,MIA,-330.0,0,1,5.0
14.8,52180,AGENT,-262.505,2745.36,MIA,-330.0,0,1,5.0
14.9,52180,AGENT,-262.542,2745.9,MIA,-330.0,0,1,5.0
