TIMESTAMP,TRACK_ID,OBJECT_TYPE,X,Y,CITY_NAME,REF_xmin,AUGMENT_TYPE,AUGMENT_DIRECTION,ATTACK_POWER_TYPE
4.0,52180,AGENT,95.7751,2183.41,MIA,71.39105639967602,1,0,10.0
4.1,52180,AGENT,95.2695,2183.39,MIA,71.39105639967602,1,0,10.0
4.2,52180,AGENT,94.7631,2183.37,MIA,71.39105639967602,1,0,10.0
4.3,52180,AGENT,94.2558,2183.34,MIA,71.39105639967602,1,0,10.0
4.4,52180,AGENT,93.749,2183.32,MIA,71.39105639967602,1,0,10.0
4.5,52180,AGENT,93.2441,2183.3,MIA,71.39105639967602,1,0,10.0
4.6,52180,AGENT,92.7394,2183.27,MIA,71.39105639967602,1,0,10.0
4.7,52180,AGENT,92.2332,2183.25,MIA,71.39105639967602,1,0,10.0
4.8,52180,AGENT,91.7255,2183.22,MIA,71.39105639967602,1,0,10.0
4.9,52180,AGENT,91.2162,2183.2,MIA,71.39105639967602,1,0,10.0
5.0,52180,AGENT,90.7051,2183.17,MIA,71.39105639967602,1,0,10.0
5.1,52180,AGENT,90.1924,2183.15,MIA,71.39105639967602,1,0,10.0
5.2,52180,AGENT,89.678,2183.12,MIA,71.39105639967602,1,0,10.0
5.3,52180,AGENT,89.1618,2183.09,MIA,71.39105639967602,1,0,10.0
5.4,52180,AGENT,88.6436,2183.06,MIA,71.39105639967602,1,0,10.0
5.5,52180,AGENT,88.1231,2183.02,MIA,71.39105639967602,1,0,10.0
5.6,52180,AGENT,87.6002,2182.99,MIA,71.39105639967602,1,0,10.0
5.7,52180,AGENT,87.075,2182.96,MIA,71.39105639967602,1,0,10.0
5.8,52180,AGENT,86.5471,2182.92,MIA,71.39105639967602,1,0,10.0
5.9,52180,AGENT,86.0182,2182.89,MIA,71.39105639967602,1,0,10.0
6.0,52180,AGENT,85.4894,2182.85,MIA,71.39105639967602,1,0,10.0
6.1,52180,AGENT,84.9609,2182.82,MIA,71.39105639967602,1,0,10.0
6.2,52180,AGENT,84.4326,2182.79,MIA,71.39105639967602,1,0,10.0
6.3,52180,AGENT,83.9047,2182.76,MIA,71.39105639967602,1,0,10.0
6.4,52180,AGENT,83.3774,2182.74,MIA,71.39105639967602,1,0,10.0
6.5,52180,AGENT,82.8512,2182.72,MIA,71.39105639967602,1,0,10.0
6.6,52180,AGENT,82.3266,2182.7,MIA,71.39105639967602,1,0,10.0
6.7,52180,AGENT,81.8041,2182.69,MIA,71.39105639967602,1,0,10.0
6.8,52180,AGENT,81.2844,2182.69,MIA,71.39105639967602,1,0,10.0
6.9,52180,AGENT,80.7712,2182.7,MIA,71.39105639967602,1,0,10.0
7.0,52180,AGENT,80.2681,2182.7,MIA,71.39105639967602,1,0,10.0
7.1,52180,AGENT,79.7755,2182.72,MIA,71.39105639967602,1,0,10.0
7.2,52180,AGENT,79.2939,2182.74,MIA,71.39105639967602,1,0,10.0
7.3,52180,AGENT,78.8238,2182.77,MIA,71.39105639967602,1,0,10.0
7.4,52180,AGENT,78.3657,2182.81,MIA,71.39105639967602,1,0,10.0
7.5,52180,AGENT,77.9194,2182.85,MIA,71.39105639967602,1,0,10.0
7.6,52180,AGENT,77.4849,2182.91,MIA,71.39105639967602,1,0,10.0
7.7,52180,AGENT,77.0626,2182.97,MIA,71.39105639967602,1,0,10.0
7.8,52180,AGENT,76.6504,2183.05,MIA,71.39105639967602,1,0,10.0
7.9,52180,AGENT,76.2466,2183.15,MIA,71.39105639967602,1,0,10.0
8.0,52180,AGENT,75.8517,2183.26,MIA,71.39105639967602,1,0,10.0
8.1,52180,AGENT,75.4667,2183.4,MIA,71.39105639967602,1,0,10.0
8.2,52180,AGENT,75.0921,2183.54,MIA,71.39105639967602,1,0,10.0
8.3,52180,AGENT,74.7284,2183.71,MIA,71.39105639967602,1,0,10.0
8.4,52180,AGENT,74.3761,2183.89,MIA,71.39105639967602,1,0,10.0
8.5,52180,AGENT,74.0333,2184.09,MIA,71.39105639967602,1,0,10.0
8.6,52180,AGENT,73.6985,2184.31,MIA,71.39105639967602,1,0,10.0
8.7,52180,AGENT,73.3719,2184.55,MIA,71.39105639967602,1,0,10.0
8.8,52180,AGENT,73.0536,2184.82,MIA,71.39105639967602,1,0,10.0
8.9,52180,AGENT,72.7438,2185.1,MIA,71.39105639967602,1,0,10.0
