TIMESTAMP,TRACK_ID,OBJECT_TYPE,X,Y,CITY_NAME,REF_xmin,AUGMENT_TYPE,AUGMENT_DIRECTION,ATTACK_POWER_TYPE
16.0,52180,AGENT,915.657,3147.29,MIA,894.1615083003417,0,0,7.0
16.1,52180,AGENT,916.154,3147.31,MIA,894.1615083003417,0,0,7.0
16.2,52180,AGENT,916.655,3147.33,MIA,894.1615083003417,0,0,7.0
16.3,52180,AGENT,917.166,3147.35,MIA,894.1615083003417,0,0,7.0
16.4,52180,AGENT,917.683,3147.37,MIA,894.1615083003417,0,0,7.0
16.5,52180,AGENT,918.201,3147.38,MIA,894.1615083003417,0,0,7.0
16.6,52180,AGENT,918.718,3147.39,MIA,894.1615083003417,0,0,7.0
16.7,52180,AGENT,919.241,3147.4,MIA,894.1615083003417,0,0,7.0
16.8,52180,AGENT,919.775,3147.4,MIA,894.1615083003417,0,0,7.0
16.9,52180,AGENT,920.322,3147.41,MIA,894.1615083003417,0,0,7.0
17.0,52180,AGENT,920.879,3147.41,MIA,894.1615083003417,0,0,7.0
17.1,52180,AGENT,921.443,3147.41,MIA,894.1615083003417,0,0,7.0
17.2,52180,AGENT,922.008,3147.41,MIA,894.1615083003417,0,0,7.0
17.3,52180,AGENT,922.575,3147.4,MIA,894.1615083003417,0,0,7.0
17.4,52180,AGENT,923.141,3147.4,MIA,894.1615083003417,0,0,7.0
17.5,52180,AGENT,923.708,3147.4,MIA,894.1615083003417,0,0,7.0
17.6,52180,AGENT,924.275,3147.4,MIA,894.1615083003417,0,0,7.0
17.7,52180,AGENT,924.843,3147.4,MIA,894.1615083003417,0,0,7.0
17.8,52180,AGENT,925.418,3147.4,MIA,894.1615083003417,0,0,7.0
17.9,52180,AGENT,926.006,3147.4,MIA,894.1615083003417,0,0,7.0
18.0,52180,AGENT,926.607,3147.39,MIA,894.1615083003417,0,0,7.0
18.1,52180,AGENT,927.22,3147.39,MIA,894.1615083003417,0,0,7.0
18.2,52180,AGENT,927.839,3147.39,MIA,894.1615083003417,0,0,7.0
18.3,52180,AGENT,928.46,3147.4,MIA,894.1615083003417,0,0,7.0
18.4,52180,AGENT,929.081,3147.4,MIA,894.1615083003417,0,0,7.0
18.5,52180,AGENT,929.696,3147.4,MIA,894.1615083003417,0,0,7.0
18.6,52180,AGENT,930.302,3147.4,MIA,894.1615083003417,0,0,7.0
18.7,52180,AGENT,930.898,3147.41,MIA,894.1615083003417,0,0,7.0
18.8,52180,AGENT,931.488,3147.42,MIA,894.1615083003417,0,0,7.0
18.9,52180,AGENT,932.081,3147.42,MIA,894.1615083003417,0,0,7.0
19.0,52180,AGENT,932.68,3147.44,MIA,894.1615083003417,0,0,7.0
19.1,52180,AGENT,933.287,3147.46,MIA,894.1615083003417,0,0,7.0
19.2,52180,AGENT,933.902,3147.49,MIA,894.1615083003417,0,0,7.0
19.3,52180,AGENT,934.52,3147.53,MIA,894.1615083003417,0,0,7.0
19.4,52180,AGENT,935.136,3147.58,MIA,894.1615083003417,0,0,7.0
19.5,52180,AGENT,935.747,3147.63,MIA,894.1615083003417,0,0,7.0
19.6,52180,AGENT,936.348,3147.68,MIA,894.1615083003417,0,0,7.0
19.7,52180,AGENT,936.939,3147.74,MIA,894.1615083003417,0,0,7.0
19.8,52180,AGENT,937.521,3147.8,MIA,894.1615083003417,0,0,7.0
19.9,52180,AGENT,938.093,3147.87,MIA,894.1615083003417,0,0,7.0
20.0,52180,AGENT,938.658,3147.95,MIA,894.1615083003417,0,0,7.0
20.1,52180,AGENT,939.222,3148.04,MIA,894.1615083003417,0,0,7.0
20.2,52180,AGENT,939.783,3148.14,MIA,894.1615083003417,0,0,7.0
20.3,52180,AGENT,940.341,3148.26,MIA,894.1615083003417,0,0,7.0
20.4,52180,AGENT,940.897,3148.39,MIA,894.1615083003417,0,0,7.0
20.5,52180,AGENT,941.449,3148.53,MIA,894.1615083003417,0,0,7.0
20.6,52180,AGENT,941.997,3148.69,MIA,894.1615083003417,0,0,7.0
20.7,52180,AGENT,942.542,3148.86,MIA,894.1615083003417,0,0,7.0
20.8,52180,AGENT,943.087,3149.04,MIA,894.1615083003417,0,0,7.0
20.9,52180,AGENT,943.636,3149.25,MIA,894.1615083003417,0,0,7.0
