TIMESTAMP,TRACK_ID,OBJECT_TYPE,X,Y,CITY_NAME,REF_xmin,AUGMENT_TYPE,AUGMENT_DIRECTION,ATTACK_POWER_TYPE
2.0,52180,AGENT,1245.61,209.601,PIT,1152.3003280193593,1,0,3.0
2.1,52180,AGENT,1245.41,210.188,PIT,1152.3003280193593,1,0,3.0
2.2,52180,AGENT,1245.2,210.776,PIT,1152.3003280193593,1,0,3.0
2.3,52180,AGENT,1245.0,211.366,PIT,1152.3003280193593,1,0,3.0
2.4,52180,AGENT,1244.79,211.963,PIT,1152.3003280193593,1,0,3.0
2.5,52180,AGENT,1244.59,212.573,PIT,1152.3003280193593,1,0,3.0
2.6,52180,AGENT,1244.38,213.191,PIT,1152.3003280193593,1,0,3.0
2.7,52180,AGENT,1244.16,213.811,PIT,1152.3003280193593,1,0,3.0
2.8,52180,AGENT,1243.95,214.44,PIT,1152.3003280193593,1,0,3.0
2.9,52180,AGENT,1243.74,215.082,PIT,1152.3003280193593,1,0,3.0
3.0,52180,AGENT,1243.52,215.734,PIT,1152.3003280193593,1,0,3.0
3.1,52180,AGENT,1243.29,216.393,PIT,1152.3003280193593,1,0,3.0
3.2,52180,AGENT,1243.07,217.054,PIT,1152.3003280193593,1,0,3.0
3.3,52180,AGENT,1242.84,217.717,PIT,1152.3003280193593,1,0,3.0
3.4,52180,AGENT,1242.61,218.381,PIT,1152.3003280193593,1,0,3.0
3.5,52180,AGENT,1242.37,219.043,PIT,1152.3003280193593,1,0,3.0
3.6,52180,AGENT,1242.14,219.702,PIT,1152.3003280193593,1,0,3.0
3.7,52180,AGENT,1241.89,220.358,PIT,1152.3003280193593,1,0,3.0
3.8,52180,AGENT,1241.65,221.01,PIT,1152.3003280193593,1,0,3.0
3.9,52180,AGENT,1241.4,221.656,PIT,1152.3003280193593,1,0,3.0
4.0,52180,AGENT,1241.14,222.297,PIT,1152.3003280193593,1,0,3.0
4.1,52180,AGENT,1240.87,222.928,PIT,1152.3003280193593,1,0,3.0
4.2,52180,AGENT,1240.6,223.545,PIT,1152.3003280193593,1,0,3.0
4.3,52180,AGENT,1240.33,224.15,PIT,1152.3003280193593,1,0,3.0
4.4,52180,AGENT,1240.05,224.739,PIT,1152.3003280193593,1,0,3.0
4.5,52180,AGENT,1239.76,225.313,PIT,1152.3003280193593,1,0,3.0
4.6,52180,AGENT,1239.47,225.871,PIT,1152.3003280193593,1,0,3.0
4.7,52180,AGENT,1239.17,226.41,PIT,1152.3003280193593,1,0,3.0
4.8,52180,AGENT,1238.86,226.93,PIT,1152.3003280193593,1,0,3.0
4.9,52180,AGENT,1238.54,227.43,PIT,1152.3003280193593,1,0,3.0
5.0,52180,AGENT,1238.21,227.91,PIT,1152.3003280193593,1,0,3.0
5.1,52180,AGENT,1237.86,228.369,PIT,1152.3003280193593,1,0,3.0
5.2,52180,AGENT,1237.5,228.804,PIT,1152.3003280193593,1,0,3.0
5.3,52180,AGENT,1237.12,229.216,PIT,1152.3003280193593,1,0,3.0
5.4,52180,AGENT,1236.72,229.604,PIT,1152.3003280193593,1,0,3.0
5.5,52180,AGENT,1236.31,229.966,PIT,1152.3003280193593,1,0,3.0
5.6,52180,AGENT,1235.89,230.303,PIT,1152.3003280193593,1,0,3.0
5.7,52180,AGENT,1235.46,230.614,PIT,1152.3003280193593,1,0,3.0
5.8,52180,AGENT,1235.01,230.898,PIT,1152.3003280193593,1,0,3.0
5.9,52180,AGENT,1234.54,231.156,PIT,1152.3003280193593,1,0,3.0
6.0,52180,AGENT,1234.06,231.385,PIT,1152.3003280193593,1,0,3.0
6.1,52180,AGENT,1233.56,231.588,PIT,1152.3003280193593,1,0,3.0
6.2,52180,AGENT,1233.05,231.764,PIT,1152.3003280193593,1,0,3.0
6.3,52180,AGENT,1232.52,231.913,PIT,1152.3003280193593,1,0,3.0
6.4,52180,AGENT,1231.99,232.037,PIT,1152.3003280193593,1,0,3.0
6.5,52180,AGENT,1231.44,232.135,PIT,1152.3003280193593,1,0,3.0
6.6,52180,AGENT,1230.88,232.208,PIT,1152.3003280193593,1,0,3.0
6.7,52180,AGENT,1230.32,232.256,PIT,1152.3003280193593,1,0,3.0
6.8,52180,AGENT,1229.74,232.281,PIT,1152.3003280193593,1,0,3.0
6.9,52180,AGENT,1229.15,232.284,PIT,1152.3003280193593,1,0,3.0
