TIMESTAMP,TRACK_ID,OBJECT_TYPE,X,Y,CITY_NAME,REF_xmin,AUGMENT_TYPE,AUGMENT_DIRECTION,ATTACK_POWER_TYPE
2.0,52180,AGENT,4016.98,2268.94,PIT,3863.387103750239,1,0,5.0
2.1,52180,AGENT,4016.17,2268.84,PIT,3863.387103750239,1,0,5.0
2.2,52180,AGENT,4015.35,2268.74,PIT,3863.387103750239,1,0,5.0
2.3,52180,AGENT,4014.52,2268.63,PIT,3863.387103750239,1,0,5.0
2.4,52180,AGENT,4013.68,2268.53,PIT,3863.387103750239,1,0,5.0
2.5,52180,AGENT,4012.83,2268.42,PIT,3863.387103750239,1,0,5.0
2.6,52180,AGENT,4011.97,2268.31,PIT,3863.387103750239,1,0,5.0
2.7,52180,AGENT,4011.09,2268.2,PIT,3863.387103750239,1,0,5.0
2.8,52180,AGENT,4010.21,2268.09,PIT,3863.387103750239,1,0,5.0
2.9,52180,AGENT,4009.31,2267.98,PIT,3863.387103750239,1,0,5.0
3.0,52180,AGENT,4008.4,2267.86,PIT,3863.387103750239,1,0,5.0
3.1,52180,AGENT,4007.48,2267.75,PIT,3863.387103750239,1,0,5.0
3.2,52180,AGENT,4006.55,2267.63,PIT,3863.387103750239,1,0,5.0
3.3,52180,AGENT,4005.61,2267.51,PIT,3863.387103750239,1,0,5.0
3.4,52180,AGENT,4004.66,2267.39,PIT,3863.387103750239,1,0,5.0
3.5,52180,AGENT,4003.69,2267.26,PIT,3863.387103750239,1,0,5.0
3.6,52180,AGENT,4002.71,2267.14,PIT,3863.387103750239,1,0,5.0
3.7,52180,AGENT,4001.73,2267.01,PIT,3863.387103750239,1,0,5.0
3.8,52180,AGENT,4000.73,2266.89,PIT,3863.387103750239,1,0,5.0
3.9,52180,AGENT,3999.72,2266.76,PIT,3863.387103750239,1,0,5.0
4.0,52180,AGENT,3998.71,2266.63,PIT,3863.387103750239,1,0,5.0
4.1,52180,AGENT,3997.68,2266.5,PIT,3863.387103750239,1,0,5.0
4.2,52180,AGENT,3996.65,2266.37,PIT,3863.387103750239,1,0,5.0
4.3,52180,AGENT,3995.6,2266.24,PIT,3863.387103750239,1,0,5.0
4.4,52180,AGENT,3994.55,2266.1,PIT,3863.387103750239,1,0,5.0
4.5,52180,AGENT,3993.49,2265.97,PIT,3863.387103750239,1,0,5.0
4.6,52180,AGENT,3992.42,2265.83,PIT,3863.387103750239,1,0,5.0
4.7,52180,AGENT,3991.33,2265.69,PIT,3863.387103750239,1,0,5.0
4.8,52180,AGENT,3990.24,2265.56,PIT,3863.387103750239,1,0,5.0
4.9,52180,AGENT,3989.15,2265.42,PIT,3863.387103750239,1,0,5.0
5.0,52180,AGENT,3988.05,2265.28,PIT,3863.387103750239,1,0,5.0
5.1,52180,AGENT,3986.96,2265.14,PIT,3863.387103750239,1,0,5.0
5.2,52180,AGENT,3985.86,2265.0,PIT,3863.387103750239,1,0,5.0
5.3,52180,AGENT,3984.76,2264.86,PIT,3863.387103750239,1,0,5.0
5.4,52180,AGENT,3983.67,2264.72,PIT,3863.387103750239,1,0,5.0
5.5,52180,AGENT,3982.57,2264.59,PIT,3863.387103750239,1,0,5.0
5.6,52180,AGENT,3981.48,2264.45,PIT,3863.387103750239,1,0,5.0
5.7,52180,AGENT,3980.38,2264.31,PIT,3863.387103750239,1,0,5.0
5.8,52180,AGENT,3979.28,2264.17,PIT,3863.387103750239,1,0,5.0
5.9,52180,AGENT,3978.19,2264.03,PIT,3863.387103750239,1,0,5.0
6.0,52180,AGENT,3977.09,2263.89,PIT,3863.387103750239,1,0,5.0
6.1,52180,AGENT,3975.98,2263.75,PIT,3863.387103750239,1,0,5.0
6.2,52180,AGENT,3974.86,2263.6,PIT,3863.387103750239,1,0,5.0
6.3,52180,AGENT,3973.73,2263.46,PIT,3863.387103750239,1,0,5.0
6.4,52180,AGENT,3972.61,2263.32,PIT,3863.387103750239,1,0,5.0
6.5,52180,AGENT,3971.49,2263.17,PIT,3863.387103750239,1,0,5.0
6.6,52180,AGENT,3970.36,2263.03,PIT,3863.387103750239,1,0,5.0
6.7,52180,AGENT,3969.24,2262.88,PIT,3863.387103750239,1,0,5.0
6.8,52180,AGENT,3968.12,2262.74,PIT,3863.387103750239,1,0,5.0
6.9,52180,AGENT,3967.02,2262.59,PIT,3863.387103750239,1,0,5.0
