TIMESTAMP,TRACK_ID,OBJECT_TYPE,X,Y,CITY_NAME,REF_xmin,AUGMENT_TYPE,AUGMENT_DIRECTION,ATTACK_POWER_TYPE
18.0,52180,AGENT,-431.624,3346.87,MIA,-488.472179519129,0,0,5.0
18.1,52180,AGENT,-432.182,3346.6,MIA,-488.472179519129,0,0,5.0
18.2,52180,AGENT,-432.743,3346.33,MIA,-488.472179519129,0,0,5.0
18.3,52180,AGENT,-433.302,3346.07,MIA,-488.472179519129,0,0,5.0
18.4,52180,AGENT,-433.856,3345.82,MIA,-488.472179519129,0,0,5.0
18.5,52180,AGENT,-434.405,3345.57,MIA,-488.472179519129,0,0,5.0
18.6,52180,AGENT,-434.948,3345.34,MIA,-488.472179519129,0,0,5.0
18.7,52180,AGENT,-435.492,3345.12,MIA,-488.472179519129,0,0,5.0
18.8,52180,AGENT,-436.039,3344.9,MIA,-488.472179519129,0,0,5.0
18.9,52180,AGENT,-436.589,3344.69,MIA,-488.472179519129,0,0,5.0
19.0,52180,AGENT,-437.142,3344.5,MIA,-488.472179519129,0,0,5.0
19.1,52180,AGENT,-437.699,3344.31,MIA,-488.472179519129,0,0,5.0
19.2,52180,AGENT,-438.261,3344.14,MIA,-488.472179519129,0,0,5.0
19.3,52180,AGENT,-438.825,3343.97,MIA,-488.472179519129,0,0,5.0
19.4,52180,AGENT,-439.393,3343.82,MIA,-488.472179519129,0,0,5.0
19.5,52180,AGENT,-439.963,3343.67,MIA,-488.472179519129,0,0,5.0
19.6,52180,AGENT,-440.535,3343.54,MIA,-488.472179519129,0,0,5.0
19.7,52180,AGENT,-441.114,3343.41,MIA,-488.472179519129,0,0,5.0
19.8,52180,AGENT,-441.698,3343.29,MIA,-488.472179519129,0,0,5.0
19.9,52180,AGENT,-442.288,3343.19,MIA,-488.472179519129,0,0,5.0
20.0,52180,AGENT,-442.884,3343.09,MIA,-488.472179519129,0,0,5.0
20.1,52180,AGENT,-443.481,3342.99,MIA,-488.472179519129,0,0,5.0
20.2,52180,AGENT,-444.079,3342.91,MIA,-488.472179519129,0,0,5.0
20.3,52180,AGENT,-444.677,3342.83,MIA,-488.472179519129,0,0,5.0
20.4,52180,AGENT,-445.276,3342.76,MIA,-488.472179519129,0,0,5.0
20.5,52180,AGENT,-445.876,3342.69,MIA,-488.472179519129,0,0,5.0
20.6,52180,AGENT,-446.476,3342.63,MIA,-488.472179519129,0,0,5.0
20.7,52180,AGENT,-447.076,3342.58,MIA,-488.472179519129,0,0,5.0
20.8,52180,AGENT,-447.677,3342.53,MIA,-488.472179519129,0,0,5.0
20.9,52180,AGENT,-448.277,3342.49,MIA,-488.472179519129,0,0,5.0
21.0,52180,AGENT,-448.878,3342.44,MIA,-488.472179519129,0,0,5.0
21.1,52180,AGENT,-449.479,3342.41,MIA,-488.472179519129,0,0,5.0
21.2,52180,AGENT,-450.081,3342.37,MIA,-488.472179519129,0,0,5.0
21.3,52180,AGENT,-450.682,3342.34,MIA,-488.472179519129,0,0,5.0
21.4,52180,AGENT,-451.284,3342.32,MIA,-488.472179519129,0,0,5.0
21.5,52180,AGENT,-451.886,3342.29,MIA,-488.472179519129,0,0,5.0
21.6,52180,AGENT,-452.489,3342.27,MIA,-488.472179519129,0,0,5.0
21.7,52180,AGENT,-453.092,3342.25,MIA,-488.472179519129,0,0,5.0
21.8,52180,AGENT,-453.692,3342.23,MIA,-488.472179519129,0,0,5.0
21.9,52180,AGENT,-454.287,3342.21,MIA,-488.472179519129,0,0,5.0
22.0,52180,AGENT,-454.872,3342.19,MIA,-488.472179519129,0,0,5.0
22.1,52180,AGENT,-455.448,3342.18,MIA,-488.472179519129,0,0,5.0
22.2,52180,AGENT,-456.018,3342.16,MIA,-488.472179519129,0,0,5.0
22.3,52180,AGENT,-456.582,3342.15,MIA,-488.472179519129,0,0,5.0
22.4,52180,AGENT,-457.136,3342.13,MIA,-488.472179519129,0,0,5.0
22.5,52180,AGENT,-457.682,3342.12,MIA,-488.472179519129,0,0,5.0
22.6,52180,AGENT,-458.221,3342.11,MIA,-488.472179519129,0,0,5.0
22.7,52180,AGENT,-458.754,3342.1,MIA,-488.472179519129,0,0,5.0
22.8,52180,AGENT,-459.278,3342.09,MIA,-488.472179519129,0,0,5.0
22.9,52180,AGENT,-459.793,3342.08,MIA,-488.472179519129,0,0,5.0
