TIMESTAMP,TRACK_ID,OBJECT_TYPE,X,Y,CITY_NAME,REF_xmin,AUGMENT_TYPE,AUGMENT_DIRECTION,ATTACK_POWER_TYPE
2.0,52180,AGENT,328.245,1168.08,MIA,263.07077116449364,1,0,10.0
2.1,52180,AGENT,328.233,1168.57,MIA,263.07077116449364,1,0,10.0
2.2,52180,AGENT,328.22,1169.06,MIA,263.07077116449364,1,0,10.0
2.3,52180,AGENT,328.208,1169.53,MIA,263.07077116449364,1,0,10.0
2.4,52180,AGENT,328.196,1170.0,MIA,263.07077116449364,1,0,10.0
2.5,52180,AGENT,328.184,1170.46,MIA,263.07077116449364,1,0,10.0
2.6,52180,AGENT,328.172,1170.92,MIA,263.07077116449364,1,0,10.0
2.7,52180,AGENT,328.161,1171.38,MIA,263.07077116449364,1,0,10.0
2.8,52180,AGENT,328.149,1171.84,MIA,263.07077116449364,1,0,10.0
2.9,52180,AGENT,328.138,1172.3,MIA,263.07077116449364,1,0,10.0
3.0,52180,AGENT,328.127,1172.77,MIA,263.07077116449364,1,0,10.0
3.1,52180,AGENT,328.117,1173.22,MIA,263.07077116449364,1,0,10.0
3.2,52180,AGENT,328.106,1173.67,MIA,263.07077116449364,1,0,10.0
3.3,52180,AGENT,328.096,1174.11,MIA,263.07077116449364,1,0,10.0
3.4,52180,AGENT,328.087,1174.56,MIA,263.07077116449364,1,0,10.0
3.5,52180,AGENT,328.078,1175.0,MIA,263.07077116449364,1,0,10.0
3.6,52180,AGENT,328.069,1175.45,MIA,263.07077116449364,1,0,10.0
3.7,52180,AGENT,328.062,1175.9,MIA,263.07077116449364,1,0,10.0
3.8,52180,AGENT,328.055,1176.35,MIA,263.07077116449364,1,0,10.0
3.9,52180,AGENT,328.048,1176.8,MIA,263.07077116449364,1,0,10.0
4.0,52180,AGENT,328.041,1177.24,MIA,263.07077116449364,1,0,10.0
4.1,52180,AGENT,328.033,1177.69,MIA,263.07077116449364,1,0,10.0
4.2,52180,AGENT,328.026,1178.14,MIA,263.07077116449364,1,0,10.0
4.3,52180,AGENT,328.018,1178.59,MIA,263.07077116449364,1,0,10.0
4.4,52180,AGENT,328.009,1179.03,MIA,263.07077116449364,1,0,10.0
4.5,52180,AGENT,327.998,1179.48,MIA,263.07077116449364,1,0,10.0
4.6,52180,AGENT,327.986,1179.93,MIA,263.07077116449364,1,0,10.0
4.7,52180,AGENT,327.97,1180.37,MIA,263.07077116449364,1,0,10.0
4.8,52180,AGENT,327.954,1180.81,MIA,263.07077116449364,1,0,10.0
4.9,52180,AGENT,327.937,1181.24,MIA,263.07077116449364,1,0,10.0
5.0,52180,AGENT,327.918,1181.67,MIA,263.07077116449364,1,0,10.0
5.1,52180,AGENT,327.896,1182.08,MIA,263.07077116449364,1,0,10.0
5.2,52180,AGENT,327.87,1182.5,MIA,263.07077116449364,1,0,10.0
5.3,52180,AGENT,327.842,1182.9,MIA,263.07077116449364,1,0,10.0
5.4,52180,AGENT,327.809,1183.3,MIA,263.07077116449364,1,0,10.0
5.5,52180,AGENT,327.773,1183.69,MIA,263.07077116449364,1,0,10.0
5.6,52180,AGENT,327.729,1184.07,MIA,263.07077116449364,1,0,10.0
5.7,52180,AGENT,327.678,1184.45,MIA,263.07077116449364,1,0,10.0
5.8,52180,AGENT,327.619,1184.82,MIA,263.07077116449364,1,0,10.0
5.9,52180,AGENT,327.551,1185.19,MIA,263.07077116449364,1,0,10.0
6.0,52180,AGENT,327.477,1185.54,MIA,263.07077116449364,1,0,10.0
6.1,52180,AGENT,327.396,1185.89,MIA,263.07077116449364,1,0,10.0
6.2,52180,AGENT,327.309,1186.22,MIA,263.07077116449364,1,0,10.0
6.3,52180,AGENT,327.216,1186.54,MIA,263.07077116449364,1,0,10.0
6.4,52180,AGENT,327.117,1186.85,MIA,263.07077116449364,1,0,10.0
6.5,52180,AGENT,327.013,1187.15,MIA,263.07077116449364,1,0,10.0
6.6,52180,AGENT,326.904,1187.43,MIA,263.07077116449364,1,0,10.0
6.7,52180,AGENT,326.791,1187.71,MIA,263.07077116449364,1,0,10.0
6.8,52180,AGENT,326.668,1187.97,MIA,263.07077116449364,1,0,10.0
6.9,52180,AGENT,326.533,1188.22,MIA,263.07077116449364,1,0,10.0
