TIMESTAMP,TRACK_ID,OBJECT_TYPE,X,Y,CITY_NAME,REF_xmin,AUGMENT_TYPE,AUGMENT_DIRECTION,ATTACK_POWER_TYPE
8.0,52180,AGENT,1650.78,298.836,PIT,1625.5546114721596,1,1,6.0
8.1,52180,AGENT,1650.45,298.899,PIT,1625.5546114721596,1,1,6.0
8.2,52180,AGENT,1650.13,298.975,PIT,1625.5546114721596,1,1,6.0
8.3,52180,AGENT,1649.82,299.065,PIT,1625.5546114721596,1,1,6.0
8.4,52180,AGENT,1649.51,299.168,PIT,1625.5546114721596,1,1,6.0
8.5,52180,AGENT,1649.2,299.287,PIT,1625.5546114721596,1,1,6.0
8.6,52180,AGENT,1648.9,299.424,PIT,1625.5546114721596,1,1,6.0
8.7,52180,AGENT,1648.59,299.579,PIT,1625.5546114721596,1,1,6.0
8.8,52180,AGENT,1648.29,299.751,PIT,1625.5546114721596,1,1,6.0
8.9,52180,AGENT,1648.0,299.938,PIT,1625.5546114721596,1,1,6.0
9.0,52180,AGENT,1647.71,300.135,PIT,1625.5546114721596,1,1,6.0
9.1,52180,AGENT,1647.42,300.346,PIT,1625.5546114721596,1,1,6.0
9.2,52180,AGENT,1647.14,300.572,PIT,1625.5546114721596,1,1,6.0
9.3,52180,AGENT,1646.87,300.812,PIT,1625.5546114721596,1,1,6.0
9.4,52180,AGENT,1646.6,301.065,PIT,1625.5546114721596,1,1,6.0
9.5,52180,AGENT,1646.34,301.326,PIT,1625.5546114721596,1,1,6.0
9.6,52180,AGENT,1646.08,301.601,PIT,1625.5546114721596,1,1,6.0
9.7,52180,AGENT,1645.83,301.887,PIT,1625.5546114721596,1,1,6.0
9.8,52180,AGENT,1645.59,302.185,PIT,1625.5546114721596,1,1,6.0
9.9,52180,AGENT,1645.35,302.498,PIT,1625.5546114721596,1,1,6.0
10.0,52180,AGENT,1645.11,302.825,PIT,1625.5546114721596,1,1,6.0
10.1,52180,AGENT,1644.88,303.166,PIT,1625.5546114721596,1,1,6.0
10.2,52180,AGENT,1644.66,303.52,PIT,1625.5546114721596,1,1,6.0
10.3,52180,AGENT,1644.44,303.886,PIT,1625.5546114721596,1,1,6.0
10.4,52180,AGENT,1644.22,304.265,PIT,1625.5546114721596,1,1,6.0
10.5,52180,AGENT,1644.01,304.657,PIT,1625.5546114721596,1,1,6.0
10.6,52180,AGENT,1643.8,305.061,PIT,1625.5546114721596,1,1,6.0
10.7,52180,AGENT,1643.6,305.477,PIT,1625.5546114721596,1,1,6.0
10.8,52180,AGENT,1643.4,305.904,PIT,1625.5546114721596,1,1,6.0
10.9,52180,AGENT,1643.2,306.344,PIT,1625.5546114721596,1,1,6.0
11.0,52180,AGENT,1643.0,306.794,PIT,1625.5546114721596,1,1,6.0
11.1,52180,AGENT,1642.81,307.256,PIT,1625.5546114721596,1,1,6.0
11.2,52180,AGENT,1642.63,307.723,PIT,1625.5546114721596,1,1,6.0
11.3,52180,AGENT,1642.44,308.193,PIT,1625.5546114721596,1,1,6.0
11.4,52180,AGENT,1642.26,308.664,PIT,1625.5546114721596,1,1,6.0
11.5,52180,AGENT,1642.09,309.137,PIT,1625.5546114721596,1,1,6.0
11.6,52180,AGENT,1641.92,309.61,PIT,1625.5546114721596,1,1,6.0
11.7,52180,AGENT,1641.75,310.085,PIT,1625.5546114721596,1,1,6.0
11.8,52180,AGENT,1641.59,310.561,PIT,1625.5546114721596,1,1,6.0
11.9,52180,AGENT,1641.43,311.038,PIT,1625.5546114721596,1,1,6.0
12.0,52180,AGENT,1641.27,311.516,PIT,1625.5546114721596,1,1,6.0
12.1,52180,AGENT,1641.11,311.995,PIT,1625.5546114721596,1,1,6.0
12.2,52180,AGENT,1640.96,312.474,PIT,1625.5546114721596,1,1,6.0
12.3,52180,AGENT,1640.81,312.953,PIT,1625.5546114721596,1,1,6.0
12.4,52180,AGENT,1640.65,313.434,PIT,1625.5546114721596,1,1,6.0
12.5,52180,AGENT,1640.51,313.914,PIT,1625.5546114721596,1,1,6.0
12.6,52180,AGENT,1640.36,314.395,PIT,1625.5546114721596,1,1,6.0
12.7,52180,AGENT,1640.21,314.876,PIT,1625.5546114721596,1,1,6.0
12.8,52180,AGENT,1640.06,315.358,PIT,1625.5546114721596,1,1,6.0
12.9,52180,AGENT,1639.92,315.839,PIT,1625.5546114721596,1,1,6.0
