TIMESTAMP,TRACK_ID,OBJECT_TYPE,X,Y,CITY_NAME,REF_xmin,AUGMENT_TYPE,AUGMENT_DIRECTION,ATTACK_POWER_TYPE
20.0,52180,AGENT,802.357,2256.44,MIA,726.457448363828,0,1,1.0
20.1,52180,AGENT,801.558,2256.48,MIA,726.457448363828,0,1,1.0
20.2,52180,AGENT,800.747,2256.52,MIA,726.457448363828,0,1,1.0
20.3,52180,AGENT,799.925,2256.56,MIA,726.457448363828,0,1,1.0
20.4,52180,AGENT,799.092,2256.6,MIA,726.457448363828,0,1,1.0
20.5,52180,AGENT,798.248,2256.64,MIA,726.457448363828,0,1,1.0
20.6,52180,AGENT,797.393,2256.68,MIA,726.457448363828,0,1,1.0
20.7,52180,AGENT,796.527,2256.72,MIA,726.457448363828,0,1,1.0
20.8,52180,AGENT,795.651,2256.76,MIA,726.457448363828,0,1,1.0
20.9,52180,AGENT,794.767,2256.81,MIA,726.457448363828,0,1,1.0
21.0,52180,AGENT,793.874,2256.85,MIA,726.457448363828,0,1,1.0
21.1,52180,AGENT,792.971,2256.89,MIA,726.457448363828,0,1,1.0
21.2,52180,AGENT,792.056,2256.93,MIA,726.457448363828,0,1,1.0
21.3,52180,AGENT,791.132,2256.98,MIA,726.457448363828,0,1,1.0
21.4,52180,AGENT,790.198,2257.02,MIA,726.457448363828,0,1,1.0
21.5,52180,AGENT,789.254,2257.06,MIA,726.457448363828,0,1,1.0
21.6,52180,AGENT,788.298,2257.1,MIA,726.457448363828,0,1,1.0
21.7,52180,AGENT,787.33,2257.15,MIA,726.457448363828,0,1,1.0
21.8,52180,AGENT,786.356,2257.19,MIA,726.457448363828,0,1,1.0
21.9,52180,AGENT,785.38,2257.22,MIA,726.457448363828,0,1,1.0
22.0,52180,AGENT,784.402,2257.26,MIA,726.457448363828,0,1,1.0
22.1,52180,AGENT,783.423,2257.3,MIA,726.457448363828,0,1,1.0
22.2,52180,AGENT,782.439,2257.33,MIA,726.457448363828,0,1,1.0
22.3,52180,AGENT,781.444,2257.36,MIA,726.457448363828,0,1,1.0
22.4,52180,AGENT,780.443,2257.39,MIA,726.457448363828,0,1,1.0
22.5,52180,AGENT,779.442,2257.42,MIA,726.457448363828,0,1,1.0
22.6,52180,AGENT,778.437,2257.44,MIA,726.457448363828,0,1,1.0
22.7,52180,AGENT,777.422,2257.47,MIA,726.457448363828,0,1,1.0
22.8,52180,AGENT,776.397,2257.49,MIA,726.457448363828,0,1,1.0
22.9,52180,AGENT,775.363,2257.5,MIA,726.457448363828,0,1,1.0
23.0,52180,AGENT,774.323,2257.52,MIA,726.457448363828,0,1,1.0
23.1,52180,AGENT,773.281,2257.53,MIA,726.457448363828,0,1,1.0
23.2,52180,AGENT,772.233,2257.53,MIA,726.457448363828,0,1,1.0
23.3,52180,AGENT,771.176,2257.54,MIA,726.457448363828,0,1,1.0
23.4,52180,AGENT,770.113,2257.54,MIA,726.457448363828,0,1,1.0
23.5,52180,AGENT,769.048,2257.54,MIA,726.457448363828,0,1,1.0
23.6,52180,AGENT,767.977,2257.53,MIA,726.457448363828,0,1,1.0
23.7,52180,AGENT,766.897,2257.53,MIA,726.457448363828,0,1,1.0
23.8,52180,AGENT,765.807,2257.52,MIA,726.457448363828,0,1,1.0
23.9,52180,AGENT,764.708,2257.51,MIA,726.457448363828,0,1,1.0
24.0,52180,AGENT,763.604,2257.5,MIA,726.457448363828,0,1,1.0
24.1,52180,AGENT,762.501,2257.48,MIA,726.457448363828,0,1,1.0
24.2,52180,AGENT,761.397,2257.46,MIA,726.457448363828,0,1,1.0
24.3,52180,AGENT,760.294,2257.44,MIA,726.457448363828,0,1,1.0
24.4,52180,AGENT,759.19,2257.42,MIA,726.457448363828,0,1,1.0
24.5,52180,AGENT,758.087,2257.39,MIA,726.457448363828,0,1,1.0
24.6,52180,AGENT,756.984,2257.37,MIA,726.457448363828,0,1,1.0
24.7,52180,AGENT,755.88,2257.34,MIA,726.457448363828,0,1,1.0
24.8,52180,AGENT,754.777,2257.31,MIA,726.457448363828,0,1,1.0
24.9,52180,AGENT,753.674,2257.28,MIA,726.457448363828,0,1,1.0
