TIMESTAMP,TRACK_ID,OBJECT_TYPE,X,Y,CITY_NAME,REF_xmin,AUGMENT_TYPE,AUGMENT_DIRECTION,ATTACK_POWER_TYPE
10.0,52180,AGENT,690.334,2428.31,MIA,615.0549737499678,0,0,9.0
10.1,52180,AGENT,689.665,2427.65,MIA,615.0549737499678,0,0,9.0
10.2,52180,AGENT,688.997,2427.0,MIA,615.0549737499678,0,0,9.0
10.3,52180,AGENT,688.332,2426.34,MIA,615.0549737499678,0,0,9.0
10.4,52180,AGENT,687.673,2425.69,MIA,615.0549737499678,0,0,9.0
10.5,52180,AGENT,687.018,2425.04,MIA,615.0549737499678,0,0,9.0
10.6,52180,AGENT,686.367,2424.4,MIA,615.0549737499678,0,0,9.0
10.7,52180,AGENT,685.721,2423.76,MIA,615.0549737499678,0,0,9.0
10.8,52180,AGENT,685.082,2423.13,MIA,615.0549737499678,0,0,9.0
10.9,52180,AGENT,684.447,2422.51,MIA,615.0549737499678,0,0,9.0
11.0,52180,AGENT,683.818,2421.89,MIA,615.0549737499678,0,0,9.0
11.1,52180,AGENT,683.187,2421.28,MIA,615.0549737499678,0,0,9.0
11.2,52180,AGENT,682.546,2420.65,MIA,615.0549737499678,0,0,9.0
11.3,52180,AGENT,681.899,2420.02,MIA,615.0549737499678,0,0,9.0
11.4,52180,AGENT,681.25,2419.38,MIA,615.0549737499678,0,0,9.0
11.5,52180,AGENT,680.603,2418.75,MIA,615.0549737499678,0,0,9.0
11.6,52180,AGENT,679.96,2418.12,MIA,615.0549737499678,0,0,9.0
11.7,52180,AGENT,679.321,2417.5,MIA,615.0549737499678,0,0,9.0
11.8,52180,AGENT,678.688,2416.89,MIA,615.0549737499678,0,0,9.0
11.9,52180,AGENT,678.063,2416.28,MIA,615.0549737499678,0,0,9.0
12.0,52180,AGENT,677.444,2415.69,MIA,615.0549737499678,0,0,9.0
12.1,52180,AGENT,676.831,2415.1,MIA,615.0549737499678,0,0,9.0
12.2,52180,AGENT,676.225,2414.53,MIA,615.0549737499678,0,0,9.0
12.3,52180,AGENT,675.618,2413.96,MIA,615.0549737499678,0,0,9.0
12.4,52180,AGENT,674.998,2413.39,MIA,615.0549737499678,0,0,9.0
12.5,52180,AGENT,674.364,2412.84,MIA,615.0549737499678,0,0,9.0
12.6,52180,AGENT,673.718,2412.28,MIA,615.0549737499678,0,0,9.0
12.7,52180,AGENT,673.07,2411.74,MIA,615.0549737499678,0,0,9.0
12.8,52180,AGENT,672.424,2411.22,MIA,615.0549737499678,0,0,9.0
12.9,52180,AGENT,671.781,2410.71,MIA,615.0549737499678,0,0,9.0
13.0,52180,AGENT,671.145,2410.21,MIA,615.0549737499678,0,0,9.0
13.1,52180,AGENT,670.521,2409.73,MIA,615.0549737499678,0,0,9.0
13.2,52180,AGENT,669.909,2409.27,MIA,615.0549737499678,0,0,9.0
13.3,52180,AGENT,669.304,2408.83,MIA,615.0549737499678,0,0,9.0
13.4,52180,AGENT,668.701,2408.4,MIA,615.0549737499678,0,0,9.0
13.5,52180,AGENT,668.1,2408.0,MIA,615.0549737499678,0,0,9.0
13.6,52180,AGENT,667.501,2407.62,MIA,615.0549737499678,0,0,9.0
13.7,52180,AGENT,666.899,2407.25,MIA,615.0549737499678,0,0,9.0
13.8,52180,AGENT,666.29,2406.91,MIA,615.0549737499678,0,0,9.0
13.9,52180,AGENT,665.668,2406.59,MIA,615.0549737499678,0,0,9.0
14.0,52180,AGENT,665.03,2406.28,MIA,615.0549737499678,0,0,9.0
14.1,52180,AGENT,664.375,2406.0,MIA,615.0549737499678,0,0,9.0
14.2,52180,AGENT,663.704,2405.74,MIA,615.0549737499678,0,0,9.0
14.3,52180,AGENT,663.017,2405.49,MIA,615.0549737499678,0,0,9.0
14.4,52180,AGENT,662.316,2405.27,MIA,615.0549737499678,0,0,9.0
14.5,52180,AGENT,661.6,2405.06,MIA,615.0549737499678,0,0,9.0
14.6,52180,AGENT,660.87,2404.87,MIA,615.0549737499678,0,0,9.0
14.7,52180,AGENT,660.126,2404.7,MIA,615.0549737499678,0,0,9.0
14.8,52180,AGENT,659.37,2404.54,MIA,615.0549737499678,0,0,9.0
14.9,52180,AGENT,658.599,2404.4,MIA,615.0549737499678,0,0,9.0
