TIMESTAMP,TRACK_ID,OBJECT_TYPE,X,Y,CITY_NAME,REF_xmin,AUGMENT_TYPE,AUGMENT_DIRECTION,ATTACK_POWER_TYPE
16.0,52180,AGENT,-393.946,1494.1,MIA,-491.192067426804,1,1,10.0
16.1,52180,AGENT,-394.554,1494.08,MIA,-491.192067426804,1,1,10.0
16.2,52180,AGENT,-395.163,1494.05,MIA,-491.192067426804,1,1,10.0
16.3,52180,AGENT,-395.772,1494.03,MIA,-491.192067426804,1,1,10.0
16.4,52180,AGENT,-396.381,1494.0,MIA,-491.192067426804,1,1,10.0
16.5,52180,AGENT,-396.989,1493.97,MIA,-491.192067426804,1,1,10.0
16.6,52180,AGENT,-397.598,1493.95,MIA,-491.192067426804,1,1,10.0
16.7,52180,AGENT,-398.207,1493.92,MIA,-491.192067426804,1,1,10.0
16.8,52180,AGENT,-398.817,1493.9,MIA,-491.192067426804,1,1,10.0
16.9,52180,AGENT,-399.427,1493.87,MIA,-491.192067426804,1,1,10.0
17.0,52180,AGENT,-400.037,1493.85,MIA,-491.192067426804,1,1,10.0
17.1,52180,AGENT,-400.644,1493.82,MIA,-491.192067426804,1,1,10.0
17.2,52180,AGENT,-401.246,1493.8,MIA,-491.192067426804,1,1,10.0
17.3,52180,AGENT,-401.838,1493.78,MIA,-491.192067426804,1,1,10.0
17.4,52180,AGENT,-402.425,1493.75,MIA,-491.192067426804,1,1,10.0
17.5,52180,AGENT,-403.005,1493.73,MIA,-491.192067426804,1,1,10.0
17.6,52180,AGENT,-403.576,1493.7,MIA,-491.192067426804,1,1,10.0
17.7,52180,AGENT,-404.138,1493.68,MIA,-491.192067426804,1,1,10.0
17.8,52180,AGENT,-404.69,1493.66,MIA,-491.192067426804,1,1,10.0
17.9,52180,AGENT,-405.232,1493.64,MIA,-491.192067426804,1,1,10.0
18.0,52180,AGENT,-405.765,1493.62,MIA,-491.192067426804,1,1,10.0
18.1,52180,AGENT,-406.293,1493.59,MIA,-491.192067426804,1,1,10.0
18.2,52180,AGENT,-406.814,1493.57,MIA,-491.192067426804,1,1,10.0
18.3,52180,AGENT,-407.326,1493.55,MIA,-491.192067426804,1,1,10.0
18.4,52180,AGENT,-407.832,1493.53,MIA,-491.192067426804,1,1,10.0
18.5,52180,AGENT,-408.338,1493.51,MIA,-491.192067426804,1,1,10.0
18.6,52180,AGENT,-408.844,1493.49,MIA,-491.192067426804,1,1,10.0
18.7,52180,AGENT,-409.352,1493.47,MIA,-491.192067426804,1,1,10.0
18.8,52180,AGENT,-409.859,1493.45,MIA,-491.192067426804,1,1,10.0
18.9,52180,AGENT,-410.368,1493.43,MIA,-491.192067426804,1,1,10.0
19.0,52180,AGENT,-410.877,1493.4,MIA,-491.192067426804,1,1,10.0
19.1,52180,AGENT,-411.387,1493.38,MIA,-491.192067426804,1,1,10.0
19.2,52180,AGENT,-411.897,1493.36,MIA,-491.192067426804,1,1,10.0
19.3,52180,AGENT,-412.409,1493.33,MIA,-491.192067426804,1,1,10.0
19.4,52180,AGENT,-412.921,1493.31,MIA,-491.192067426804,1,1,10.0
19.5,52180,AGENT,-413.434,1493.28,MIA,-491.192067426804,1,1,10.0
19.6,52180,AGENT,-413.948,1493.26,MIA,-491.192067426804,1,1,10.0
19.7,52180,AGENT,-414.463,1493.23,MIA,-491.192067426804,1,1,10.0
19.8,52180,AGENT,-414.98,1493.21,MIA,-491.192067426804,1,1,10.0
19.9,52180,AGENT,-415.497,1493.18,MIA,-491.192067426804,1,1,10.0
20.0,52180,AGENT,-416.016,1493.15,MIA,-491.192067426804,1,1,10.0
20.1,52180,AGENT,-416.536,1493.12,MIA,-491.192067426804,1,1,10.0
20.2,52180,AGENT,-417.058,1493.09,MIA,-491.192067426804,1,1,10.0
20.3,52180,AGENT,-417.58,1493.06,MIA,-491.192067426804,1,1,10.0
20.4,52180,AGENT,-418.1,1493.03,MIA,-491.192067426804,1,1,10.0
20.5,52180,AGENT,-418.62,1492.99,MIA,-491.192067426804,1,1,10.0
20.6,52180,AGENT,-419.138,1492.96,MIA,-491.192067426804,1,1,10.0
20.7,52180,AGENT,-419.655,1492.93,MIA,-491.192067426804,1,1,10.0
20.8,52180,AGENT,-420.171,1492.9,MIA,-491.192067426804,1,1,10.0
20.9,52180,AGENT,-420.686,1492.87,MIA,-491.192067426804,1,1,10.0
