TIMESTAMP,TRACK_ID,OBJECT_TYPE,X,Y,CITY_NAME,REF_xmin,AUGMENT_TYPE,AUGMENT_DIRECTION,ATTACK_POWER_TYPE
22.0,52180,AGENT,40.8129,2623.92,MIA,-28.02435889770277,1,0,9.0
22.1,52180,AGENT,40.2305,2623.85,MIA,-28.02435889770277,1,0,9.0
22.2,52180,AGENT,39.6472,2623.78,MIA,-28.02435889770277,1,0,9.0
22.3,52180,AGENT,39.0676,2623.69,MIA,-28.02435889770277,1,0,9.0
22.4,52180,AGENT,38.4959,2623.6,MIA,-28.02435889770277,1,0,9.0
22.5,52180,AGENT,37.9355,2623.51,MIA,-28.02435889770277,1,0,9.0
22.6,52180,AGENT,37.387,2623.4,MIA,-28.02435889770277,1,0,9.0
22.7,52180,AGENT,36.8506,2623.3,MIA,-28.02435889770277,1,0,9.0
22.8,52180,AGENT,36.3265,2623.18,MIA,-28.02435889770277,1,0,9.0
22.9,52180,AGENT,35.807,2623.06,MIA,-28.02435889770277,1,0,9.0
23.0,52180,AGENT,35.2849,2622.91,MIA,-28.02435889770277,1,0,9.0
23.1,52180,AGENT,34.7614,2622.74,MIA,-28.02435889770277,1,0,9.0
23.2,52180,AGENT,34.2366,2622.55,MIA,-28.02435889770277,1,0,9.0
23.3,52180,AGENT,33.7115,2622.35,MIA,-28.02435889770277,1,0,9.0
23.4,52180,AGENT,33.1896,2622.12,MIA,-28.02435889770277,1,0,9.0
23.5,52180,AGENT,32.6739,2621.89,MIA,-28.02435889770277,1,0,9.0
23.6,52180,AGENT,32.1639,2621.64,MIA,-28.02435889770277,1,0,9.0
23.7,52180,AGENT,31.6602,2621.38,MIA,-28.02435889770277,1,0,9.0
23.8,52180,AGENT,31.1632,2621.11,MIA,-28.02435889770277,1,0,9.0
23.9,52180,AGENT,30.6725,2620.84,MIA,-28.02435889770277,1,0,9.0
24.0,52180,AGENT,30.1832,2620.55,MIA,-28.02435889770277,1,0,9.0
24.1,52180,AGENT,29.6907,2620.25,MIA,-28.02435889770277,1,0,9.0
24.2,52180,AGENT,29.1932,2619.95,MIA,-28.02435889770277,1,0,9.0
24.3,52180,AGENT,28.689,2619.63,MIA,-28.02435889770277,1,0,9.0
24.4,52180,AGENT,28.1776,2619.31,MIA,-28.02435889770277,1,0,9.0
24.5,52180,AGENT,27.6583,2618.99,MIA,-28.02435889770277,1,0,9.0
24.6,52180,AGENT,27.1354,2618.67,MIA,-28.02435889770277,1,0,9.0
24.7,52180,AGENT,26.6127,2618.34,MIA,-28.02435889770277,1,0,9.0
24.8,52180,AGENT,26.0896,2618.02,MIA,-28.02435889770277,1,0,9.0
24.9,52180,AGENT,25.5656,2617.7,MIA,-28.02435889770277,1,0,9.0
25.0,52180,AGENT,25.04,2617.39,MIA,-28.02435889770277,1,0,9.0
25.1,52180,AGENT,24.5122,2617.09,MIA,-28.02435889770277,1,0,9.0
25.2,52180,AGENT,23.9819,2616.79,MIA,-28.02435889770277,1,0,9.0
25.3,52180,AGENT,23.4436,2616.5,MIA,-28.02435889770277,1,0,9.0
25.4,52180,AGENT,22.8923,2616.22,MIA,-28.02435889770277,1,0,9.0
25.5,52180,AGENT,22.3279,2615.95,MIA,-28.02435889770277,1,0,9.0
25.6,52180,AGENT,21.7502,2615.69,MIA,-28.02435889770277,1,0,9.0
25.7,52180,AGENT,21.1591,2615.45,MIA,-28.02435889770277,1,0,9.0
25.8,52180,AGENT,20.5545,2615.21,MIA,-28.02435889770277,1,0,9.0
25.9,52180,AGENT,19.9366,2614.99,MIA,-28.02435889770277,1,0,9.0
26.0,52180,AGENT,19.3055,2614.78,MIA,-28.02435889770277,1,0,9.0
26.1,52180,AGENT,18.6615,2614.58,MIA,-28.02435889770277,1,0,9.0
26.2,52180,AGENT,18.0047,2614.4,MIA,-28.02435889770277,1,0,9.0
26.3,52180,AGENT,17.3354,2614.23,MIA,-28.02435889770277,1,0,9.0
26.4,52180,AGENT,16.6538,2614.06,MIA,-28.02435889770277,1,0,9.0
26.5,52180,AGENT,15.9601,2613.91,MIA,-28.02435889770277,1,0,9.0
26.6,52180,AGENT,15.2546,2613.77,MIA,-28.02435889770277,1,0,9.0
26.7,52180,AGENT,14.5375,2613.64,MIA,-28.02435889770277,1,0,9.0
26.8,52180,AGENT,13.8085,2613.52,MIA,-28.02435889770277,1,0,9.0
26.9,52180,AGENT,13.0676,2613.41,MIA,-28.02435889770277,1,0,9.0
