TIMESTAMP,TRACK_ID,OBJECT_TYPE,X,Y,CITY_NAME,REF_xmin,AUGMENT_TYPE,AUGMENT_DIRECTION,ATTACK_POWER_TYPE
26.0,52180,AGENT,478.008,1526.6,MIA,411.17007989268245,0,1,4.0
26.1,52180,AGENT,478.479,1526.43,MIA,411.17007989268245,0,1,4.0
26.2,52180,AGENT,478.951,1526.25,MIA,411.17007989268245,0,1,4.0
26.3,52180,AGENT,479.423,1526.08,MIA,411.17007989268245,0,1,4.0
26.4,52180,AGENT,479.895,1525.91,MIA,411.17007989268245,0,1,4.0
26.5,52180,AGENT,480.367,1525.73,MIA,411.17007989268245,0,1,4.0
26.6,52180,AGENT,480.839,1525.56,MIA,411.17007989268245,0,1,4.0
26.7,52180,AGENT,481.311,1525.39,MIA,411.17007989268245,0,1,4.0
26.8,52180,AGENT,481.783,1525.22,MIA,411.17007989268245,0,1,4.0
26.9,52180,AGENT,482.256,1525.05,MIA,411.17007989268245,0,1,4.0
27.0,52180,AGENT,482.728,1524.87,MIA,411.17007989268245,0,1,4.0
27.1,52180,AGENT,483.2,1524.7,MIA,411.17007989268245,0,1,4.0
27.2,52180,AGENT,483.672,1524.53,MIA,411.17007989268245,0,1,4.0
27.3,52180,AGENT,484.144,1524.35,MIA,411.17007989268245,0,1,4.0
27.4,52180,AGENT,484.616,1524.18,MIA,411.17007989268245,0,1,4.0
27.5,52180,AGENT,485.088,1524.01,MIA,411.17007989268245,0,1,4.0
27.6,52180,AGENT,485.559,1523.83,MIA,411.17007989268245,0,1,4.0
27.7,52180,AGENT,486.03,1523.66,MIA,411.17007989268245,0,1,4.0
27.8,52180,AGENT,486.501,1523.48,MIA,411.17007989268245,0,1,4.0
27.9,52180,AGENT,486.971,1523.31,MIA,411.17007989268245,0,1,4.0
28.0,52180,AGENT,487.441,1523.13,MIA,411.17007989268245,0,1,4.0
28.1,52180,AGENT,487.911,1522.95,MIA,411.17007989268245,0,1,4.0
28.2,52180,AGENT,488.38,1522.77,MIA,411.17007989268245,0,1,4.0
28.3,52180,AGENT,488.848,1522.59,MIA,411.17007989268245,0,1,4.0
28.4,52180,AGENT,489.316,1522.4,MIA,411.17007989268245,0,1,4.0
28.5,52180,AGENT,489.783,1522.22,MIA,411.17007989268245,0,1,4.0
28.6,52180,AGENT,490.249,1522.03,MIA,411.17007989268245,0,1,4.0
28.7,52180,AGENT,490.715,1521.84,MIA,411.17007989268245,0,1,4.0
28.8,52180,AGENT,491.18,1521.65,MIA,411.17007989268245,0,1,4.0
28.9,52180,AGENT,491.645,1521.46,MIA,411.17007989268245,0,1,4.0
29.0,52180,AGENT,492.109,1521.27,MIA,411.17007989268245,0,1,4.0
29.1,52180,AGENT,492.572,1521.08,MIA,411.17007989268245,0,1,4.0
29.2,52180,AGENT,493.034,1520.88,MIA,411.17007989268245,0,1,4.0
29.3,52180,AGENT,493.496,1520.68,MIA,411.17007989268245,0,1,4.0
29.4,52180,AGENT,493.958,1520.49,MIA,411.17007989268245,0,1,4.0
29.5,52180,AGENT,494.419,1520.29,MIA,411.17007989268245,0,1,4.0
29.6,52180,AGENT,494.879,1520.09,MIA,411.17007989268245,0,1,4.0
29.7,52180,AGENT,495.339,1519.88,MIA,411.17007989268245,0,1,4.0
29.8,52180,AGENT,495.799,1519.68,MIA,411.17007989268245,0,1,4.0
29.9,52180,AGENT,496.258,1519.48,MIA,411.17007989268245,0,1,4.0
30.0,52180,AGENT,496.716,1519.27,MIA,411.17007989268245,0,1,4.0
30.1,52180,AGENT,497.175,1519.07,MIA,411.17007989268245,0,1,4.0
30.2,52180,AGENT,497.633,1518.86,MIA,411.17007989268245,0,1,4.0
30.3,52180,AGENT,498.09,1518.66,MIA,411.17007989268245,0,1,4.0
30.4,52180,AGENT,498.547,1518.45,MIA,411.17007989268245,0,1,4.0
30.5,52180,AGENT,499.004,1518.24,MIA,411.17007989268245,0,1,4.0
30.6,52180,AGENT,499.461,1518.03,MIA,411.17007989268245,0,1,4.0
30.7,52180,AGENT,499.918,1517.82,MIA,411.17007989268245,0,1,4.0
30.8,52180,AGENT,500.374,1517.61,MIA,411.17007989268245,0,1,4.0
30.9,52180,AGENT,500.83,1517.4,MIA,411.17007989268245,0,1,4.0
