TIMESTAMP,TRACK_ID,OBJECT_TYPE,X,Y,CITY_NAME,REF_xmin,AUGMENT_TYPE,AUGMENT_DIRECTION,ATTACK_POWER_TYPE
2.0,52180,AGENT,2647.13,1535.46,PIT,2582.579867968926,0,0,3.0
2.1,52180,AGENT,2646.76,1534.99,PIT,2582.579867968926,0,0,3.0
2.2,52180,AGENT,2646.38,1534.52,PIT,2582.579867968926,0,0,3.0
2.3,52180,AGENT,2646.01,1534.05,PIT,2582.579867968926,0,0,3.0
2.4,52180,AGENT,2645.63,1533.58,PIT,2582.579867968926,0,0,3.0
2.5,52180,AGENT,2645.26,1533.11,PIT,2582.579867968926,0,0,3.0
2.6,52180,AGENT,2644.88,1532.65,PIT,2582.579867968926,0,0,3.0
2.7,52180,AGENT,2644.51,1532.18,PIT,2582.579867968926,0,0,3.0
2.8,52180,AGENT,2644.13,1531.71,PIT,2582.579867968926,0,0,3.0
2.9,52180,AGENT,2643.76,1531.24,PIT,2582.579867968926,0,0,3.0
3.0,52180,AGENT,2643.38,1530.77,PIT,2582.579867968926,0,0,3.0
3.1,52180,AGENT,2643.0,1530.31,PIT,2582.579867968926,0,0,3.0
3.2,52180,AGENT,2642.63,1529.84,PIT,2582.579867968926,0,0,3.0
3.3,52180,AGENT,2642.25,1529.37,PIT,2582.579867968926,0,0,3.0
3.4,52180,AGENT,2641.87,1528.91,PIT,2582.579867968926,0,0,3.0
3.5,52180,AGENT,2641.49,1528.44,PIT,2582.579867968926,0,0,3.0
3.6,52180,AGENT,2641.11,1527.98,PIT,2582.579867968926,0,0,3.0
3.7,52180,AGENT,2640.73,1527.51,PIT,2582.579867968926,0,0,3.0
3.8,52180,AGENT,2640.35,1527.05,PIT,2582.579867968926,0,0,3.0
3.9,52180,AGENT,2639.96,1526.59,PIT,2582.579867968926,0,0,3.0
4.0,52180,AGENT,2639.58,1526.12,PIT,2582.579867968926,0,0,3.0
4.1,52180,AGENT,2639.2,1525.66,PIT,2582.579867968926,0,0,3.0
4.2,52180,AGENT,2638.81,1525.2,PIT,2582.579867968926,0,0,3.0
4.3,52180,AGENT,2638.42,1524.74,PIT,2582.579867968926,0,0,3.0
4.4,52180,AGENT,2638.04,1524.28,PIT,2582.579867968926,0,0,3.0
4.5,52180,AGENT,2637.65,1523.82,PIT,2582.579867968926,0,0,3.0
4.6,52180,AGENT,2637.26,1523.37,PIT,2582.579867968926,0,0,3.0
4.7,52180,AGENT,2636.87,1522.91,PIT,2582.579867968926,0,0,3.0
4.8,52180,AGENT,2636.47,1522.46,PIT,2582.579867968926,0,0,3.0
4.9,52180,AGENT,2636.08,1522.01,PIT,2582.579867968926,0,0,3.0
5.0,52180,AGENT,2635.68,1521.56,PIT,2582.579867968926,0,0,3.0
5.1,52180,AGENT,2635.28,1521.11,PIT,2582.579867968926,0,0,3.0
5.2,52180,AGENT,2634.88,1520.66,PIT,2582.579867968926,0,0,3.0
5.3,52180,AGENT,2634.48,1520.22,PIT,2582.579867968926,0,0,3.0
5.4,52180,AGENT,2634.08,1519.77,PIT,2582.579867968926,0,0,3.0
5.5,52180,AGENT,2633.67,1519.33,PIT,2582.579867968926,0,0,3.0
5.6,52180,AGENT,2633.26,1518.89,PIT,2582.579867968926,0,0,3.0
5.7,52180,AGENT,2632.85,1518.45,PIT,2582.579867968926,0,0,3.0
5.8,52180,AGENT,2632.44,1518.02,PIT,2582.579867968926,0,0,3.0
5.9,52180,AGENT,2632.03,1517.59,PIT,2582.579867968926,0,0,3.0
6.0,52180,AGENT,2631.61,1517.16,PIT,2582.579867968926,0,0,3.0
6.1,52180,AGENT,2631.19,1516.73,PIT,2582.579867968926,0,0,3.0
6.2,52180,AGENT,2630.77,1516.3,PIT,2582.579867968926,0,0,3.0
6.3,52180,AGENT,2630.35,1515.87,PIT,2582.579867968926,0,0,3.0
6.4,52180,AGENT,2629.93,1515.45,PIT,2582.579867968926,0,0,3.0
6.5,52180,AGENT,2629.5,1515.03,PIT,2582.579867968926,0,0,3.0
6.6,52180,AGENT,2629.07,1514.61,PIT,2582.579867968926,0,0,3.0
6.7,52180,AGENT,2628.65,1514.19,PIT,2582.579867968926,0,0,3.0
6.8,52180,AGENT,2628.22,1513.77,PIT,2582.579867968926,0,0,3.0
6.9,52180,AGENT,2627.79,1513.35,PIT,2582.579867968926,0,0,3.0
