TIMESTAMP,TRACK_ID,OBJECT_TYPE,X,Y,CITY_NAME,REF_xmin,AUGMENT_TYPE,AUGMENT_DIRECTION,ATTACK_POWER_TYPE
16.0,52180,AGENT,2673.72,1500.94,PIT,2588.7831283423,0,1,1.0
16.1,52180,AGENT,2674.17,1500.43,PIT,2588.7831283423,0,1,1.0
16.2,52180,AGENT,2674.62,1499.92,PIT,2588.7831283423,0,1,1.0
16.3,52180,AGENT,2675.06,1499.41,PIT,2588.7831283423,0,1,1.0
16.4,52180,AGENT,2675.51,1498.91,PIT,2588.7831283423,0,1,1.0
16.5,52180,AGENT,2675.94,1498.41,PIT,2588.7831283423,0,1,1.0
16.6,52180,AGENT,2676.37,1497.92,PIT,2588.7831283423,0,1,1.0
16.7,52180,AGENT,2676.8,1497.42,PIT,2588.7831283423,0,1,1.0
16.8,52180,AGENT,2677.22,1496.92,PIT,2588.7831283423,0,1,1.0
16.9,52180,AGENT,2677.64,1496.41,PIT,2588.7831283423,0,1,1.0
17.0,52180,AGENT,2678.05,1495.89,PIT,2588.7831283423,0,1,1.0
17.1,52180,AGENT,2678.44,1495.36,PIT,2588.7831283423,0,1,1.0
17.2,52180,AGENT,2678.82,1494.83,PIT,2588.7831283423,0,1,1.0
17.3,52180,AGENT,2679.19,1494.31,PIT,2588.7831283423,0,1,1.0
17.4,52180,AGENT,2679.55,1493.8,PIT,2588.7831283423,0,1,1.0
17.5,52180,AGENT,2679.89,1493.3,PIT,2588.7831283423,0,1,1.0
17.6,52180,AGENT,2680.21,1492.82,PIT,2588.7831283423,0,1,1.0
17.7,52180,AGENT,2680.51,1492.34,PIT,2588.7831283423,0,1,1.0
17.8,52180,AGENT,2680.8,1491.87,PIT,2588.7831283423,0,1,1.0
17.9,52180,AGENT,2681.06,1491.4,PIT,2588.7831283423,0,1,1.0
18.0,52180,AGENT,2681.29,1490.94,PIT,2588.7831283423,0,1,1.0
18.1,52180,AGENT,2681.5,1490.48,PIT,2588.7831283423,0,1,1.0
18.2,52180,AGENT,2681.68,1490.03,PIT,2588.7831283423,0,1,1.0
18.3,52180,AGENT,2681.82,1489.57,PIT,2588.7831283423,0,1,1.0
18.4,52180,AGENT,2681.93,1489.12,PIT,2588.7831283423,0,1,1.0
18.5,52180,AGENT,2682.0,1488.66,PIT,2588.7831283423,0,1,1.0
18.6,52180,AGENT,2682.04,1488.2,PIT,2588.7831283423,0,1,1.0
18.7,52180,AGENT,2682.04,1487.74,PIT,2588.7831283423,0,1,1.0
18.8,52180,AGENT,2682.0,1487.28,PIT,2588.7831283423,0,1,1.0
18.9,52180,AGENT,2681.94,1486.82,PIT,2588.7831283423,0,1,1.0
19.0,52180,AGENT,2681.84,1486.37,PIT,2588.7831283423,0,1,1.0
19.1,52180,AGENT,2681.71,1485.92,PIT,2588.7831283423,0,1,1.0
19.2,52180,AGENT,2681.56,1485.48,PIT,2588.7831283423,0,1,1.0
19.3,52180,AGENT,2681.37,1485.04,PIT,2588.7831283423,0,1,1.0
19.4,52180,AGENT,2681.17,1484.61,PIT,2588.7831283423,0,1,1.0
19.5,52180,AGENT,2680.94,1484.18,PIT,2588.7831283423,0,1,1.0
19.6,52180,AGENT,2680.68,1483.76,PIT,2588.7831283423,0,1,1.0
19.7,52180,AGENT,2680.41,1483.34,PIT,2588.7831283423,0,1,1.0
19.8,52180,AGENT,2680.11,1482.92,PIT,2588.7831283423,0,1,1.0
19.9,52180,AGENT,2679.8,1482.51,PIT,2588.7831283423,0,1,1.0
20.0,52180,AGENT,2679.47,1482.1,PIT,2588.7831283423,0,1,1.0
20.1,52180,AGENT,2679.12,1481.7,PIT,2588.7831283423,0,1,1.0
20.2,52180,AGENT,2678.75,1481.3,PIT,2588.7831283423,0,1,1.0
20.3,52180,AGENT,2678.37,1480.9,PIT,2588.7831283423,0,1,1.0
20.4,52180,AGENT,2677.97,1480.5,PIT,2588.7831283423,0,1,1.0
20.5,52180,AGENT,2677.56,1480.1,PIT,2588.7831283423,0,1,1.0
20.6,52180,AGENT,2677.14,1479.7,PIT,2588.7831283423,0,1,1.0
20.7,52180,AGENT,2676.7,1479.3,PIT,2588.7831283423,0,1,1.0
20.8,52180,AGENT,2676.25,1478.9,PIT,2588.7831283423,0,1,1.0
20.9,52180,AGENT,2675.79,1478.5,PIT,2588.7831283423,0,1,1.0
