TIMESTAMP,TRACK_ID,OBJECT_TYPE,X,Y,CITY_NAME,REF_xmin,AUGMENT_TYPE,AUGMENT_DIRECTION,ATTACK_POWER_TYPE
2.0,52180,AGENT,523.749,3608.55,MIA,518.7872403953806,0,1,1.0
2.1,52180,AGENT,524.246,3608.2,MIA,518.7872403953806,0,1,1.0
2.2,52180,AGENT,524.763,3607.87,MIA,518.7872403953806,0,1,1.0
2.3,52180,AGENT,525.297,3607.56,MIA,518.7872403953806,0,1,1.0
2.4,52180,AGENT,525.848,3607.27,MIA,518.7872403953806,0,1,1.0
2.5,52180,AGENT,526.415,3607.0,MIA,518.7872403953806,0,1,1.0
2.6,52180,AGENT,526.998,3606.76,MIA,518.7872403953806,0,1,1.0
2.7,52180,AGENT,527.596,3606.53,MIA,518.7872403953806,0,1,1.0
2.8,52180,AGENT,528.208,3606.32,MIA,518.7872403953806,0,1,1.0
2.9,52180,AGENT,528.833,3606.13,MIA,518.7872403953806,0,1,1.0
3.0,52180,AGENT,529.472,3605.95,MIA,518.7872403953806,0,1,1.0
3.1,52180,AGENT,530.122,3605.8,MIA,518.7872403953806,0,1,1.0
3.2,52180,AGENT,530.785,3605.66,MIA,518.7872403953806,0,1,1.0
3.3,52180,AGENT,531.459,3605.55,MIA,518.7872403953806,0,1,1.0
3.4,52180,AGENT,532.145,3605.44,MIA,518.7872403953806,0,1,1.0
3.5,52180,AGENT,532.842,3605.36,MIA,518.7872403953806,0,1,1.0
3.6,52180,AGENT,533.549,3605.28,MIA,518.7872403953806,0,1,1.0
3.7,52180,AGENT,534.267,3605.22,MIA,518.7872403953806,0,1,1.0
3.8,52180,AGENT,534.995,3605.18,MIA,518.7872403953806,0,1,1.0
3.9,52180,AGENT,535.734,3605.15,MIA,518.7872403953806,0,1,1.0
4.0,52180,AGENT,536.483,3605.12,MIA,518.7872403953806,0,1,1.0
4.1,52180,AGENT,537.241,3605.11,MIA,518.7872403953806,0,1,1.0
4.2,52180,AGENT,538.01,3605.11,MIA,518.7872403953806,0,1,1.0
4.3,52180,AGENT,538.789,3605.12,MIA,518.7872403953806,0,1,1.0
4.4,52180,AGENT,539.578,3605.14,MIA,518.7872403953806,0,1,1.0
4.5,52180,AGENT,540.376,3605.16,MIA,518.7872403953806,0,1,1.0
4.6,52180,AGENT,541.185,3605.19,MIA,518.7872403953806,0,1,1.0
4.7,52180,AGENT,542.003,3605.23,MIA,518.7872403953806,0,1,1.0
4.8,52180,AGENT,542.832,3605.27,MIA,518.7872403953806,0,1,1.0
4.9,52180,AGENT,543.67,3605.32,MIA,518.7872403953806,0,1,1.0
5.0,52180,AGENT,544.519,3605.37,MIA,518.7872403953806,0,1,1.0
5.1,52180,AGENT,545.378,3605.42,MIA,518.7872403953806,0,1,1.0
5.2,52180,AGENT,546.246,3605.48,MIA,518.7872403953806,0,1,1.0
5.3,52180,AGENT,547.125,3605.54,MIA,518.7872403953806,0,1,1.0
5.4,52180,AGENT,548.015,3605.6,MIA,518.7872403953806,0,1,1.0
5.5,52180,AGENT,548.914,3605.66,MIA,518.7872403953806,0,1,1.0
5.6,52180,AGENT,549.824,3605.72,MIA,518.7872403953806,0,1,1.0
5.7,52180,AGENT,550.744,3605.78,MIA,518.7872403953806,0,1,1.0
5.8,52180,AGENT,551.674,3605.84,MIA,518.7872403953806,0,1,1.0
5.9,52180,AGENT,552.616,3605.9,MIA,518.7872403953806,0,1,1.0
6.0,52180,AGENT,553.568,3605.96,MIA,518.7872403953806,0,1,1.0
6.1,52180,AGENT,554.532,3606.01,MIA,518.7872403953806,0,1,1.0
6.2,52180,AGENT,555.506,3606.06,MIA,518.7872403953806,0,1,1.0
6.3,52180,AGENT,556.491,3606.11,MIA,518.7872403953806,0,1,1.0
6.4,52180,AGENT,557.486,3606.16,MIA,518.7872403953806,0,1,1.0
6.5,52180,AGENT,558.493,3606.2,MIA,518.7872403953806,0,1,1.0
6.6,52180,AGENT,559.51,3606.24,MIA,518.7872403953806,0,1,1.0
6.7,52180,AGENT,560.539,3606.27,MIA,518.7872403953806,0,1,1.0
6.8,52180,AGENT,561.577,3606.3,MIA,518.7872403953806,0,1,1.0
6.9,52180,AGENT,562.627,3606.33,MIA,518.7872403953806,0,1,1.0
