TIMESTAMP,TRACK_ID,OBJECT_TYPE,X,Y,CITY_NAME,REF_xmin,AUGMENT_TYPE,AUGMENT_DIRECTION,ATTACK_POWER_TYPE
8.0,52180,AGENT,706.403,3222.28,MIA,651.0596734367427,1,0,2.0
8.1,52180,AGENT,706.846,3222.74,MIA,651.0596734367427,1,0,2.0
8.2,52180,AGENT,707.267,3223.2,MIA,651.0596734367427,1,0,2.0
8.3,52180,AGENT,707.666,3223.68,MIA,651.0596734367427,1,0,2.0
8.4,52180,AGENT,708.041,3224.17,MIA,651.0596734367427,1,0,2.0
8.5,52180,AGENT,708.393,3224.68,MIA,651.0596734367427,1,0,2.0
8.6,52180,AGENT,708.723,3225.19,MIA,651.0596734367427,1,0,2.0
8.7,52180,AGENT,709.028,3225.73,MIA,651.0596734367427,1,0,2.0
8.8,52180,AGENT,709.31,3226.28,MIA,651.0596734367427,1,0,2.0
8.9,52180,AGENT,709.569,3226.84,MIA,651.0596734367427,1,0,2.0
9.0,52180,AGENT,709.805,3227.43,MIA,651.0596734367427,1,0,2.0
9.1,52180,AGENT,710.018,3228.03,MIA,651.0596734367427,1,0,2.0
9.2,52180,AGENT,710.209,3228.64,MIA,651.0596734367427,1,0,2.0
9.3,52180,AGENT,710.379,3229.26,MIA,651.0596734367427,1,0,2.0
9.4,52180,AGENT,710.528,3229.9,MIA,651.0596734367427,1,0,2.0
9.5,52180,AGENT,710.657,3230.55,MIA,651.0596734367427,1,0,2.0
9.6,52180,AGENT,710.768,3231.21,MIA,651.0596734367427,1,0,2.0
9.7,52180,AGENT,710.86,3231.89,MIA,651.0596734367427,1,0,2.0
9.8,52180,AGENT,710.936,3232.57,MIA,651.0596734367427,1,0,2.0
9.9,52180,AGENT,710.996,3233.27,MIA,651.0596734367427,1,0,2.0
10.0,52180,AGENT,711.041,3233.97,MIA,651.0596734367427,1,0,2.0
10.1,52180,AGENT,711.072,3234.69,MIA,651.0596734367427,1,0,2.0
10.2,52180,AGENT,711.09,3235.41,MIA,651.0596734367427,1,0,2.0
10.3,52180,AGENT,711.095,3236.15,MIA,651.0596734367427,1,0,2.0
10.4,52180,AGENT,711.09,3236.89,MIA,651.0596734367427,1,0,2.0
10.5,52180,AGENT,711.074,3237.65,MIA,651.0596734367427,1,0,2.0
10.6,52180,AGENT,711.049,3238.41,MIA,651.0596734367427,1,0,2.0
10.7,52180,AGENT,711.014,3239.18,MIA,651.0596734367427,1,0,2.0
10.8,52180,AGENT,710.972,3239.97,MIA,651.0596734367427,1,0,2.0
10.9,52180,AGENT,710.923,3240.76,MIA,651.0596734367427,1,0,2.0
11.0,52180,AGENT,710.867,3241.56,MIA,651.0596734367427,1,0,2.0
11.1,52180,AGENT,710.806,3242.38,MIA,651.0596734367427,1,0,2.0
11.2,52180,AGENT,710.739,3243.2,MIA,651.0596734367427,1,0,2.0
11.3,52180,AGENT,710.667,3244.03,MIA,651.0596734367427,1,0,2.0
11.4,52180,AGENT,710.591,3244.88,MIA,651.0596734367427,1,0,2.0
11.5,52180,AGENT,710.512,3245.73,MIA,651.0596734367427,1,0,2.0
11.6,52180,AGENT,710.429,3246.6,MIA,651.0596734367427,1,0,2.0
11.7,52180,AGENT,710.343,3247.47,MIA,651.0596734367427,1,0,2.0
11.8,52180,AGENT,710.254,3248.36,MIA,651.0596734367427,1,0,2.0
11.9,52180,AGENT,710.164,3249.25,MIA,651.0596734367427,1,0,2.0
12.0,52180,AGENT,710.071,3250.16,MIA,651.0596734367427,1,0,2.0
12.1,52180,AGENT,709.978,3251.08,MIA,651.0596734367427,1,0,2.0
12.2,52180,AGENT,709.883,3252.01,MIA,651.0596734367427,1,0,2.0
12.3,52180,AGENT,709.786,3252.95,MIA,651.0596734367427,1,0,2.0
12.4,52180,AGENT,709.69,3253.9,MIA,651.0596734367427,1,0,2.0
12.5,52180,AGENT,709.592,3254.86,MIA,651.0596734367427,1,0,2.0
12.6,52180,AGENT,709.494,3255.84,MIA,651.0596734367427,1,0,2.0
12.7,52180,AGENT,709.397,3256.82,MIA,651.0596734367427,1,0,2.0
12.8,52180,AGENT,709.299,3257.82,MIA,651.0596734367427,1,0,2.0
12.9,52180,AGENT,709.201,3258.83,MIA,651.0596734367427,1,0,2.0
