TIMESTAMP,TRACK_ID,OBJECT_TYPE,X,Y,CITY_NAME,REF_xmin,AUGMENT_TYPE,AUGMENT_DIRECTION,ATTACK_POWER_TYPE
10.0,52180,AGENT,739.404,2123.3,MIA,666.0201293607242,1,1,7.0
10.1,52180,AGENT,739.33,2122.83,MIA,666.0201293607242,1,1,7.0
10.2,52180,AGENT,739.243,2122.38,MIA,666.0201293607242,1,1,7.0
10.3,52180,AGENT,739.143,2121.94,MIA,666.0201293607242,1,1,7.0
10.4,52180,AGENT,739.031,2121.51,MIA,666.0201293607242,1,1,7.0
10.5,52180,AGENT,738.905,2121.1,MIA,666.0201293607242,1,1,7.0
10.6,52180,AGENT,738.767,2120.71,MIA,666.0201293607242,1,1,7.0
10.7,52180,AGENT,738.618,2120.33,MIA,666.0201293607242,1,1,7.0
10.8,52180,AGENT,738.453,2119.96,MIA,666.0201293607242,1,1,7.0
10.9,52180,AGENT,738.265,2119.61,MIA,666.0201293607242,1,1,7.0
11.0,52180,AGENT,738.049,2119.27,MIA,666.0201293607242,1,1,7.0
11.1,52180,AGENT,737.806,2118.94,MIA,666.0201293607242,1,1,7.0
11.2,52180,AGENT,737.543,2118.62,MIA,666.0201293607242,1,1,7.0
11.3,52180,AGENT,737.265,2118.33,MIA,666.0201293607242,1,1,7.0
11.4,52180,AGENT,736.974,2118.04,MIA,666.0201293607242,1,1,7.0
11.5,52180,AGENT,736.671,2117.78,MIA,666.0201293607242,1,1,7.0
11.6,52180,AGENT,736.357,2117.53,MIA,666.0201293607242,1,1,7.0
11.7,52180,AGENT,736.032,2117.29,MIA,666.0201293607242,1,1,7.0
11.8,52180,AGENT,735.695,2117.07,MIA,666.0201293607242,1,1,7.0
11.9,52180,AGENT,735.348,2116.87,MIA,666.0201293607242,1,1,7.0
12.0,52180,AGENT,734.996,2116.68,MIA,666.0201293607242,1,1,7.0
12.1,52180,AGENT,734.639,2116.51,MIA,666.0201293607242,1,1,7.0
12.2,52180,AGENT,734.273,2116.35,MIA,666.0201293607242,1,1,7.0
12.3,52180,AGENT,733.892,2116.21,MIA,666.0201293607242,1,1,7.0
12.4,52180,AGENT,733.5,2116.09,MIA,666.0201293607242,1,1,7.0
12.5,52180,AGENT,733.096,2115.99,MIA,666.0201293607242,1,1,7.0
12.6,52180,AGENT,732.682,2115.9,MIA,666.0201293607242,1,1,7.0
12.7,52180,AGENT,732.259,2115.84,MIA,666.0201293607242,1,1,7.0
12.8,52180,AGENT,731.83,2115.79,MIA,666.0201293607242,1,1,7.0
12.9,52180,AGENT,731.397,2115.76,MIA,666.0201293607242,1,1,7.0
13.0,52180,AGENT,730.966,2115.73,MIA,666.0201293607242,1,1,7.0
13.1,52180,AGENT,730.536,2115.73,MIA,666.0201293607242,1,1,7.0
13.2,52180,AGENT,730.103,2115.74,MIA,666.0201293607242,1,1,7.0
13.3,52180,AGENT,729.662,2115.76,MIA,666.0201293607242,1,1,7.0
13.4,52180,AGENT,729.214,2115.81,MIA,666.0201293607242,1,1,7.0
13.5,52180,AGENT,728.758,2115.87,MIA,666.0201293607242,1,1,7.0
13.6,52180,AGENT,728.296,2115.95,MIA,666.0201293607242,1,1,7.0
13.7,52180,AGENT,727.829,2116.05,MIA,666.0201293607242,1,1,7.0
13.8,52180,AGENT,727.357,2116.17,MIA,666.0201293607242,1,1,7.0
13.9,52180,AGENT,726.879,2116.31,MIA,666.0201293607242,1,1,7.0
14.0,52180,AGENT,726.402,2116.46,MIA,666.0201293607242,1,1,7.0
14.1,52180,AGENT,725.928,2116.62,MIA,666.0201293607242,1,1,7.0
14.2,52180,AGENT,725.456,2116.79,MIA,666.0201293607242,1,1,7.0
14.3,52180,AGENT,724.984,2116.97,MIA,666.0201293607242,1,1,7.0
14.4,52180,AGENT,724.509,2117.16,MIA,666.0201293607242,1,1,7.0
14.5,52180,AGENT,724.031,2117.37,MIA,666.0201293607242,1,1,7.0
14.6,52180,AGENT,723.553,2117.57,MIA,666.0201293607242,1,1,7.0
14.7,52180,AGENT,723.072,2117.79,MIA,666.0201293607242,1,1,7.0
14.8,52180,AGENT,722.582,2118.01,MIA,666.0201293607242,1,1,7.0
14.9,52180,AGENT,722.083,2118.23,MIA,666.0201293607242,1,1,7.0
