TIMESTAMP,TRACK_ID,OBJECT_TYPE,X,Y,CITY_NAME,REF_xmin,AUGMENT_TYPE,AUGMENT_DIRECTION,ATTACK_POWER_TYPE
2.0,52180,AGENT,603.14,2402.74,MIA,562.103072139842,1,1,2.0
2.1,52180,AGENT,602.544,2402.72,MIA,562.103072139842,1,1,2.0
2.2,52180,AGENT,601.949,2402.7,MIA,562.103072139842,1,1,2.0
2.3,52180,AGENT,601.353,2402.67,MIA,562.103072139842,1,1,2.0
2.4,52180,AGENT,600.758,2402.65,MIA,562.103072139842,1,1,2.0
2.5,52180,AGENT,600.163,2402.63,MIA,562.103072139842,1,1,2.0
2.6,52180,AGENT,599.567,2402.6,MIA,562.103072139842,1,1,2.0
2.7,52180,AGENT,598.972,2402.58,MIA,562.103072139842,1,1,2.0
2.8,52180,AGENT,598.375,2402.56,MIA,562.103072139842,1,1,2.0
2.9,52180,AGENT,597.78,2402.53,MIA,562.103072139842,1,1,2.0
3.0,52180,AGENT,597.19,2402.51,MIA,562.103072139842,1,1,2.0
3.1,52180,AGENT,596.606,2402.49,MIA,562.103072139842,1,1,2.0
3.2,52180,AGENT,596.028,2402.46,MIA,562.103072139842,1,1,2.0
3.3,52180,AGENT,595.459,2402.44,MIA,562.103072139842,1,1,2.0
3.4,52180,AGENT,594.896,2402.42,MIA,562.103072139842,1,1,2.0
3.5,52180,AGENT,594.339,2402.4,MIA,562.103072139842,1,1,2.0
3.6,52180,AGENT,593.788,2402.39,MIA,562.103072139842,1,1,2.0
3.7,52180,AGENT,593.243,2402.37,MIA,562.103072139842,1,1,2.0
3.8,52180,AGENT,592.707,2402.35,MIA,562.103072139842,1,1,2.0
3.9,52180,AGENT,592.176,2402.34,MIA,562.103072139842,1,1,2.0
4.0,52180,AGENT,591.652,2402.33,MIA,562.103072139842,1,1,2.0
4.1,52180,AGENT,591.133,2402.32,MIA,562.103072139842,1,1,2.0
4.2,52180,AGENT,590.62,2402.31,MIA,562.103072139842,1,1,2.0
4.3,52180,AGENT,590.117,2402.3,MIA,562.103072139842,1,1,2.0
4.4,52180,AGENT,589.623,2402.29,MIA,562.103072139842,1,1,2.0
4.5,52180,AGENT,589.135,2402.28,MIA,562.103072139842,1,1,2.0
4.6,52180,AGENT,588.653,2402.28,MIA,562.103072139842,1,1,2.0
4.7,52180,AGENT,588.176,2402.28,MIA,562.103072139842,1,1,2.0
4.8,52180,AGENT,587.706,2402.27,MIA,562.103072139842,1,1,2.0
4.9,52180,AGENT,587.241,2402.27,MIA,562.103072139842,1,1,2.0
5.0,52180,AGENT,586.781,2402.27,MIA,562.103072139842,1,1,2.0
5.1,52180,AGENT,586.327,2402.27,MIA,562.103072139842,1,1,2.0
5.2,52180,AGENT,585.871,2402.28,MIA,562.103072139842,1,1,2.0
5.3,52180,AGENT,585.416,2402.28,MIA,562.103072139842,1,1,2.0
5.4,52180,AGENT,584.963,2402.28,MIA,562.103072139842,1,1,2.0
5.5,52180,AGENT,584.512,2402.29,MIA,562.103072139842,1,1,2.0
5.6,52180,AGENT,584.063,2402.29,MIA,562.103072139842,1,1,2.0
5.7,52180,AGENT,583.62,2402.3,MIA,562.103072139842,1,1,2.0
5.8,52180,AGENT,583.183,2402.3,MIA,562.103072139842,1,1,2.0
5.9,52180,AGENT,582.748,2402.31,MIA,562.103072139842,1,1,2.0
6.0,52180,AGENT,582.318,2402.32,MIA,562.103072139842,1,1,2.0
6.1,52180,AGENT,581.893,2402.32,MIA,562.103072139842,1,1,2.0
6.2,52180,AGENT,581.466,2402.33,MIA,562.103072139842,1,1,2.0
6.3,52180,AGENT,581.039,2402.34,MIA,562.103072139842,1,1,2.0
6.4,52180,AGENT,580.611,2402.35,MIA,562.103072139842,1,1,2.0
6.5,52180,AGENT,580.181,2402.35,MIA,562.103072139842,1,1,2.0
6.6,52180,AGENT,579.751,2402.36,MIA,562.103072139842,1,1,2.0
6.7,52180,AGENT,579.319,2402.37,MIA,562.103072139842,1,1,2.0
6.8,52180,AGENT,578.886,2402.37,MIA,562.103072139842,1,1,2.0
6.9,52180,AGENT,578.451,2402.38,MIA,562.103072139842,1,1,2.0
