TIMESTAMP,TRACK_ID,OBJECT_TYPE,X,Y,CITY_NAME,REF_xmin,AUGMENT_TYPE,AUGMENT_DIRECTION,ATTACK_POWER_TYPE
22.0,52180,AGENT,4426.47,2331.09,PIT,4260.0,1,0,6.0
22.1,52180,AGENT,4427.03,2331.23,PIT,4260.0,1,0,6.0
22.2,52180,AGENT,4427.59,2331.37,PIT,4260.0,1,0,6.0
22.3,52180,AGENT,4428.14,2331.5,PIT,4260.0,1,0,6.0
22.4,52180,AGENT,4428.69,2331.64,PIT,4260.0,1,0,6.0
22.5,52180,AGENT,4429.23,2331.77,PIT,4260.0,1,0,6.0
22.6,52180,AGENT,4429.76,2331.9,PIT,4260.0,1,0,6.0
22.7,52180,AGENT,4430.29,2332.02,PIT,4260.0,1,0,6.0
22.8,52180,AGENT,4430.82,2332.14,PIT,4260.0,1,0,6.0
22.9,52180,AGENT,4431.37,2332.25,PIT,4260.0,1,0,6.0
23.0,52180,AGENT,4431.91,2332.34,PIT,4260.0,1,0,6.0
23.1,52180,AGENT,4432.46,2332.43,PIT,4260.0,1,0,6.0
23.2,52180,AGENT,4432.99,2332.51,PIT,4260.0,1,0,6.0
23.3,52180,AGENT,4433.52,2332.59,PIT,4260.0,1,0,6.0
23.4,52180,AGENT,4434.03,2332.65,PIT,4260.0,1,0,6.0
23.5,52180,AGENT,4434.54,2332.7,PIT,4260.0,1,0,6.0
23.6,52180,AGENT,4435.03,2332.74,PIT,4260.0,1,0,6.0
23.7,52180,AGENT,4435.51,2332.77,PIT,4260.0,1,0,6.0
23.8,52180,AGENT,4435.98,2332.79,PIT,4260.0,1,0,6.0
23.9,52180,AGENT,4436.44,2332.79,PIT,4260.0,1,0,6.0
24.0,52180,AGENT,4436.88,2332.77,PIT,4260.0,1,0,6.0
24.1,52180,AGENT,4437.31,2332.73,PIT,4260.0,1,0,6.0
24.2,52180,AGENT,4437.73,2332.67,PIT,4260.0,1,0,6.0
24.3,52180,AGENT,4438.14,2332.59,PIT,4260.0,1,0,6.0
24.4,52180,AGENT,4438.53,2332.48,PIT,4260.0,1,0,6.0
24.5,52180,AGENT,4438.9,2332.36,PIT,4260.0,1,0,6.0
24.6,52180,AGENT,4439.27,2332.2,PIT,4260.0,1,0,6.0
24.7,52180,AGENT,4439.61,2332.02,PIT,4260.0,1,0,6.0
24.8,52180,AGENT,4439.95,2331.81,PIT,4260.0,1,0,6.0
24.9,52180,AGENT,4440.27,2331.58,PIT,4260.0,1,0,6.0
25.0,52180,AGENT,4440.58,2331.32,PIT,4260.0,1,0,6.0
25.1,52180,AGENT,4440.87,2331.04,PIT,4260.0,1,0,6.0
25.2,52180,AGENT,4441.15,2330.74,PIT,4260.0,1,0,6.0
25.3,52180,AGENT,4441.41,2330.42,PIT,4260.0,1,0,6.0
25.4,52180,AGENT,4441.66,2330.08,PIT,4260.0,1,0,6.0
25.5,52180,AGENT,4441.9,2329.73,PIT,4260.0,1,0,6.0
25.6,52180,AGENT,4442.12,2329.35,PIT,4260.0,1,0,6.0
25.7,52180,AGENT,4442.34,2328.96,PIT,4260.0,1,0,6.0
25.8,52180,AGENT,4442.54,2328.56,PIT,4260.0,1,0,6.0
25.9,52180,AGENT,4442.73,2328.14,PIT,4260.0,1,0,6.0
26.0,52180,AGENT,4442.91,2327.71,PIT,4260.0,1,0,6.0
26.1,52180,AGENT,4443.08,2327.26,PIT,4260.0,1,0,6.0
26.2,52180,AGENT,4443.24,2326.8,PIT,4260.0,1,0,6.0
26.3,52180,AGENT,4443.4,2326.33,PIT,4260.0,1,0,6.0
26.4,52180,AGENT,4443.55,2325.85,PIT,4260.0,1,0,6.0
26.5,52180,AGENT,4443.69,2325.35,PIT,4260.0,1,0,6.0
26.6,52180,AGENT,4443.82,2324.84,PIT,4260.0,1,0,6.0
26.7,52180,AGENT,4443.95,2324.32,PIT,4260.0,1,0,6.0
26.8,52180,AGENT,4444.08,2323.79,PIT,4260.0,1,0,6.0
26.9,52180,AGENT,4444.2,2323.25,PIT,4260.0,1,0,6.0
