TIMESTAMP,TRACK_ID,OBJECT_TYPE,X,Y,CITY_NAME,REF_xmin,AUGMENT_TYPE,AUGMENT_DIRECTION,ATTACK_POWER_TYPE
12.0,52180,AGENT,1141.58,399.164,PIT,1050.0,0,0,7.0
12.1,52180,AGENT,1142.45,400.145,PIT,1050.0,0,0,7.0
12.2,52180,AGENT,1143.33,401.125,PIT,1050.0,0,0,7.0
12.3,52180,AGENT,1144.2,402.105,PIT,1050.0,0,0,7.0
12.4,52180,AGENT,1145.08,403.084,PIT,1050.0,0,0,7.0
12.5,52180,AGENT,1145.95,404.064,PIT,1050.0,0,0,7.0
12.6,52180,AGENT,1146.82,405.043,PIT,1050.0,0,0,7.0
12.7,52180,AGENT,1147.7,406.023,PIT,1050.0,0,0,7.0
12.8,52180,AGENT,1148.57,407.002,PIT,1050.0,0,0,7.0
12.9,52180,AGENT,1149.45,407.981,PIT,1050.0,0,0,7.0
13.0,52180,AGENT,1150.32,408.959,PIT,1050.0,0,0,7.0
13.1,52180,AGENT,1151.2,409.938,PIT,1050.0,0,0,7.0
13.2,52180,AGENT,1152.07,410.916,PIT,1050.0,0,0,7.0
13.3,52180,AGENT,1152.95,411.894,PIT,1050.0,0,0,7.0
13.4,52180,AGENT,1153.82,412.871,PIT,1050.0,0,0,7.0
13.5,52180,AGENT,1154.7,413.849,PIT,1050.0,0,0,7.0
13.6,52180,AGENT,1155.58,414.825,PIT,1050.0,0,0,7.0
13.7,52180,AGENT,1156.46,415.802,PIT,1050.0,0,0,7.0
13.8,52180,AGENT,1157.33,416.778,PIT,1050.0,0,0,7.0
13.9,52180,AGENT,1158.21,417.754,PIT,1050.0,0,0,7.0
14.0,52180,AGENT,1159.09,418.73,PIT,1050.0,0,0,7.0
14.1,52180,AGENT,1159.97,419.705,PIT,1050.0,0,0,7.0
14.2,52180,AGENT,1160.85,420.679,PIT,1050.0,0,0,7.0
14.3,52180,AGENT,1161.73,421.653,PIT,1050.0,0,0,7.0
14.4,52180,AGENT,1162.61,422.627,PIT,1050.0,0,0,7.0
14.5,52180,AGENT,1163.49,423.6,PIT,1050.0,0,0,7.0
14.6,52180,AGENT,1164.37,424.573,PIT,1050.0,0,0,7.0
14.7,52180,AGENT,1165.25,425.545,PIT,1050.0,0,0,7.0
14.8,52180,AGENT,1166.14,426.517,PIT,1050.0,0,0,7.0
14.9,52180,AGENT,1167.02,427.488,PIT,1050.0,0,0,7.0
15.0,52180,AGENT,1167.9,428.459,PIT,1050.0,0,0,7.0
15.1,52180,AGENT,1168.79,429.429,PIT,1050.0,0,0,7.0
15.2,52180,AGENT,1169.67,430.399,PIT,1050.0,0,0,7.0
15.3,52180,AGENT,1170.56,431.369,PIT,1050.0,0,0,7.0
15.4,52180,AGENT,1171.44,432.338,PIT,1050.0,0,0,7.0
15.5,52180,AGENT,1172.33,433.307,PIT,1050.0,0,0,7.0
15.6,52180,AGENT,1173.21,434.276,PIT,1050.0,0,0,7.0
15.7,52180,AGENT,1174.1,435.244,PIT,1050.0,0,0,7.0
15.8,52180,AGENT,1174.99,436.212,PIT,1050.0,0,0,7.0
15.9,52180,AGENT,1175.87,437.18,PIT,1050.0,0,0,7.0
16.0,52180,AGENT,1176.76,438.147,PIT,1050.0,0,0,7.0
16.1,52180,AGENT,1177.65,439.115,PIT,1050.0,0,0,7.0
16.2,52180,AGENT,1178.53,440.082,PIT,1050.0,0,0,7.0
16.3,52180,AGENT,1179.42,441.049,PIT,1050.0,0,0,7.0
16.4,52180,AGENT,1180.31,442.015,PIT,1050.0,0,0,7.0
16.5,52180,AGENT,1181.2,442.982,PIT,1050.0,0,0,7.0
16.6,52180,AGENT,1182.09,443.949,PIT,1050.0,0,0,7.0
16.7,52180,AGENT,1182.98,444.915,PIT,1050.0,0,0,7.0
16.8,52180,AGENT,1183.86,445.881,PIT,1050.0,0,0,7.0
16.9,52180,AGENT,1184.75,446.848,PIT,1050.0,0,0,7.0
