TIMESTAMP,TRACK_ID,OBJECT_TYPE,X,Y,CITY_NAME,REF_xmin,AUGMENT_TYPE,AUGMENT_DIRECTION,ATTACK_POWER_TYPE
4.0,52180,AGENT,551.025,2792.95,MIA,471.90277262439486,1,0,1.0
4.1,52180,AGENT,550.993,2793.85,MIA,471.90277262439486,1,0,1.0
4.2,52180,AGENT,550.962,2794.76,MIA,471.90277262439486,1,0,1.0
4.3,52180,AGENT,550.93,2795.66,MIA,471.90277262439486,1,0,1.0
4.4,52180,AGENT,550.898,2796.57,MIA,471.90277262439486,1,0,1.0
4.5,52180,AGENT,550.866,2797.47,MIA,471.90277262439486,1,0,1.0
4.6,52180,AGENT,550.835,2798.38,MIA,471.90277262439486,1,0,1.0
4.7,52180,AGENT,550.803,2799.28,MIA,471.90277262439486,1,0,1.0
4.8,52180,AGENT,550.772,2800.19,MIA,471.90277262439486,1,0,1.0
4.9,52180,AGENT,550.741,2801.1,MIA,471.90277262439486,1,0,1.0
5.0,52180,AGENT,550.71,2802.0,MIA,471.90277262439486,1,0,1.0
5.1,52180,AGENT,550.679,2802.91,MIA,471.90277262439486,1,0,1.0
5.2,52180,AGENT,550.648,2803.81,MIA,471.90277262439486,1,0,1.0
5.3,52180,AGENT,550.618,2804.72,MIA,471.90277262439486,1,0,1.0
5.4,52180,AGENT,550.588,2805.62,MIA,471.90277262439486,1,0,1.0
5.5,52180,AGENT,550.557,2806.53,MIA,471.90277262439486,1,0,1.0
5.6,52180,AGENT,550.527,2807.43,MIA,471.90277262439486,1,0,1.0
5.7,52180,AGENT,550.497,2808.34,MIA,471.90277262439486,1,0,1.0
5.8,52180,AGENT,550.467,2809.25,MIA,471.90277262439486,1,0,1.0
5.9,52180,AGENT,550.438,2810.15,MIA,471.90277262439486,1,0,1.0
6.0,52180,AGENT,550.408,2811.06,MIA,471.90277262439486,1,0,1.0
6.1,52180,AGENT,550.379,2811.96,MIA,471.90277262439486,1,0,1.0
6.2,52180,AGENT,550.349,2812.87,MIA,471.90277262439486,1,0,1.0
6.3,52180,AGENT,550.32,2813.77,MIA,471.90277262439486,1,0,1.0
6.4,52180,AGENT,550.291,2814.68,MIA,471.90277262439486,1,0,1.0
6.5,52180,AGENT,550.262,2815.59,MIA,471.90277262439486,1,0,1.0
6.6,52180,AGENT,550.233,2816.49,MIA,471.90277262439486,1,0,1.0
6.7,52180,AGENT,550.204,2817.4,MIA,471.90277262439486,1,0,1.0
6.8,52180,AGENT,550.175,2818.3,MIA,471.90277262439486,1,0,1.0
6.9,52180,AGENT,550.146,2819.21,MIA,471.90277262439486,1,0,1.0
7.0,52180,AGENT,550.117,2820.11,MIA,471.90277262439486,1,0,1.0
7.1,52180,AGENT,550.088,2821.02,MIA,471.90277262439486,1,0,1.0
7.2,52180,AGENT,550.06,2821.93,MIA,471.90277262439486,1,0,1.0
7.3,52180,AGENT,550.031,2822.83,MIA,471.90277262439486,1,0,1.0
7.4,52180,AGENT,550.002,2823.74,MIA,471.90277262439486,1,0,1.0
7.5,52180,AGENT,549.973,2824.64,MIA,471.90277262439486,1,0,1.0
7.6,52180,AGENT,549.944,2825.55,MIA,471.90277262439486,1,0,1.0
7.7,52180,AGENT,549.914,2826.45,MIA,471.90277262439486,1,0,1.0
7.8,52180,AGENT,549.885,2827.36,MIA,471.90277262439486,1,0,1.0
7.9,52180,AGENT,549.856,2828.26,MIA,471.90277262439486,1,0,1.0
8.0,52180,AGENT,549.827,2829.17,MIA,471.90277262439486,1,0,1.0
8.1,52180,AGENT,549.797,2830.08,MIA,471.90277262439486,1,0,1.0
8.2,52180,AGENT,549.768,2830.98,MIA,471.90277262439486,1,0,1.0
8.3,52180,AGENT,549.739,2831.89,MIA,471.90277262439486,1,0,1.0
8.4,52180,AGENT,549.709,2832.79,MIA,471.90277262439486,1,0,1.0
8.5,52180,AGENT,549.68,2833.7,MIA,471.90277262439486,1,0,1.0
8.6,52180,AGENT,549.65,2834.6,MIA,471.90277262439486,1,0,1.0
8.7,52180,AGENT,549.62,2835.51,MIA,471.90277262439486,1,0,1.0
8.8,52180,AGENT,549.591,2836.42,MIA,471.90277262439486,1,0,1.0
8.9,52180,AGENT,549.561,2837.32,MIA,471.90277262439486,1,0,1.0
