TIMESTAMP,TRACK_ID,OBJECT_TYPE,X,Y,CITY_NAME,REF_xmin,AUGMENT_TYPE,AUGMENT_DIRECTION,ATTACK_POWER_TYPE
4.0,52180,AGENT,346.804,3264.85,MIA,317.2649182160385,0,1,9.0
4.1,52180,AGENT,347.625,3264.87,MIA,317.2649182160385,0,1,9.0
4.2,52180,AGENT,348.444,3264.88,MIA,317.2649182160385,0,1,9.0
4.3,52180,AGENT,349.254,3264.9,MIA,317.2649182160385,0,1,9.0
4.4,52180,AGENT,350.052,3264.91,MIA,317.2649182160385,0,1,9.0
4.5,52180,AGENT,350.833,3264.92,MIA,317.2649182160385,0,1,9.0
4.6,52180,AGENT,351.597,3264.93,MIA,317.2649182160385,0,1,9.0
4.7,52180,AGENT,352.356,3264.94,MIA,317.2649182160385,0,1,9.0
4.8,52180,AGENT,353.12,3264.93,MIA,317.2649182160385,0,1,9.0
4.9,52180,AGENT,353.89,3264.92,MIA,317.2649182160385,0,1,9.0
5.0,52180,AGENT,354.668,3264.9,MIA,317.2649182160385,0,1,9.0
5.1,52180,AGENT,355.452,3264.86,MIA,317.2649182160385,0,1,9.0
5.2,52180,AGENT,356.239,3264.81,MIA,317.2649182160385,0,1,9.0
5.3,52180,AGENT,357.018,3264.74,MIA,317.2649182160385,0,1,9.0
5.4,52180,AGENT,357.786,3264.68,MIA,317.2649182160385,0,1,9.0
5.5,52180,AGENT,358.538,3264.6,MIA,317.2649182160385,0,1,9.0
5.6,52180,AGENT,359.274,3264.52,MIA,317.2649182160385,0,1,9.0
5.7,52180,AGENT,359.996,3264.44,MIA,317.2649182160385,0,1,9.0
5.8,52180,AGENT,360.705,3264.34,MIA,317.2649182160385,0,1,9.0
5.9,52180,AGENT,361.4,3264.23,MIA,317.2649182160385,0,1,9.0
6.0,52180,AGENT,362.084,3264.11,MIA,317.2649182160385,0,1,9.0
6.1,52180,AGENT,362.76,3263.97,MIA,317.2649182160385,0,1,9.0
6.2,52180,AGENT,363.433,3263.81,MIA,317.2649182160385,0,1,9.0
6.3,52180,AGENT,364.104,3263.62,MIA,317.2649182160385,0,1,9.0
6.4,52180,AGENT,364.773,3263.41,MIA,317.2649182160385,0,1,9.0
6.5,52180,AGENT,365.44,3263.18,MIA,317.2649182160385,0,1,9.0
6.6,52180,AGENT,366.106,3262.92,MIA,317.2649182160385,0,1,9.0
6.7,52180,AGENT,366.769,3262.63,MIA,317.2649182160385,0,1,9.0
6.8,52180,AGENT,367.43,3262.33,MIA,317.2649182160385,0,1,9.0
6.9,52180,AGENT,368.089,3262.0,MIA,317.2649182160385,0,1,9.0
7.0,52180,AGENT,368.747,3261.64,MIA,317.2649182160385,0,1,9.0
7.1,52180,AGENT,369.403,3261.27,MIA,317.2649182160385,0,1,9.0
7.2,52180,AGENT,370.058,3260.87,MIA,317.2649182160385,0,1,9.0
7.3,52180,AGENT,370.712,3260.46,MIA,317.2649182160385,0,1,9.0
7.4,52180,AGENT,371.365,3260.03,MIA,317.2649182160385,0,1,9.0
7.5,52180,AGENT,372.019,3259.58,MIA,317.2649182160385,0,1,9.0
7.6,52180,AGENT,372.672,3259.11,MIA,317.2649182160385,0,1,9.0
7.7,52180,AGENT,373.327,3258.62,MIA,317.2649182160385,0,1,9.0
7.8,52180,AGENT,373.982,3258.12,MIA,317.2649182160385,0,1,9.0
7.9,52180,AGENT,374.64,3257.61,MIA,317.2649182160385,0,1,9.0
8.0,52180,AGENT,375.299,3257.08,MIA,317.2649182160385,0,1,9.0
8.1,52180,AGENT,375.962,3256.54,MIA,317.2649182160385,0,1,9.0
8.2,52180,AGENT,376.629,3255.98,MIA,317.2649182160385,0,1,9.0
8.3,52180,AGENT,377.299,3255.41,MIA,317.2649182160385,0,1,9.0
8.4,52180,AGENT,377.975,3254.83,MIA,317.2649182160385,0,1,9.0
8.5,52180,AGENT,378.656,3254.25,MIA,317.2649182160385,0,1,9.0
8.6,52180,AGENT,379.344,3253.64,MIA,317.2649182160385,0,1,9.0
8.7,52180,AGENT,380.038,3253.03,MIA,317.2649182160385,0,1,9.0
8.8,52180,AGENT,380.739,3252.41,MIA,317.2649182160385,0,1,9.0
8.9,52180,AGENT,381.447,3251.79,MIA,317.2649182160385,0,1,9.0
