TIMESTAMP,TRACK_ID,OBJECT_TYPE,X,Y,CITY_NAME,REF_xmin,AUGMENT_TYPE,AUGMENT_DIRECTION,ATTACK_POWER_TYPE
26.0,52180,AGENT,4144.91,2279.05,PIT,4030.942446576082,1,1,2.0
26.1,52180,AGENT,4144.31,2278.96,PIT,4030.942446576082,1,1,2.0
26.2,52180,AGENT,4143.71,2278.87,PIT,4030.942446576082,1,1,2.0
26.3,52180,AGENT,4143.1,2278.79,PIT,4030.942446576082,1,1,2.0
26.4,52180,AGENT,4142.5,2278.7,PIT,4030.942446576082,1,1,2.0
26.5,52180,AGENT,4141.9,2278.61,PIT,4030.942446576082,1,1,2.0
26.6,52180,AGENT,4141.29,2278.53,PIT,4030.942446576082,1,1,2.0
26.7,52180,AGENT,4140.69,2278.44,PIT,4030.942446576082,1,1,2.0
26.8,52180,AGENT,4140.09,2278.35,PIT,4030.942446576082,1,1,2.0
26.9,52180,AGENT,4139.48,2278.27,PIT,4030.942446576082,1,1,2.0
27.0,52180,AGENT,4138.88,2278.18,PIT,4030.942446576082,1,1,2.0
27.1,52180,AGENT,4138.28,2278.09,PIT,4030.942446576082,1,1,2.0
27.2,52180,AGENT,4137.67,2278.0,PIT,4030.942446576082,1,1,2.0
27.3,52180,AGENT,4137.07,2277.92,PIT,4030.942446576082,1,1,2.0
27.4,52180,AGENT,4136.47,2277.83,PIT,4030.942446576082,1,1,2.0
27.5,52180,AGENT,4135.86,2277.74,PIT,4030.942446576082,1,1,2.0
27.6,52180,AGENT,4135.26,2277.66,PIT,4030.942446576082,1,1,2.0
27.7,52180,AGENT,4134.66,2277.57,PIT,4030.942446576082,1,1,2.0
27.8,52180,AGENT,4134.06,2277.48,PIT,4030.942446576082,1,1,2.0
27.9,52180,AGENT,4133.45,2277.39,PIT,4030.942446576082,1,1,2.0
28.0,52180,AGENT,4132.85,2277.31,PIT,4030.942446576082,1,1,2.0
28.1,52180,AGENT,4132.25,2277.22,PIT,4030.942446576082,1,1,2.0
28.2,52180,AGENT,4131.64,2277.13,PIT,4030.942446576082,1,1,2.0
28.3,52180,AGENT,4131.04,2277.04,PIT,4030.942446576082,1,1,2.0
28.4,52180,AGENT,4130.44,2276.96,PIT,4030.942446576082,1,1,2.0
28.5,52180,AGENT,4129.83,2276.87,PIT,4030.942446576082,1,1,2.0
28.6,52180,AGENT,4129.23,2276.78,PIT,4030.942446576082,1,1,2.0
28.7,52180,AGENT,4128.63,2276.69,PIT,4030.942446576082,1,1,2.0
28.8,52180,AGENT,4128.02,2276.61,PIT,4030.942446576082,1,1,2.0
28.9,52180,AGENT,4127.42,2276.52,PIT,4030.942446576082,1,1,2.0
29.0,52180,AGENT,4126.82,2276.43,PIT,4030.942446576082,1,1,2.0
29.1,52180,AGENT,4126.22,2276.35,PIT,4030.942446576082,1,1,2.0
29.2,52180,AGENT,4125.61,2276.26,PIT,4030.942446576082,1,1,2.0
29.3,52180,AGENT,4125.01,2276.17,PIT,4030.942446576082,1,1,2.0
29.4,52180,AGENT,4124.41,2276.09,PIT,4030.942446576082,1,1,2.0
29.5,52180,AGENT,4123.8,2276.0,PIT,4030.942446576082,1,1,2.0
29.6,52180,AGENT,4123.2,2275.91,PIT,4030.942446576082,1,1,2.0
29.7,52180,AGENT,4122.6,2275.83,PIT,4030.942446576082,1,1,2.0
29.8,52180,AGENT,4121.99,2275.74,PIT,4030.942446576082,1,1,2.0
29.9,52180,AGENT,4121.39,2275.65,PIT,4030.942446576082,1,1,2.0
30.0,52180,AGENT,4120.79,2275.57,PIT,4030.942446576082,1,1,2.0
30.1,52180,AGENT,4120.18,2275.48,PIT,4030.942446576082,1,1,2.0
30.2,52180,AGENT,4119.58,2275.39,PIT,4030.942446576082,1,1,2.0
30.3,52180,AGENT,4118.98,2275.31,PIT,4030.942446576082,1,1,2.0
30.4,52180,AGENT,4118.37,2275.22,PIT,4030.942446576082,1,1,2.0
30.5,52180,AGENT,4117.77,2275.14,PIT,4030.942446576082,1,1,2.0
30.6,52180,AGENT,4117.17,2275.05,PIT,4030.942446576082,1,1,2.0
30.7,52180,AGENT,4116.56,2274.97,PIT,4030.942446576082,1,1,2.0
30.8,52180,AGENT,4115.96,2274.88,PIT,4030.942446576082,1,1,2.0
30.9,52180,AGENT,4115.36,2274.8,PIT,4030.942446576082,1,1,2.0
