TIMESTAMP,TRACK_ID,OBJECT_TYPE,X,Y,CITY_NAME,REF_xmin,AUGMENT_TYPE,AUGMENT_DIRECTION,ATTACK_POWER_TYPE
4.0,52180,AGENT,4290.44,2295.43,PIT,4260.0,1,1,4.0
4.1,52180,AGENT,4291.3,2295.57,PIT,4260.0,1,1,4.0
4.2,52180,AGENT,4292.16,2295.71,PIT,4260.0,1,1,4.0
4.3,52180,AGENT,4293.02,2295.85,PIT,4260.0,1,1,4.0
4.4,52180,AGENT,4293.87,2295.98,PIT,4260.0,1,1,4.0
4.5,52180,AGENT,4294.73,2296.12,PIT,4260.0,1,1,4.0
4.6,52180,AGENT,4295.58,2296.25,PIT,4260.0,1,1,4.0
4.7,52180,AGENT,4296.43,2296.38,PIT,4260.0,1,1,4.0
4.8,52180,AGENT,4297.29,2296.51,PIT,4260.0,1,1,4.0
4.9,52180,AGENT,4298.16,2296.63,PIT,4260.0,1,1,4.0
5.0,52180,AGENT,4299.04,2296.75,PIT,4260.0,1,1,4.0
5.1,52180,AGENT,4299.92,2296.86,PIT,4260.0,1,1,4.0
5.2,52180,AGENT,4300.81,2296.97,PIT,4260.0,1,1,4.0
5.3,52180,AGENT,4301.7,2297.07,PIT,4260.0,1,1,4.0
5.4,52180,AGENT,4302.58,2297.17,PIT,4260.0,1,1,4.0
5.5,52180,AGENT,4303.46,2297.26,PIT,4260.0,1,1,4.0
5.6,52180,AGENT,4304.32,2297.34,PIT,4260.0,1,1,4.0
5.7,52180,AGENT,4305.18,2297.42,PIT,4260.0,1,1,4.0
5.8,52180,AGENT,4306.03,2297.5,PIT,4260.0,1,1,4.0
5.9,52180,AGENT,4306.87,2297.56,PIT,4260.0,1,1,4.0
6.0,52180,AGENT,4307.71,2297.63,PIT,4260.0,1,1,4.0
6.1,52180,AGENT,4308.56,2297.68,PIT,4260.0,1,1,4.0
6.2,52180,AGENT,4309.42,2297.74,PIT,4260.0,1,1,4.0
6.3,52180,AGENT,4310.3,2297.8,PIT,4260.0,1,1,4.0
6.4,52180,AGENT,4311.18,2297.85,PIT,4260.0,1,1,4.0
6.5,52180,AGENT,4312.06,2297.9,PIT,4260.0,1,1,4.0
6.6,52180,AGENT,4312.94,2297.95,PIT,4260.0,1,1,4.0
6.7,52180,AGENT,4313.82,2298.0,PIT,4260.0,1,1,4.0
6.8,52180,AGENT,4314.7,2298.05,PIT,4260.0,1,1,4.0
6.9,52180,AGENT,4315.58,2298.1,PIT,4260.0,1,1,4.0
7.0,52180,AGENT,4316.44,2298.15,PIT,4260.0,1,1,4.0
7.1,52180,AGENT,4317.3,2298.2,PIT,4260.0,1,1,4.0
7.2,52180,AGENT,4318.15,2298.25,PIT,4260.0,1,1,4.0
7.3,52180,AGENT,4319.01,2298.31,PIT,4260.0,1,1,4.0
7.4,52180,AGENT,4319.88,2298.38,PIT,4260.0,1,1,4.0
7.5,52180,AGENT,4320.75,2298.46,PIT,4260.0,1,1,4.0
7.6,52180,AGENT,4321.63,2298.54,PIT,4260.0,1,1,4.0
7.7,52180,AGENT,4322.53,2298.63,PIT,4260.0,1,1,4.0
7.8,52180,AGENT,4323.43,2298.73,PIT,4260.0,1,1,4.0
7.9,52180,AGENT,4324.33,2298.84,PIT,4260.0,1,1,4.0
8.0,52180,AGENT,4325.25,2298.96,PIT,4260.0,1,1,4.0
8.1,52180,AGENT,4326.18,2299.09,PIT,4260.0,1,1,4.0
8.2,52180,AGENT,4327.11,2299.23,PIT,4260.0,1,1,4.0
8.3,52180,AGENT,4328.05,2299.37,PIT,4260.0,1,1,4.0
8.4,52180,AGENT,4329.0,2299.53,PIT,4260.0,1,1,4.0
8.5,52180,AGENT,4329.96,2299.69,PIT,4260.0,1,1,4.0
8.6,52180,AGENT,4330.92,2299.85,PIT,4260.0,1,1,4.0
8.7,52180,AGENT,4331.9,2300.03,PIT,4260.0,1,1,4.0
8.8,52180,AGENT,4332.88,2300.21,PIT,4260.0,1,1,4.0
8.9,52180,AGENT,4333.87,2300.4,PIT,4260.0,1,1,4.0
