TIMESTAMP,TRACK_ID,OBJECT_TYPE,X,Y,CITY_NAME,REF_xmin,AUGMENT_TYPE,AUGMENT_DIRECTION,ATTACK_POWER_TYPE
0.0,52180,AGENT,1457.46,388.331,PIT,1356.6112673985772,1,0,7.0
0.1,52180,AGENT,1457.26,388.902,PIT,1356.6112673985772,1,0,7.0
0.2,52180,AGENT,1457.05,389.483,PIT,1356.6112673985772,1,0,7.0
0.3,52180,AGENT,1456.84,390.074,PIT,1356.6112673985772,1,0,7.0
0.4,52180,AGENT,1456.63,390.675,PIT,1356.6112673985772,1,0,7.0
0.5,52180,AGENT,1456.41,391.286,PIT,1356.6112673985772,1,0,7.0
0.6,52180,AGENT,1456.19,391.908,PIT,1356.6112673985772,1,0,7.0
0.7,52180,AGENT,1455.96,392.54,PIT,1356.6112673985772,1,0,7.0
0.8,52180,AGENT,1455.73,393.182,PIT,1356.6112673985772,1,0,7.0
0.9,52180,AGENT,1455.5,393.835,PIT,1356.6112673985772,1,0,7.0
1.0,52180,AGENT,1455.26,394.5,PIT,1356.6112673985772,1,0,7.0
1.1,52180,AGENT,1455.02,395.175,PIT,1356.6112673985772,1,0,7.0
1.2,52180,AGENT,1454.78,395.861,PIT,1356.6112673985772,1,0,7.0
1.3,52180,AGENT,1454.53,396.558,PIT,1356.6112673985772,1,0,7.0
1.4,52180,AGENT,1454.28,397.266,PIT,1356.6112673985772,1,0,7.0
1.5,52180,AGENT,1454.02,397.984,PIT,1356.6112673985772,1,0,7.0
1.6,52180,AGENT,1453.76,398.714,PIT,1356.6112673985772,1,0,7.0
1.7,52180,AGENT,1453.49,399.455,PIT,1356.6112673985772,1,0,7.0
1.8,52180,AGENT,1453.23,400.205,PIT,1356.6112673985772,1,0,7.0
1.9,52180,AGENT,1452.96,400.964,PIT,1356.6112673985772,1,0,7.0
2.0,52180,AGENT,1452.68,401.733,PIT,1356.6112673985772,1,0,7.0
2.1,52180,AGENT,1452.4,402.51,PIT,1356.6112673985772,1,0,7.0
2.2,52180,AGENT,1452.12,403.296,PIT,1356.6112673985772,1,0,7.0
2.3,52180,AGENT,1451.84,404.091,PIT,1356.6112673985772,1,0,7.0
2.4,52180,AGENT,1451.55,404.895,PIT,1356.6112673985772,1,0,7.0
2.5,52180,AGENT,1451.26,405.709,PIT,1356.6112673985772,1,0,7.0
2.6,52180,AGENT,1450.97,406.531,PIT,1356.6112673985772,1,0,7.0
2.7,52180,AGENT,1450.67,407.362,PIT,1356.6112673985772,1,0,7.0
2.8,52180,AGENT,1450.37,408.201,PIT,1356.6112673985772,1,0,7.0
2.9,52180,AGENT,1450.07,409.05,PIT,1356.6112673985772,1,0,7.0
3.0,52180,AGENT,1449.76,409.904,PIT,1356.6112673985772,1,0,7.0
3.1,52180,AGENT,1449.46,410.757,PIT,1356.6112673985772,1,0,7.0
3.2,52180,AGENT,1449.15,411.61,PIT,1356.6112673985772,1,0,7.0
3.3,52180,AGENT,1448.85,412.463,PIT,1356.6112673985772,1,0,7.0
3.4,52180,AGENT,1448.54,413.317,PIT,1356.6112673985772,1,0,7.0
3.5,52180,AGENT,1448.24,414.17,PIT,1356.6112673985772,1,0,7.0
3.6,52180,AGENT,1447.93,415.023,PIT,1356.6112673985772,1,0,7.0
3.7,52180,AGENT,1447.63,415.876,PIT,1356.6112673985772,1,0,7.0
3.8,52180,AGENT,1447.32,416.73,PIT,1356.6112673985772,1,0,7.0
3.9,52180,AGENT,1447.02,417.583,PIT,1356.6112673985772,1,0,7.0
4.0,52180,AGENT,1446.71,418.436,PIT,1356.6112673985772,1,0,7.0
4.1,52180,AGENT,1446.41,419.29,PIT,1356.6112673985772,1,0,7.0
4.2,52180,AGENT,1446.1,420.143,PIT,1356.6112673985772,1,0,7.0
4.3,52180,AGENT,1445.8,420.996,PIT,1356.6112673985772,1,0,7.0
4.4,52180,AGENT,1445.49,421.85,PIT,1356.6112673985772,1,0,7.0
4.5,52180,AGENT,1445.19,422.703,PIT,1356.6112673985772,1,0,7.0
4.6,52180,AGENT,1444.88,423.557,PIT,1356.6112673985772,1,0,7.0
4.7,52180,AGENT,1444.58,424.41,PIT,1356.6112673985772,1,0,7.0
4.8,52180,AGENT,1444.28,425.263,PIT,1356.6112673985772,1,0,7.0
4.9,52180,AGENT,1443.97,426.117,PIT,1356.6112673985772,1,0,7.0
