TIMESTAMP,TRACK_ID,OBJECT_TYPE,X,Y,CITY_NAME,REF_xmin,AUGMENT_TYPE,AUGMENT_DIRECTION,ATTACK_POWER_TYPE
4.0,52180,AGENT,3242.01,1848.16,PIT,3209.808796900732,0,1,2.0
4.1,52180,AGENT,3241.55,1848.67,PIT,3209.808796900732,0,1,2.0
4.2,52180,AGENT,3241.09,1849.17,PIT,3209.808796900732,0,1,2.0
4.3,52180,AGENT,3240.63,1849.67,PIT,3209.808796900732,0,1,2.0
4.4,52180,AGENT,3240.17,1850.17,PIT,3209.808796900732,0,1,2.0
4.5,52180,AGENT,3239.7,1850.65,PIT,3209.808796900732,0,1,2.0
4.6,52180,AGENT,3239.22,1851.13,PIT,3209.808796900732,0,1,2.0
4.7,52180,AGENT,3238.75,1851.6,PIT,3209.808796900732,0,1,2.0
4.8,52180,AGENT,3238.27,1852.05,PIT,3209.808796900732,0,1,2.0
4.9,52180,AGENT,3237.8,1852.48,PIT,3209.808796900732,0,1,2.0
5.0,52180,AGENT,3237.33,1852.9,PIT,3209.808796900732,0,1,2.0
5.1,52180,AGENT,3236.86,1853.3,PIT,3209.808796900732,0,1,2.0
5.2,52180,AGENT,3236.39,1853.68,PIT,3209.808796900732,0,1,2.0
5.3,52180,AGENT,3235.92,1854.03,PIT,3209.808796900732,0,1,2.0
5.4,52180,AGENT,3235.45,1854.37,PIT,3209.808796900732,0,1,2.0
5.5,52180,AGENT,3234.98,1854.68,PIT,3209.808796900732,0,1,2.0
5.6,52180,AGENT,3234.51,1854.96,PIT,3209.808796900732,0,1,2.0
5.7,52180,AGENT,3234.05,1855.22,PIT,3209.808796900732,0,1,2.0
5.8,52180,AGENT,3233.58,1855.45,PIT,3209.808796900732,0,1,2.0
5.9,52180,AGENT,3233.1,1855.65,PIT,3209.808796900732,0,1,2.0
6.0,52180,AGENT,3232.62,1855.82,PIT,3209.808796900732,0,1,2.0
6.1,52180,AGENT,3232.14,1855.95,PIT,3209.808796900732,0,1,2.0
6.2,52180,AGENT,3231.66,1856.06,PIT,3209.808796900732,0,1,2.0
6.3,52180,AGENT,3231.17,1856.12,PIT,3209.808796900732,0,1,2.0
6.4,52180,AGENT,3230.67,1856.16,PIT,3209.808796900732,0,1,2.0
6.5,52180,AGENT,3230.17,1856.16,PIT,3209.808796900732,0,1,2.0
6.6,52180,AGENT,3229.67,1856.13,PIT,3209.808796900732,0,1,2.0
6.7,52180,AGENT,3229.17,1856.07,PIT,3209.808796900732,0,1,2.0
6.8,52180,AGENT,3228.67,1855.98,PIT,3209.808796900732,0,1,2.0
6.9,52180,AGENT,3228.18,1855.87,PIT,3209.808796900732,0,1,2.0
7.0,52180,AGENT,3227.68,1855.72,PIT,3209.808796900732,0,1,2.0
7.1,52180,AGENT,3227.18,1855.56,PIT,3209.808796900732,0,1,2.0
7.2,52180,AGENT,3226.69,1855.36,PIT,3209.808796900732,0,1,2.0
7.3,52180,AGENT,3226.2,1855.15,PIT,3209.808796900732,0,1,2.0
7.4,52180,AGENT,3225.71,1854.91,PIT,3209.808796900732,0,1,2.0
7.5,52180,AGENT,3225.22,1854.66,PIT,3209.808796900732,0,1,2.0
7.6,52180,AGENT,3224.73,1854.38,PIT,3209.808796900732,0,1,2.0
7.7,52180,AGENT,3224.24,1854.08,PIT,3209.808796900732,0,1,2.0
7.8,52180,AGENT,3223.75,1853.77,PIT,3209.808796900732,0,1,2.0
7.9,52180,AGENT,3223.27,1853.44,PIT,3209.808796900732,0,1,2.0
8.0,52180,AGENT,3222.78,1853.1,PIT,3209.808796900732,0,1,2.0
8.1,52180,AGENT,3222.29,1852.74,PIT,3209.808796900732,0,1,2.0
8.2,52180,AGENT,3221.8,1852.36,PIT,3209.808796900732,0,1,2.0
8.3,52180,AGENT,3221.31,1851.97,PIT,3209.808796900732,0,1,2.0
8.4,52180,AGENT,3220.82,1851.57,PIT,3209.808796900732,0,1,2.0
8.5,52180,AGENT,3220.32,1851.16,PIT,3209.808796900732,0,1,2.0
8.6,52180,AGENT,3219.82,1850.73,PIT,3209.808796900732,0,1,2.0
8.7,52180,AGENT,3219.32,1850.3,PIT,3209.808796900732,0,1,2.0
8.8,52180,AGENT,3218.81,1849.85,PIT,3209.808796900732,0,1,2.0
8.9,52180,AGENT,3218.3,1849.39,PIT,3209.808796900732,0,1,2.0
