TIMESTAMP,TRACK_ID,OBJECT_TYPE,X,Y,CITY_NAME,REF_xmin,AUGMENT_TYPE,AUGMENT_DIRECTION,ATTACK_POWER_TYPE
6.0,52180,AGENT,2341.55,1021.22,PIT,2228.7179050117848,0,0,8.0
6.1,52180,AGENT,2341.09,1020.48,PIT,2228.7179050117848,0,0,8.0
6.2,52180,AGENT,2340.63,1019.72,PIT,2228.7179050117848,0,0,8.0
6.3,52180,AGENT,2340.17,1018.96,PIT,2228.7179050117848,0,0,8.0
6.4,52180,AGENT,2339.7,1018.18,PIT,2228.7179050117848,0,0,8.0
6.5,52180,AGENT,2339.22,1017.4,PIT,2228.7179050117848,0,0,8.0
6.6,52180,AGENT,2338.74,1016.6,PIT,2228.7179050117848,0,0,8.0
6.7,52180,AGENT,2338.25,1015.8,PIT,2228.7179050117848,0,0,8.0
6.8,52180,AGENT,2337.76,1014.98,PIT,2228.7179050117848,0,0,8.0
6.9,52180,AGENT,2337.26,1014.16,PIT,2228.7179050117848,0,0,8.0
7.0,52180,AGENT,2336.76,1013.32,PIT,2228.7179050117848,0,0,8.0
7.1,52180,AGENT,2336.25,1012.47,PIT,2228.7179050117848,0,0,8.0
7.2,52180,AGENT,2335.74,1011.62,PIT,2228.7179050117848,0,0,8.0
7.3,52180,AGENT,2335.22,1010.75,PIT,2228.7179050117848,0,0,8.0
7.4,52180,AGENT,2334.69,1009.88,PIT,2228.7179050117848,0,0,8.0
7.5,52180,AGENT,2334.17,1009.0,PIT,2228.7179050117848,0,0,8.0
7.6,52180,AGENT,2333.63,1008.11,PIT,2228.7179050117848,0,0,8.0
7.7,52180,AGENT,2333.09,1007.22,PIT,2228.7179050117848,0,0,8.0
7.8,52180,AGENT,2332.55,1006.31,PIT,2228.7179050117848,0,0,8.0
7.9,52180,AGENT,2332.0,1005.4,PIT,2228.7179050117848,0,0,8.0
8.0,52180,AGENT,2331.45,1004.48,PIT,2228.7179050117848,0,0,8.0
8.1,52180,AGENT,2330.89,1003.55,PIT,2228.7179050117848,0,0,8.0
8.2,52180,AGENT,2330.33,1002.61,PIT,2228.7179050117848,0,0,8.0
8.3,52180,AGENT,2329.76,1001.67,PIT,2228.7179050117848,0,0,8.0
8.4,52180,AGENT,2329.18,1000.72,PIT,2228.7179050117848,0,0,8.0
8.5,52180,AGENT,2328.61,999.772,PIT,2228.7179050117848,0,0,8.0
8.6,52180,AGENT,2328.04,998.824,PIT,2228.7179050117848,0,0,8.0
8.7,52180,AGENT,2327.47,997.876,PIT,2228.7179050117848,0,0,8.0
8.8,52180,AGENT,2326.89,996.929,PIT,2228.7179050117848,0,0,8.0
8.9,52180,AGENT,2326.32,995.981,PIT,2228.7179050117848,0,0,8.0
9.0,52180,AGENT,2325.75,995.034,PIT,2228.7179050117848,0,0,8.0
9.1,52180,AGENT,2325.17,994.087,PIT,2228.7179050117848,0,0,8.0
9.2,52180,AGENT,2324.6,993.141,PIT,2228.7179050117848,0,0,8.0
9.3,52180,AGENT,2324.02,992.194,PIT,2228.7179050117848,0,0,8.0
9.4,52180,AGENT,2323.45,991.248,PIT,2228.7179050117848,0,0,8.0
9.5,52180,AGENT,2322.87,990.302,PIT,2228.7179050117848,0,0,8.0
9.6,52180,AGENT,2322.3,989.356,PIT,2228.7179050117848,0,0,8.0
9.7,52180,AGENT,2321.72,988.41,PIT,2228.7179050117848,0,0,8.0
9.8,52180,AGENT,2321.14,987.465,PIT,2228.7179050117848,0,0,8.0
9.9,52180,AGENT,2320.57,986.519,PIT,2228.7179050117848,0,0,8.0
10.0,52180,AGENT,2319.99,985.574,PIT,2228.7179050117848,0,0,8.0
10.1,52180,AGENT,2319.41,984.629,PIT,2228.7179050117848,0,0,8.0
10.2,52180,AGENT,2318.83,983.684,PIT,2228.7179050117848,0,0,8.0
10.3,52180,AGENT,2318.26,982.739,PIT,2228.7179050117848,0,0,8.0
10.4,52180,AGENT,2317.68,981.795,PIT,2228.7179050117848,0,0,8.0
10.5,52180,AGENT,2317.1,980.85,PIT,2228.7179050117848,0,0,8.0
10.6,52180,AGENT,2316.52,979.905,PIT,2228.7179050117848,0,0,8.0
10.7,52180,AGENT,2315.95,978.961,PIT,2228.7179050117848,0,0,8.0
10.8,52180,AGENT,2315.37,978.016,PIT,2228.7179050117848,0,0,8.0
10.9,52180,AGENT,2314.79,977.072,PIT,2228.7179050117848,0,0,8.0
