TIMESTAMP,TRACK_ID,OBJECT_TYPE,X,Y,CITY_NAME,REF_xmin,AUGMENT_TYPE,AUGMENT_DIRECTION,ATTACK_POWER_TYPE
8.0,52180,AGENT,3251.89,1679.36,PIT,3154.2687402326264,0,1,4.0
8.1,52180,AGENT,3251.09,1678.95,PIT,3154.2687402326264,0,1,4.0
8.2,52180,AGENT,3250.28,1678.53,PIT,3154.2687402326264,0,1,4.0
8.3,52180,AGENT,3249.48,1678.11,PIT,3154.2687402326264,0,1,4.0
8.4,52180,AGENT,3248.68,1677.69,PIT,3154.2687402326264,0,1,4.0
8.5,52180,AGENT,3247.87,1677.27,PIT,3154.2687402326264,0,1,4.0
8.6,52180,AGENT,3247.07,1676.85,PIT,3154.2687402326264,0,1,4.0
8.7,52180,AGENT,3246.26,1676.43,PIT,3154.2687402326264,0,1,4.0
8.8,52180,AGENT,3245.46,1676.02,PIT,3154.2687402326264,0,1,4.0
8.9,52180,AGENT,3244.66,1675.6,PIT,3154.2687402326264,0,1,4.0
9.0,52180,AGENT,3243.87,1675.19,PIT,3154.2687402326264,0,1,4.0
9.1,52180,AGENT,3243.08,1674.78,PIT,3154.2687402326264,0,1,4.0
9.2,52180,AGENT,3242.31,1674.38,PIT,3154.2687402326264,0,1,4.0
9.3,52180,AGENT,3241.54,1673.98,PIT,3154.2687402326264,0,1,4.0
9.4,52180,AGENT,3240.78,1673.59,PIT,3154.2687402326264,0,1,4.0
9.5,52180,AGENT,3240.03,1673.2,PIT,3154.2687402326264,0,1,4.0
9.6,52180,AGENT,3239.29,1672.82,PIT,3154.2687402326264,0,1,4.0
9.7,52180,AGENT,3238.55,1672.44,PIT,3154.2687402326264,0,1,4.0
9.8,52180,AGENT,3237.83,1672.06,PIT,3154.2687402326264,0,1,4.0
9.9,52180,AGENT,3237.11,1671.69,PIT,3154.2687402326264,0,1,4.0
10.0,52180,AGENT,3236.39,1671.32,PIT,3154.2687402326264,0,1,4.0
10.1,52180,AGENT,3235.69,1670.96,PIT,3154.2687402326264,0,1,4.0
10.2,52180,AGENT,3235.0,1670.6,PIT,3154.2687402326264,0,1,4.0
10.3,52180,AGENT,3234.32,1670.25,PIT,3154.2687402326264,0,1,4.0
10.4,52180,AGENT,3233.65,1669.9,PIT,3154.2687402326264,0,1,4.0
10.5,52180,AGENT,3233.0,1669.56,PIT,3154.2687402326264,0,1,4.0
10.6,52180,AGENT,3232.35,1669.22,PIT,3154.2687402326264,0,1,4.0
10.7,52180,AGENT,3231.71,1668.89,PIT,3154.2687402326264,0,1,4.0
10.8,52180,AGENT,3231.07,1668.57,PIT,3154.2687402326264,0,1,4.0
10.9,52180,AGENT,3230.45,1668.24,PIT,3154.2687402326264,0,1,4.0
11.0,52180,AGENT,3229.83,1667.92,PIT,3154.2687402326264,0,1,4.0
11.1,52180,AGENT,3229.23,1667.61,PIT,3154.2687402326264,0,1,4.0
11.2,52180,AGENT,3228.63,1667.3,PIT,3154.2687402326264,0,1,4.0
11.3,52180,AGENT,3228.03,1666.99,PIT,3154.2687402326264,0,1,4.0
11.4,52180,AGENT,3227.45,1666.68,PIT,3154.2687402326264,0,1,4.0
11.5,52180,AGENT,3226.87,1666.38,PIT,3154.2687402326264,0,1,4.0
11.6,52180,AGENT,3226.28,1666.08,PIT,3154.2687402326264,0,1,4.0
11.7,52180,AGENT,3225.7,1665.77,PIT,3154.2687402326264,0,1,4.0
11.8,52180,AGENT,3225.12,1665.47,PIT,3154.2687402326264,0,1,4.0
11.9,52180,AGENT,3224.53,1665.16,PIT,3154.2687402326264,0,1,4.0
12.0,52180,AGENT,3223.94,1664.85,PIT,3154.2687402326264,0,1,4.0
12.1,52180,AGENT,3223.36,1664.53,PIT,3154.2687402326264,0,1,4.0
12.2,52180,AGENT,3222.77,1664.22,PIT,3154.2687402326264,0,1,4.0
12.3,52180,AGENT,3222.18,1663.9,PIT,3154.2687402326264,0,1,4.0
12.4,52180,AGENT,3221.59,1663.58,PIT,3154.2687402326264,0,1,4.0
12.5,52180,AGENT,3220.99,1663.26,PIT,3154.2687402326264,0,1,4.0
12.6,52180,AGENT,3220.4,1662.94,PIT,3154.2687402326264,0,1,4.0
12.7,52180,AGENT,3219.81,1662.62,PIT,3154.2687402326264,0,1,4.0
12.8,52180,AGENT,3219.22,1662.29,PIT,3154.2687402326264,0,1,4.0
12.9,52180,AGENT,3218.63,1661.97,PIT,3154.2687402326264,0,1,4.0
