TIMESTAMP,TRACK_ID,OBJECT_TYPE,X,Y,CITY_NAME,REF_xmin,AUGMENT_TYPE,AUGMENT_DIRECTION,ATTACK_POWER_TYPE
12.0,52180,AGENT,-38.547,2483.56,MIA,-41.651792698772624,0,0,10.0
12.1,52180,AGENT,-38.5299,2482.89,MIA,-41.651792698772624,0,0,10.0
12.2,52180,AGENT,-38.5114,2482.22,MIA,-41.651792698772624,0,0,10.0
12.3,52180,AGENT,-38.4912,2481.55,MIA,-41.651792698772624,0,0,10.0
12.4,52180,AGENT,-38.4691,2480.88,MIA,-41.651792698772624,0,0,10.0
12.5,52180,AGENT,-38.4446,2480.21,MIA,-41.651792698772624,0,0,10.0
12.6,52180,AGENT,-38.4158,2479.54,MIA,-41.651792698772624,0,0,10.0
12.7,52180,AGENT,-38.3813,2478.87,MIA,-41.651792698772624,0,0,10.0
12.8,52180,AGENT,-38.3423,2478.2,MIA,-41.651792698772624,0,0,10.0
12.9,52180,AGENT,-38.3,2477.55,MIA,-41.651792698772624,0,0,10.0
13.0,52180,AGENT,-38.2513,2476.9,MIA,-41.651792698772624,0,0,10.0
13.1,52180,AGENT,-38.195,2476.25,MIA,-41.651792698772624,0,0,10.0
13.2,52180,AGENT,-38.132,2475.61,MIA,-41.651792698772624,0,0,10.0
13.3,52180,AGENT,-38.0613,2474.98,MIA,-41.651792698772624,0,0,10.0
13.4,52180,AGENT,-37.9825,2474.37,MIA,-41.651792698772624,0,0,10.0
13.5,52180,AGENT,-37.8952,2473.76,MIA,-41.651792698772624,0,0,10.0
13.6,52180,AGENT,-37.7985,2473.16,MIA,-41.651792698772624,0,0,10.0
13.7,52180,AGENT,-37.6918,2472.58,MIA,-41.651792698772624,0,0,10.0
13.8,52180,AGENT,-37.5747,2472.01,MIA,-41.651792698772624,0,0,10.0
13.9,52180,AGENT,-37.4466,2471.45,MIA,-41.651792698772624,0,0,10.0
14.0,52180,AGENT,-37.3075,2470.91,MIA,-41.651792698772624,0,0,10.0
14.1,52180,AGENT,-37.153,2470.38,MIA,-41.651792698772624,0,0,10.0
14.2,52180,AGENT,-36.9793,2469.86,MIA,-41.651792698772624,0,0,10.0
14.3,52180,AGENT,-36.7857,2469.36,MIA,-41.651792698772624,0,0,10.0
14.4,52180,AGENT,-36.5716,2468.87,MIA,-41.651792698772624,0,0,10.0
14.5,52180,AGENT,-36.3378,2468.39,MIA,-41.651792698772624,0,0,10.0
14.6,52180,AGENT,-36.0852,2467.94,MIA,-41.651792698772624,0,0,10.0
14.7,52180,AGENT,-35.8145,2467.5,MIA,-41.651792698772624,0,0,10.0
14.8,52180,AGENT,-35.5267,2467.08,MIA,-41.651792698772624,0,0,10.0
14.9,52180,AGENT,-35.2228,2466.67,MIA,-41.651792698772624,0,0,10.0
15.0,52180,AGENT,-34.9038,2466.29,MIA,-41.651792698772624,0,0,10.0
15.1,52180,AGENT,-34.5706,2465.93,MIA,-41.651792698772624,0,0,10.0
15.2,52180,AGENT,-34.2242,2465.58,MIA,-41.651792698772624,0,0,10.0
15.3,52180,AGENT,-33.8607,2465.26,MIA,-41.651792698772624,0,0,10.0
15.4,52180,AGENT,-33.4765,2464.95,MIA,-41.651792698772624,0,0,10.0
15.5,52180,AGENT,-33.0722,2464.67,MIA,-41.651792698772624,0,0,10.0
15.6,52180,AGENT,-32.6489,2464.41,MIA,-41.651792698772624,0,0,10.0
15.7,52180,AGENT,-32.2075,2464.16,MIA,-41.651792698772624,0,0,10.0
15.8,52180,AGENT,-31.7487,2463.94,MIA,-41.651792698772624,0,0,10.0
15.9,52180,AGENT,-31.273,2463.73,MIA,-41.651792698772624,0,0,10.0
16.0,52180,AGENT,-30.7828,2463.55,MIA,-41.651792698772624,0,0,10.0
16.1,52180,AGENT,-30.2799,2463.38,MIA,-41.651792698772624,0,0,10.0
16.2,52180,AGENT,-29.7648,2463.23,MIA,-41.651792698772624,0,0,10.0
16.3,52180,AGENT,-29.2378,2463.09,MIA,-41.651792698772624,0,0,10.0
16.4,52180,AGENT,-28.703,2462.97,MIA,-41.651792698772624,0,0,10.0
16.5,52180,AGENT,-28.1647,2462.87,MIA,-41.651792698772624,0,0,10.0
16.6,52180,AGENT,-27.6244,2462.78,MIA,-41.651792698772624,0,0,10.0
16.7,52180,AGENT,-27.084,2462.7,MIA,-41.651792698772624,0,0,10.0
16.8,52180,AGENT,-26.5436,2462.64,MIA,-41.651792698772624,0,0,10.0
16.9,52180,AGENT,-26.0033,2462.58,MIA,-41.651792698772624,0,0,10.0
