TIMESTAMP,TRACK_ID,OBJECT_TYPE,X,Y,CITY_NAME,REF_xmin,AUGMENT_TYPE,AUGMENT_DIRECTION,ATTACK_POWER_TYPE
32.0,52180,AGENT,-251.224,579.02,MIA,-294.6225101861055,0,0,8.0
32.1,52180,AGENT,-251.824,578.95,MIA,-294.6225101861055,0,0,8.0
32.2,52180,AGENT,-252.428,578.887,MIA,-294.6225101861055,0,0,8.0
32.3,52180,AGENT,-253.033,578.83,MIA,-294.6225101861055,0,0,8.0
32.4,52180,AGENT,-253.639,578.778,MIA,-294.6225101861055,0,0,8.0
32.5,52180,AGENT,-254.244,578.731,MIA,-294.6225101861055,0,0,8.0
32.6,52180,AGENT,-254.85,578.689,MIA,-294.6225101861055,0,0,8.0
32.7,52180,AGENT,-255.456,578.652,MIA,-294.6225101861055,0,0,8.0
32.8,52180,AGENT,-256.062,578.618,MIA,-294.6225101861055,0,0,8.0
32.9,52180,AGENT,-256.669,578.587,MIA,-294.6225101861055,0,0,8.0
33.0,52180,AGENT,-257.275,578.56,MIA,-294.6225101861055,0,0,8.0
33.1,52180,AGENT,-257.882,578.535,MIA,-294.6225101861055,0,0,8.0
33.2,52180,AGENT,-258.488,578.512,MIA,-294.6225101861055,0,0,8.0
33.3,52180,AGENT,-259.095,578.492,MIA,-294.6225101861055,0,0,8.0
33.4,52180,AGENT,-259.701,578.473,MIA,-294.6225101861055,0,0,8.0
33.5,52180,AGENT,-260.308,578.456,MIA,-294.6225101861055,0,0,8.0
33.6,52180,AGENT,-260.915,578.44,MIA,-294.6225101861055,0,0,8.0
33.7,52180,AGENT,-261.521,578.424,MIA,-294.6225101861055,0,0,8.0
33.8,52180,AGENT,-262.128,578.41,MIA,-294.6225101861055,0,0,8.0
33.9,52180,AGENT,-262.735,578.396,MIA,-294.6225101861055,0,0,8.0
34.0,52180,AGENT,-263.341,578.383,MIA,-294.6225101861055,0,0,8.0
34.1,52180,AGENT,-263.948,578.37,MIA,-294.6225101861055,0,0,8.0
34.2,52180,AGENT,-264.555,578.357,MIA,-294.6225101861055,0,0,8.0
34.3,52180,AGENT,-265.162,578.344,MIA,-294.6225101861055,0,0,8.0
34.4,52180,AGENT,-265.768,578.331,MIA,-294.6225101861055,0,0,8.0
34.5,52180,AGENT,-266.375,578.318,MIA,-294.6225101861055,0,0,8.0
34.6,52180,AGENT,-266.982,578.305,MIA,-294.6225101861055,0,0,8.0
34.7,52180,AGENT,-267.588,578.291,MIA,-294.6225101861055,0,0,8.0
34.8,52180,AGENT,-268.195,578.277,MIA,-294.6225101861055,0,0,8.0
34.9,52180,AGENT,-268.802,578.263,MIA,-294.6225101861055,0,0,8.0
35.0,52180,AGENT,-269.408,578.248,MIA,-294.6225101861055,0,0,8.0
35.1,52180,AGENT,-270.015,578.233,MIA,-294.6225101861055,0,0,8.0
35.2,52180,AGENT,-270.621,578.217,MIA,-294.6225101861055,0,0,8.0
35.3,52180,AGENT,-271.228,578.201,MIA,-294.6225101861055,0,0,8.0
35.4,52180,AGENT,-271.835,578.184,MIA,-294.6225101861055,0,0,8.0
35.5,52180,AGENT,-272.441,578.167,MIA,-294.6225101861055,0,0,8.0
35.6,52180,AGENT,-273.048,578.149,MIA,-294.6225101861055,0,0,8.0
35.7,52180,AGENT,-273.654,578.131,MIA,-294.6225101861055,0,0,8.0
35.8,52180,AGENT,-274.261,578.112,MIA,-294.6225101861055,0,0,8.0
35.9,52180,AGENT,-274.867,578.093,MIA,-294.6225101861055,0,0,8.0
36.0,52180,AGENT,-275.474,578.074,MIA,-294.6225101861055,0,0,8.0
36.1,52180,AGENT,-276.08,578.054,MIA,-294.6225101861055,0,0,8.0
36.2,52180,AGENT,-276.687,578.033,MIA,-294.6225101861055,0,0,8.0
36.3,52180,AGENT,-277.293,578.012,MIA,-294.6225101861055,0,0,8.0
36.4,52180,AGENT,-277.899,577.991,MIA,-294.6225101861055,0,0,8.0
36.5,52180,AGENT,-278.506,577.97,MIA,-294.6225101861055,0,0,8.0
36.6,52180,AGENT,-279.112,577.948,MIA,-294.6225101861055,0,0,8.0
36.7,52180,AGENT,-279.719,577.926,MIA,-294.6225101861055,0,0,8.0
36.8,52180,AGENT,-280.325,577.904,MIA,-294.6225101861055,0,0,8.0
36.9,52180,AGENT,-280.931,577.881,MIA,-294.6225101861055,0,0,8.0
