TIMESTAMP,TRACK_ID,OBJECT_TYPE,X,Y,CITY_NAME,REF_xmin,AUGMENT_TYPE,AUGMENT_DIRECTION,ATTACK_POWER_TYPE
8.0,52180,AGENT,551.983,3138.29,MIA,535.8849887034781,0,1,9.0
8.1,52180,AGENT,551.325,3138.27,MIA,535.8849887034781,0,1,9.0
8.2,52180,AGENT,550.665,3138.25,MIA,535.8849887034781,0,1,9.0
8.3,52180,AGENT,550.005,3138.23,MIA,535.8849887034781,0,1,9.0
8.4,52180,AGENT,549.346,3138.21,MIA,535.8849887034781,0,1,9.0
8.5,52180,AGENT,548.69,3138.17,MIA,535.8849887034781,0,1,9.0
8.6,52180,AGENT,548.037,3138.14,MIA,535.8849887034781,0,1,9.0
8.7,52180,AGENT,547.392,3138.09,MIA,535.8849887034781,0,1,9.0
8.8,52180,AGENT,546.754,3138.04,MIA,535.8849887034781,0,1,9.0
8.9,52180,AGENT,546.123,3137.98,MIA,535.8849887034781,0,1,9.0
9.0,52180,AGENT,545.501,3137.91,MIA,535.8849887034781,0,1,9.0
9.1,52180,AGENT,544.893,3137.82,MIA,535.8849887034781,0,1,9.0
9.2,52180,AGENT,544.3,3137.73,MIA,535.8849887034781,0,1,9.0
9.3,52180,AGENT,543.723,3137.63,MIA,535.8849887034781,0,1,9.0
9.4,52180,AGENT,543.162,3137.51,MIA,535.8849887034781,0,1,9.0
9.5,52180,AGENT,542.619,3137.38,MIA,535.8849887034781,0,1,9.0
9.6,52180,AGENT,542.095,3137.24,MIA,535.8849887034781,0,1,9.0
9.7,52180,AGENT,541.591,3137.08,MIA,535.8849887034781,0,1,9.0
9.8,52180,AGENT,541.107,3136.91,MIA,535.8849887034781,0,1,9.0
9.9,52180,AGENT,540.645,3136.72,MIA,535.8849887034781,0,1,9.0
10.0,52180,AGENT,540.204,3136.51,MIA,535.8849887034781,0,1,9.0
10.1,52180,AGENT,539.785,3136.28,MIA,535.8849887034781,0,1,9.0
10.2,52180,AGENT,539.388,3136.03,MIA,535.8849887034781,0,1,9.0
10.3,52180,AGENT,539.014,3135.74,MIA,535.8849887034781,0,1,9.0
10.4,52180,AGENT,538.663,3135.44,MIA,535.8849887034781,0,1,9.0
10.5,52180,AGENT,538.336,3135.1,MIA,535.8849887034781,0,1,9.0
10.6,52180,AGENT,538.032,3134.75,MIA,535.8849887034781,0,1,9.0
10.7,52180,AGENT,537.751,3134.37,MIA,535.8849887034781,0,1,9.0
10.8,52180,AGENT,537.493,3133.98,MIA,535.8849887034781,0,1,9.0
10.9,52180,AGENT,537.256,3133.57,MIA,535.8849887034781,0,1,9.0
11.0,52180,AGENT,537.042,3133.13,MIA,535.8849887034781,0,1,9.0
11.1,52180,AGENT,536.848,3132.69,MIA,535.8849887034781,0,1,9.0
11.2,52180,AGENT,536.673,3132.23,MIA,535.8849887034781,0,1,9.0
11.3,52180,AGENT,536.518,3131.75,MIA,535.8849887034781,0,1,9.0
11.4,52180,AGENT,536.381,3131.26,MIA,535.8849887034781,0,1,9.0
11.5,52180,AGENT,536.26,3130.76,MIA,535.8849887034781,0,1,9.0
11.6,52180,AGENT,536.156,3130.25,MIA,535.8849887034781,0,1,9.0
11.7,52180,AGENT,536.067,3129.73,MIA,535.8849887034781,0,1,9.0
11.8,52180,AGENT,535.991,3129.19,MIA,535.8849887034781,0,1,9.0
11.9,52180,AGENT,535.929,3128.65,MIA,535.8849887034781,0,1,9.0
12.0,52180,AGENT,535.879,3128.09,MIA,535.8849887034781,0,1,9.0
12.1,52180,AGENT,535.84,3127.52,MIA,535.8849887034781,0,1,9.0
12.2,52180,AGENT,535.812,3126.95,MIA,535.8849887034781,0,1,9.0
12.3,52180,AGENT,535.793,3126.36,MIA,535.8849887034781,0,1,9.0
12.4,52180,AGENT,535.782,3125.76,MIA,535.8849887034781,0,1,9.0
12.5,52180,AGENT,535.779,3125.16,MIA,535.8849887034781,0,1,9.0
12.6,52180,AGENT,535.784,3124.54,MIA,535.8849887034781,0,1,9.0
12.7,52180,AGENT,535.794,3123.91,MIA,535.8849887034781,0,1,9.0
12.8,52180,AGENT,535.81,3123.28,MIA,535.8849887034781,0,1,9.0
12.9,52180,AGENT,535.831,3122.63,MIA,535.8849887034781,0,1,9.0
