TIMESTAMP,TRACK_ID,OBJECT_TYPE,X,Y,CITY_NAME,REF_xmin,AUGMENT_TYPE,AUGMENT_DIRECTION,ATTACK_POWER_TYPE
42.0,52180,AGENT,2464.23,1048.04,PIT,2195.2549327017623,0,0,4.0
42.1,52180,AGENT,2464.85,1048.86,PIT,2195.2549327017623,0,0,4.0
42.2,52180,AGENT,2465.46,1049.68,PIT,2195.2549327017623,0,0,4.0
42.3,52180,AGENT,2466.08,1050.49,PIT,2195.2549327017623,0,0,4.0
42.4,52180,AGENT,2466.69,1051.31,PIT,2195.2549327017623,0,0,4.0
42.5,52180,AGENT,2467.31,1052.12,PIT,2195.2549327017623,0,0,4.0
42.6,52180,AGENT,2467.92,1052.94,PIT,2195.2549327017623,0,0,4.0
42.7,52180,AGENT,2468.54,1053.76,PIT,2195.2549327017623,0,0,4.0
42.8,52180,AGENT,2469.15,1054.57,PIT,2195.2549327017623,0,0,4.0
42.9,52180,AGENT,2469.77,1055.39,PIT,2195.2549327017623,0,0,4.0
43.0,52180,AGENT,2470.38,1056.21,PIT,2195.2549327017623,0,0,4.0
43.1,52180,AGENT,2471.0,1057.02,PIT,2195.2549327017623,0,0,4.0
43.2,52180,AGENT,2471.61,1057.84,PIT,2195.2549327017623,0,0,4.0
43.3,52180,AGENT,2472.23,1058.66,PIT,2195.2549327017623,0,0,4.0
43.4,52180,AGENT,2472.84,1059.47,PIT,2195.2549327017623,0,0,4.0
43.5,52180,AGENT,2473.45,1060.29,PIT,2195.2549327017623,0,0,4.0
43.6,52180,AGENT,2474.07,1061.11,PIT,2195.2549327017623,0,0,4.0
43.7,52180,AGENT,2474.68,1061.93,PIT,2195.2549327017623,0,0,4.0
43.8,52180,AGENT,2475.3,1062.74,PIT,2195.2549327017623,0,0,4.0
43.9,52180,AGENT,2475.91,1063.56,PIT,2195.2549327017623,0,0,4.0
44.0,52180,AGENT,2476.53,1064.38,PIT,2195.2549327017623,0,0,4.0
44.1,52180,AGENT,2477.14,1065.19,PIT,2195.2549327017623,0,0,4.0
44.2,52180,AGENT,2477.76,1066.01,PIT,2195.2549327017623,0,0,4.0
44.3,52180,AGENT,2478.37,1066.83,PIT,2195.2549327017623,0,0,4.0
44.4,52180,AGENT,2478.98,1067.64,PIT,2195.2549327017623,0,0,4.0
44.5,52180,AGENT,2479.6,1068.46,PIT,2195.2549327017623,0,0,4.0
44.6,52180,AGENT,2480.21,1069.28,PIT,2195.2549327017623,0,0,4.0
44.7,52180,AGENT,2480.83,1070.09,PIT,2195.2549327017623,0,0,4.0
44.8,52180,AGENT,2481.44,1070.91,PIT,2195.2549327017623,0,0,4.0
44.9,52180,AGENT,2482.06,1071.73,PIT,2195.2549327017623,0,0,4.0
45.0,52180,AGENT,2482.67,1072.54,PIT,2195.2549327017623,0,0,4.0
45.1,52180,AGENT,2483.29,1073.36,PIT,2195.2549327017623,0,0,4.0
45.2,52180,AGENT,2483.9,1074.18,PIT,2195.2549327017623,0,0,4.0
45.3,52180,AGENT,2484.52,1074.99,PIT,2195.2549327017623,0,0,4.0
45.4,52180,AGENT,2485.13,1075.81,PIT,2195.2549327017623,0,0,4.0
45.5,52180,AGENT,2485.75,1076.63,PIT,2195.2549327017623,0,0,4.0
45.6,52180,AGENT,2486.37,1077.44,PIT,2195.2549327017623,0,0,4.0
45.7,52180,AGENT,2486.98,1078.26,PIT,2195.2549327017623,0,0,4.0
45.8,52180,AGENT,2487.6,1079.07,PIT,2195.2549327017623,0,0,4.0
45.9,52180,AGENT,2488.21,1079.89,PIT,2195.2549327017623,0,0,4.0
46.0,52180,AGENT,2488.83,1080.7,PIT,2195.2549327017623,0,0,4.0
46.1,52180,AGENT,2489.45,1081.52,PIT,2195.2549327017623,0,0,4.0
46.2,52180,AGENT,2490.06,1082.34,PIT,2195.2549327017623,0,0,4.0
46.3,52180,AGENT,2490.68,1083.15,PIT,2195.2549327017623,0,0,4.0
46.4,52180,AGENT,2491.29,1083.97,PIT,2195.2549327017623,0,0,4.0
46.5,52180,AGENT,2491.91,1084.78,PIT,2195.2549327017623,0,0,4.0
46.6,52180,AGENT,2492.53,1085.6,PIT,2195.2549327017623,0,0,4.0
46.7,52180,AGENT,2493.14,1086.41,PIT,2195.2549327017623,0,0,4.0
46.8,52180,AGENT,2493.76,1087.23,PIT,2195.2549327017623,0,0,4.0
46.9,52180,AGENT,2494.38,1088.04,PIT,2195.2549327017623,0,0,4.0
