TIMESTAMP,TRACK_ID,OBJECT_TYPE,X,Y,CITY_NAME,REF_xmin,AUGMENT_TYPE,AUGMENT_DIRECTION,ATTACK_POWER_TYPE
2.0,52180,AGENT,387.265,3990.25,MIA,375.48514455376426,0,1,6.0
2.1,52180,AGENT,387.855,3990.36,MIA,375.48514455376426,0,1,6.0
2.2,52180,AGENT,388.435,3990.46,MIA,375.48514455376426,0,1,6.0
2.3,52180,AGENT,389.007,3990.56,MIA,375.48514455376426,0,1,6.0
2.4,52180,AGENT,389.57,3990.66,MIA,375.48514455376426,0,1,6.0
2.5,52180,AGENT,390.124,3990.75,MIA,375.48514455376426,0,1,6.0
2.6,52180,AGENT,390.674,3990.83,MIA,375.48514455376426,0,1,6.0
2.7,52180,AGENT,391.225,3990.91,MIA,375.48514455376426,0,1,6.0
2.8,52180,AGENT,391.778,3990.98,MIA,375.48514455376426,0,1,6.0
2.9,52180,AGENT,392.332,3991.05,MIA,375.48514455376426,0,1,6.0
3.0,52180,AGENT,392.887,3991.11,MIA,375.48514455376426,0,1,6.0
3.1,52180,AGENT,393.444,3991.17,MIA,375.48514455376426,0,1,6.0
3.2,52180,AGENT,394.0,3991.23,MIA,375.48514455376426,0,1,6.0
3.3,52180,AGENT,394.555,3991.28,MIA,375.48514455376426,0,1,6.0
3.4,52180,AGENT,395.104,3991.33,MIA,375.48514455376426,0,1,6.0
3.5,52180,AGENT,395.649,3991.37,MIA,375.48514455376426,0,1,6.0
3.6,52180,AGENT,396.197,3991.41,MIA,375.48514455376426,0,1,6.0
3.7,52180,AGENT,396.746,3991.45,MIA,375.48514455376426,0,1,6.0
3.8,52180,AGENT,397.296,3991.49,MIA,375.48514455376426,0,1,6.0
3.9,52180,AGENT,397.849,3991.52,MIA,375.48514455376426,0,1,6.0
4.0,52180,AGENT,398.404,3991.55,MIA,375.48514455376426,0,1,6.0
4.1,52180,AGENT,398.961,3991.57,MIA,375.48514455376426,0,1,6.0
4.2,52180,AGENT,399.521,3991.6,MIA,375.48514455376426,0,1,6.0
4.3,52180,AGENT,400.083,3991.62,MIA,375.48514455376426,0,1,6.0
4.4,52180,AGENT,400.648,3991.63,MIA,375.48514455376426,0,1,6.0
4.5,52180,AGENT,401.214,3991.65,MIA,375.48514455376426,0,1,6.0
4.6,52180,AGENT,401.781,3991.67,MIA,375.48514455376426,0,1,6.0
4.7,52180,AGENT,402.347,3991.68,MIA,375.48514455376426,0,1,6.0
4.8,52180,AGENT,402.913,3991.7,MIA,375.48514455376426,0,1,6.0
4.9,52180,AGENT,403.48,3991.71,MIA,375.48514455376426,0,1,6.0
5.0,52180,AGENT,404.047,3991.72,MIA,375.48514455376426,0,1,6.0
5.1,52180,AGENT,404.615,3991.74,MIA,375.48514455376426,0,1,6.0
5.2,52180,AGENT,405.184,3991.75,MIA,375.48514455376426,0,1,6.0
5.3,52180,AGENT,405.754,3991.77,MIA,375.48514455376426,0,1,6.0
5.4,52180,AGENT,406.324,3991.79,MIA,375.48514455376426,0,1,6.0
5.5,52180,AGENT,406.893,3991.82,MIA,375.48514455376426,0,1,6.0
5.6,52180,AGENT,407.463,3991.85,MIA,375.48514455376426,0,1,6.0
5.7,52180,AGENT,408.03,3991.89,MIA,375.48514455376426,0,1,6.0
5.8,52180,AGENT,408.596,3991.93,MIA,375.48514455376426,0,1,6.0
5.9,52180,AGENT,409.158,3991.99,MIA,375.48514455376426,0,1,6.0
6.0,52180,AGENT,409.712,3992.05,MIA,375.48514455376426,0,1,6.0
6.1,52180,AGENT,410.256,3992.12,MIA,375.48514455376426,0,1,6.0
6.2,52180,AGENT,410.788,3992.2,MIA,375.48514455376426,0,1,6.0
6.3,52180,AGENT,411.308,3992.29,MIA,375.48514455376426,0,1,6.0
6.4,52180,AGENT,411.815,3992.38,MIA,375.48514455376426,0,1,6.0
6.5,52180,AGENT,412.307,3992.49,MIA,375.48514455376426,0,1,6.0
6.6,52180,AGENT,412.785,3992.6,MIA,375.48514455376426,0,1,6.0
6.7,52180,AGENT,413.247,3992.73,MIA,375.48514455376426,0,1,6.0
6.8,52180,AGENT,413.694,3992.86,MIA,375.48514455376426,0,1,6.0
6.9,52180,AGENT,414.123,3993.01,MIA,375.48514455376426,0,1,6.0
