TIMESTAMP,TRACK_ID,OBJECT_TYPE,X,Y,CITY_NAME,REF_xmin,AUGMENT_TYPE,AUGMENT_DIRECTION,ATTACK_POWER_TYPE
0.0,52180,AGENT,2466.54,1147.13,PIT,2389.3056048512226,1,0,5.0
0.1,52180,AGENT,2467.0,1147.53,PIT,2389.3056048512226,1,0,5.0
0.2,52180,AGENT,2467.46,1147.95,PIT,2389.3056048512226,1,0,5.0
0.3,52180,AGENT,2467.92,1148.38,PIT,2389.3056048512226,1,0,5.0
0.4,52180,AGENT,2468.4,1148.81,PIT,2389.3056048512226,1,0,5.0
0.5,52180,AGENT,2468.88,1149.26,PIT,2389.3056048512226,1,0,5.0
0.6,52180,AGENT,2469.36,1149.71,PIT,2389.3056048512226,1,0,5.0
0.7,52180,AGENT,2469.84,1150.16,PIT,2389.3056048512226,1,0,5.0
0.8,52180,AGENT,2470.33,1150.62,PIT,2389.3056048512226,1,0,5.0
0.9,52180,AGENT,2470.83,1151.09,PIT,2389.3056048512226,1,0,5.0
1.0,52180,AGENT,2471.34,1151.57,PIT,2389.3056048512226,1,0,5.0
1.1,52180,AGENT,2471.86,1152.06,PIT,2389.3056048512226,1,0,5.0
1.2,52180,AGENT,2472.38,1152.56,PIT,2389.3056048512226,1,0,5.0
1.3,52180,AGENT,2472.92,1153.05,PIT,2389.3056048512226,1,0,5.0
1.4,52180,AGENT,2473.45,1153.55,PIT,2389.3056048512226,1,0,5.0
1.5,52180,AGENT,2473.98,1154.05,PIT,2389.3056048512226,1,0,5.0
1.6,52180,AGENT,2474.52,1154.54,PIT,2389.3056048512226,1,0,5.0
1.7,52180,AGENT,2475.05,1155.02,PIT,2389.3056048512226,1,0,5.0
1.8,52180,AGENT,2475.58,1155.5,PIT,2389.3056048512226,1,0,5.0
1.9,52180,AGENT,2476.11,1155.96,PIT,2389.3056048512226,1,0,5.0
2.0,52180,AGENT,2476.64,1156.42,PIT,2389.3056048512226,1,0,5.0
2.1,52180,AGENT,2477.2,1156.86,PIT,2389.3056048512226,1,0,5.0
2.2,52180,AGENT,2477.76,1157.28,PIT,2389.3056048512226,1,0,5.0
2.3,52180,AGENT,2478.33,1157.69,PIT,2389.3056048512226,1,0,5.0
2.4,52180,AGENT,2478.91,1158.08,PIT,2389.3056048512226,1,0,5.0
2.5,52180,AGENT,2479.48,1158.45,PIT,2389.3056048512226,1,0,5.0
2.6,52180,AGENT,2480.04,1158.8,PIT,2389.3056048512226,1,0,5.0
2.7,52180,AGENT,2480.6,1159.13,PIT,2389.3056048512226,1,0,5.0
2.8,52180,AGENT,2481.16,1159.44,PIT,2389.3056048512226,1,0,5.0
2.9,52180,AGENT,2481.71,1159.72,PIT,2389.3056048512226,1,0,5.0
3.0,52180,AGENT,2482.25,1159.98,PIT,2389.3056048512226,1,0,5.0
3.1,52180,AGENT,2482.78,1160.22,PIT,2389.3056048512226,1,0,5.0
3.2,52180,AGENT,2483.31,1160.43,PIT,2389.3056048512226,1,0,5.0
3.3,52180,AGENT,2483.83,1160.61,PIT,2389.3056048512226,1,0,5.0
3.4,52180,AGENT,2484.35,1160.76,PIT,2389.3056048512226,1,0,5.0
3.5,52180,AGENT,2484.87,1160.88,PIT,2389.3056048512226,1,0,5.0
3.6,52180,AGENT,2485.38,1160.97,PIT,2389.3056048512226,1,0,5.0
3.7,52180,AGENT,2485.89,1161.03,PIT,2389.3056048512226,1,0,5.0
3.8,52180,AGENT,2486.4,1161.05,PIT,2389.3056048512226,1,0,5.0
3.9,52180,AGENT,2486.9,1161.05,PIT,2389.3056048512226,1,0,5.0
4.0,52180,AGENT,2487.39,1161.02,PIT,2389.3056048512226,1,0,5.0
4.1,52180,AGENT,2487.89,1160.96,PIT,2389.3056048512226,1,0,5.0
4.2,52180,AGENT,2488.39,1160.87,PIT,2389.3056048512226,1,0,5.0
4.3,52180,AGENT,2488.88,1160.75,PIT,2389.3056048512226,1,0,5.0
4.4,52180,AGENT,2489.37,1160.61,PIT,2389.3056048512226,1,0,5.0
4.5,52180,AGENT,2489.84,1160.45,PIT,2389.3056048512226,1,0,5.0
4.6,52180,AGENT,2490.31,1160.28,PIT,2389.3056048512226,1,0,5.0
4.7,52180,AGENT,2490.77,1160.09,PIT,2389.3056048512226,1,0,5.0
4.8,52180,AGENT,2491.23,1159.87,PIT,2389.3056048512226,1,0,5.0
4.9,52180,AGENT,2491.68,1159.64,PIT,2389.3056048512226,1,0,5.0
