TIMESTAMP,TRACK_ID,OBJECT_TYPE,X,Y,CITY_NAME,REF_xmin,AUGMENT_TYPE,AUGMENT_DIRECTION,ATTACK_POWER_TYPE
2.0,52180,AGENT,2958.28,1678.52,PIT,2957.0367921660145,1,1,2.0
2.1,52180,AGENT,2958.18,1678.01,PIT,2957.0367921660145,1,1,2.0
2.2,52180,AGENT,2958.11,1677.5,PIT,2957.0367921660145,1,1,2.0
2.3,52180,AGENT,2958.07,1676.99,PIT,2957.0367921660145,1,1,2.0
2.4,52180,AGENT,2958.06,1676.47,PIT,2957.0367921660145,1,1,2.0
2.5,52180,AGENT,2958.08,1675.95,PIT,2957.0367921660145,1,1,2.0
2.6,52180,AGENT,2958.13,1675.43,PIT,2957.0367921660145,1,1,2.0
2.7,52180,AGENT,2958.2,1674.91,PIT,2957.0367921660145,1,1,2.0
2.8,52180,AGENT,2958.3,1674.38,PIT,2957.0367921660145,1,1,2.0
2.9,52180,AGENT,2958.43,1673.86,PIT,2957.0367921660145,1,1,2.0
3.0,52180,AGENT,2958.58,1673.34,PIT,2957.0367921660145,1,1,2.0
3.1,52180,AGENT,2958.76,1672.81,PIT,2957.0367921660145,1,1,2.0
3.2,52180,AGENT,2958.96,1672.29,PIT,2957.0367921660145,1,1,2.0
3.3,52180,AGENT,2959.18,1671.78,PIT,2957.0367921660145,1,1,2.0
3.4,52180,AGENT,2959.42,1671.26,PIT,2957.0367921660145,1,1,2.0
3.5,52180,AGENT,2959.69,1670.74,PIT,2957.0367921660145,1,1,2.0
3.6,52180,AGENT,2959.97,1670.23,PIT,2957.0367921660145,1,1,2.0
3.7,52180,AGENT,2960.27,1669.71,PIT,2957.0367921660145,1,1,2.0
3.8,52180,AGENT,2960.6,1669.2,PIT,2957.0367921660145,1,1,2.0
3.9,52180,AGENT,2960.94,1668.69,PIT,2957.0367921660145,1,1,2.0
4.0,52180,AGENT,2961.29,1668.18,PIT,2957.0367921660145,1,1,2.0
4.1,52180,AGENT,2961.67,1667.67,PIT,2957.0367921660145,1,1,2.0
4.2,52180,AGENT,2962.05,1667.15,PIT,2957.0367921660145,1,1,2.0
4.3,52180,AGENT,2962.46,1666.64,PIT,2957.0367921660145,1,1,2.0
4.4,52180,AGENT,2962.87,1666.13,PIT,2957.0367921660145,1,1,2.0
4.5,52180,AGENT,2963.3,1665.61,PIT,2957.0367921660145,1,1,2.0
4.6,52180,AGENT,2963.75,1665.09,PIT,2957.0367921660145,1,1,2.0
4.7,52180,AGENT,2964.2,1664.57,PIT,2957.0367921660145,1,1,2.0
4.8,52180,AGENT,2964.67,1664.04,PIT,2957.0367921660145,1,1,2.0
4.9,52180,AGENT,2965.15,1663.52,PIT,2957.0367921660145,1,1,2.0
5.0,52180,AGENT,2965.63,1662.98,PIT,2957.0367921660145,1,1,2.0
5.1,52180,AGENT,2966.13,1662.45,PIT,2957.0367921660145,1,1,2.0
5.2,52180,AGENT,2966.64,1661.9,PIT,2957.0367921660145,1,1,2.0
5.3,52180,AGENT,2967.16,1661.36,PIT,2957.0367921660145,1,1,2.0
5.4,52180,AGENT,2967.68,1660.8,PIT,2957.0367921660145,1,1,2.0
5.5,52180,AGENT,2968.22,1660.25,PIT,2957.0367921660145,1,1,2.0
5.6,52180,AGENT,2968.76,1659.68,PIT,2957.0367921660145,1,1,2.0
5.7,52180,AGENT,2969.32,1659.11,PIT,2957.0367921660145,1,1,2.0
5.8,52180,AGENT,2969.88,1658.53,PIT,2957.0367921660145,1,1,2.0
5.9,52180,AGENT,2970.44,1657.95,PIT,2957.0367921660145,1,1,2.0
6.0,52180,AGENT,2971.02,1657.36,PIT,2957.0367921660145,1,1,2.0
6.1,52180,AGENT,2971.6,1656.75,PIT,2957.0367921660145,1,1,2.0
6.2,52180,AGENT,2972.2,1656.15,PIT,2957.0367921660145,1,1,2.0
6.3,52180,AGENT,2972.79,1655.53,PIT,2957.0367921660145,1,1,2.0
6.4,52180,AGENT,2973.4,1654.91,PIT,2957.0367921660145,1,1,2.0
6.5,52180,AGENT,2974.01,1654.28,PIT,2957.0367921660145,1,1,2.0
6.6,52180,AGENT,2974.63,1653.64,PIT,2957.0367921660145,1,1,2.0
6.7,52180,AGENT,2975.26,1652.99,PIT,2957.0367921660145,1,1,2.0
6.8,52180,AGENT,2975.89,1652.33,PIT,2957.0367921660145,1,1,2.0
6.9,52180,AGENT,2976.53,1651.66,PIT,2957.0367921660145,1,1,2.0
