TIMESTAMP,TRACK_ID,OBJECT_TYPE,X,Y,CITY_NAME,REF_xmin,AUGMENT_TYPE,AUGMENT_DIRECTION,ATTACK_POWER_TYPE
4.0,52180,AGENT,886.303,-143.018,PIT,864.547914673225,1,1,4.0
4.1,52180,AGENT,886.83,-143.199,PIT,864.547914673225,1,1,4.0
4.2,52180,AGENT,887.35,-143.366,PIT,864.547914673225,1,1,4.0
4.3,52180,AGENT,887.863,-143.521,PIT,864.547914673225,1,1,4.0
4.4,52180,AGENT,888.368,-143.662,PIT,864.547914673225,1,1,4.0
4.5,52180,AGENT,888.866,-143.788,PIT,864.547914673225,1,1,4.0
4.6,52180,AGENT,889.356,-143.899,PIT,864.547914673225,1,1,4.0
4.7,52180,AGENT,889.837,-143.995,PIT,864.547914673225,1,1,4.0
4.8,52180,AGENT,890.308,-144.076,PIT,864.547914673225,1,1,4.0
4.9,52180,AGENT,890.77,-144.141,PIT,864.547914673225,1,1,4.0
5.0,52180,AGENT,891.22,-144.192,PIT,864.547914673225,1,1,4.0
5.1,52180,AGENT,891.664,-144.224,PIT,864.547914673225,1,1,4.0
5.2,52180,AGENT,892.102,-144.235,PIT,864.547914673225,1,1,4.0
5.3,52180,AGENT,892.535,-144.225,PIT,864.547914673225,1,1,4.0
5.4,52180,AGENT,892.961,-144.196,PIT,864.547914673225,1,1,4.0
5.5,52180,AGENT,893.381,-144.146,PIT,864.547914673225,1,1,4.0
5.6,52180,AGENT,893.792,-144.078,PIT,864.547914673225,1,1,4.0
5.7,52180,AGENT,894.194,-143.992,PIT,864.547914673225,1,1,4.0
5.8,52180,AGENT,894.588,-143.888,PIT,864.547914673225,1,1,4.0
5.9,52180,AGENT,894.972,-143.767,PIT,864.547914673225,1,1,4.0
6.0,52180,AGENT,895.346,-143.63,PIT,864.547914673225,1,1,4.0
6.1,52180,AGENT,895.71,-143.478,PIT,864.547914673225,1,1,4.0
6.2,52180,AGENT,896.063,-143.311,PIT,864.547914673225,1,1,4.0
6.3,52180,AGENT,896.406,-143.13,PIT,864.547914673225,1,1,4.0
6.4,52180,AGENT,896.739,-142.937,PIT,864.547914673225,1,1,4.0
6.5,52180,AGENT,897.06,-142.731,PIT,864.547914673225,1,1,4.0
6.6,52180,AGENT,897.372,-142.515,PIT,864.547914673225,1,1,4.0
6.7,52180,AGENT,897.673,-142.288,PIT,864.547914673225,1,1,4.0
6.8,52180,AGENT,897.963,-142.051,PIT,864.547914673225,1,1,4.0
6.9,52180,AGENT,898.244,-141.806,PIT,864.547914673225,1,1,4.0
7.0,52180,AGENT,898.515,-141.552,PIT,864.547914673225,1,1,4.0
7.1,52180,AGENT,898.777,-141.291,PIT,864.547914673225,1,1,4.0
7.2,52180,AGENT,899.03,-141.023,PIT,864.547914673225,1,1,4.0
7.3,52180,AGENT,899.275,-140.748,PIT,864.547914673225,1,1,4.0
7.4,52180,AGENT,899.511,-140.468,PIT,864.547914673225,1,1,4.0
7.5,52180,AGENT,899.74,-140.183,PIT,864.547914673225,1,1,4.0
7.6,52180,AGENT,899.962,-139.893,PIT,864.547914673225,1,1,4.0
7.7,52180,AGENT,900.177,-139.598,PIT,864.547914673225,1,1,4.0
7.8,52180,AGENT,900.386,-139.3,PIT,864.547914673225,1,1,4.0
7.9,52180,AGENT,900.59,-138.998,PIT,864.547914673225,1,1,4.0
8.0,52180,AGENT,900.788,-138.693,PIT,864.547914673225,1,1,4.0
8.1,52180,AGENT,900.982,-138.384,PIT,864.547914673225,1,1,4.0
8.2,52180,AGENT,901.172,-138.074,PIT,864.547914673225,1,1,4.0
8.3,52180,AGENT,901.358,-137.76,PIT,864.547914673225,1,1,4.0
8.4,52180,AGENT,901.541,-137.445,PIT,864.547914673225,1,1,4.0
8.5,52180,AGENT,901.721,-137.127,PIT,864.547914673225,1,1,4.0
8.6,52180,AGENT,901.9,-136.807,PIT,864.547914673225,1,1,4.0
8.7,52180,AGENT,902.076,-136.485,PIT,864.547914673225,1,1,4.0
8.8,52180,AGENT,902.252,-136.162,PIT,864.547914673225,1,1,4.0
8.9,52180,AGENT,902.425,-135.836,PIT,864.547914673225,1,1,4.0
