TIMESTAMP,TRACK_ID,OBJECT_TYPE,X,Y,CITY_NAME,REF_xmin,AUGMENT_TYPE,AUGMENT_DIRECTION,ATTACK_POWER_TYPE
6.0,52180,AGENT,-283.439,3317.35,MIA,-334.9977227265481,0,0,4.0
6.1,52180,AGENT,-283.485,3318.11,MIA,-334.9977227265481,0,0,4.0
6.2,52180,AGENT,-283.53,3318.85,MIA,-334.9977227265481,0,0,4.0
6.3,52180,AGENT,-283.573,3319.59,MIA,-334.9977227265481,0,0,4.0
6.4,52180,AGENT,-283.616,3320.32,MIA,-334.9977227265481,0,0,4.0
6.5,52180,AGENT,-283.658,3321.05,MIA,-334.9977227265481,0,0,4.0
6.6,52180,AGENT,-283.697,3321.77,MIA,-334.9977227265481,0,0,4.0
6.7,52180,AGENT,-283.735,3322.5,MIA,-334.9977227265481,0,0,4.0
6.8,52180,AGENT,-283.771,3323.23,MIA,-334.9977227265481,0,0,4.0
6.9,52180,AGENT,-283.806,3323.96,MIA,-334.9977227265481,0,0,4.0
7.0,52180,AGENT,-283.838,3324.69,MIA,-334.9977227265481,0,0,4.0
7.1,52180,AGENT,-283.87,3325.41,MIA,-334.9977227265481,0,0,4.0
7.2,52180,AGENT,-283.9,3326.12,MIA,-334.9977227265481,0,0,4.0
7.3,52180,AGENT,-283.93,3326.83,MIA,-334.9977227265481,0,0,4.0
7.4,52180,AGENT,-283.96,3327.54,MIA,-334.9977227265481,0,0,4.0
7.5,52180,AGENT,-283.992,3328.25,MIA,-334.9977227265481,0,0,4.0
7.6,52180,AGENT,-284.026,3328.98,MIA,-334.9977227265481,0,0,4.0
7.7,52180,AGENT,-284.061,3329.7,MIA,-334.9977227265481,0,0,4.0
7.8,52180,AGENT,-284.1,3330.42,MIA,-334.9977227265481,0,0,4.0
7.9,52180,AGENT,-284.141,3331.14,MIA,-334.9977227265481,0,0,4.0
8.0,52180,AGENT,-284.184,3331.85,MIA,-334.9977227265481,0,0,4.0
8.1,52180,AGENT,-284.23,3332.54,MIA,-334.9977227265481,0,0,4.0
8.2,52180,AGENT,-284.286,3333.24,MIA,-334.9977227265481,0,0,4.0
8.3,52180,AGENT,-284.359,3333.94,MIA,-334.9977227265481,0,0,4.0
8.4,52180,AGENT,-284.446,3334.64,MIA,-334.9977227265481,0,0,4.0
8.5,52180,AGENT,-284.545,3335.34,MIA,-334.9977227265481,0,0,4.0
8.6,52180,AGENT,-284.654,3336.03,MIA,-334.9977227265481,0,0,4.0
8.7,52180,AGENT,-284.774,3336.7,MIA,-334.9977227265481,0,0,4.0
8.8,52180,AGENT,-284.906,3337.37,MIA,-334.9977227265481,0,0,4.0
8.9,52180,AGENT,-285.049,3338.01,MIA,-334.9977227265481,0,0,4.0
9.0,52180,AGENT,-285.201,3338.65,MIA,-334.9977227265481,0,0,4.0
9.1,52180,AGENT,-285.363,3339.26,MIA,-334.9977227265481,0,0,4.0
9.2,52180,AGENT,-285.538,3339.85,MIA,-334.9977227265481,0,0,4.0
9.3,52180,AGENT,-285.726,3340.43,MIA,-334.9977227265481,0,0,4.0
9.4,52180,AGENT,-285.937,3340.99,MIA,-334.9977227265481,0,0,4.0
9.5,52180,AGENT,-286.18,3341.54,MIA,-334.9977227265481,0,0,4.0
9.6,52180,AGENT,-286.454,3342.07,MIA,-334.9977227265481,0,0,4.0
9.7,52180,AGENT,-286.753,3342.58,MIA,-334.9977227265481,0,0,4.0
9.8,52180,AGENT,-287.071,3343.08,MIA,-334.9977227265481,0,0,4.0
9.9,52180,AGENT,-287.406,3343.55,MIA,-334.9977227265481,0,0,4.0
10.0,52180,AGENT,-287.76,3344.0,MIA,-334.9977227265481,0,0,4.0
10.1,52180,AGENT,-288.129,3344.43,MIA,-334.9977227265481,0,0,4.0
10.2,52180,AGENT,-288.513,3344.83,MIA,-334.9977227265481,0,0,4.0
10.3,52180,AGENT,-288.911,3345.22,MIA,-334.9977227265481,0,0,4.0
10.4,52180,AGENT,-289.322,3345.58,MIA,-334.9977227265481,0,0,4.0
10.5,52180,AGENT,-289.749,3345.92,MIA,-334.9977227265481,0,0,4.0
10.6,52180,AGENT,-290.197,3346.23,MIA,-334.9977227265481,0,0,4.0
10.7,52180,AGENT,-290.663,3346.53,MIA,-334.9977227265481,0,0,4.0
10.8,52180,AGENT,-291.148,3346.8,MIA,-334.9977227265481,0,0,4.0
10.9,52180,AGENT,-291.649,3347.05,MIA,-334.9977227265481,0,0,4.0
