TIMESTAMP,TRACK_ID,OBJECT_TYPE,X,Y,CITY_NAME,REF_xmin,AUGMENT_TYPE,AUGMENT_DIRECTION,ATTACK_POWER_TYPE
4.0,52180,AGENT,1732.39,466.839,PIT,1614.7547190796995,0,0,1.0
4.1,52180,AGENT,1731.66,466.151,PIT,1614.7547190796995,0,0,1.0
4.2,52180,AGENT,1730.93,465.464,PIT,1614.7547190796995,0,0,1.0
4.3,52180,AGENT,1730.2,464.776,PIT,1614.7547190796995,0,0,1.0
4.4,52180,AGENT,1729.47,464.089,PIT,1614.7547190796995,0,0,1.0
4.5,52180,AGENT,1728.74,463.402,PIT,1614.7547190796995,0,0,1.0
4.6,52180,AGENT,1728.02,462.714,PIT,1614.7547190796995,0,0,1.0
4.7,52180,AGENT,1727.29,462.027,PIT,1614.7547190796995,0,0,1.0
4.8,52180,AGENT,1726.56,461.34,PIT,1614.7547190796995,0,0,1.0
4.9,52180,AGENT,1725.83,460.652,PIT,1614.7547190796995,0,0,1.0
5.0,52180,AGENT,1725.1,459.965,PIT,1614.7547190796995,0,0,1.0
5.1,52180,AGENT,1724.37,459.278,PIT,1614.7547190796995,0,0,1.0
5.2,52180,AGENT,1723.64,458.591,PIT,1614.7547190796995,0,0,1.0
5.3,52180,AGENT,1722.91,457.904,PIT,1614.7547190796995,0,0,1.0
5.4,52180,AGENT,1722.18,457.217,PIT,1614.7547190796995,0,0,1.0
5.5,52180,AGENT,1721.45,456.53,PIT,1614.7547190796995,0,0,1.0
5.6,52180,AGENT,1720.72,455.843,PIT,1614.7547190796995,0,0,1.0
5.7,52180,AGENT,1719.99,455.156,PIT,1614.7547190796995,0,0,1.0
5.8,52180,AGENT,1719.26,454.469,PIT,1614.7547190796995,0,0,1.0
5.9,52180,AGENT,1718.53,453.782,PIT,1614.7547190796995,0,0,1.0
6.0,52180,AGENT,1717.8,453.095,PIT,1614.7547190796995,0,0,1.0
6.1,52180,AGENT,1717.08,452.408,PIT,1614.7547190796995,0,0,1.0
6.2,52180,AGENT,1716.35,451.721,PIT,1614.7547190796995,0,0,1.0
6.3,52180,AGENT,1715.62,451.034,PIT,1614.7547190796995,0,0,1.0
6.4,52180,AGENT,1714.89,450.347,PIT,1614.7547190796995,0,0,1.0
6.5,52180,AGENT,1714.16,449.66,PIT,1614.7547190796995,0,0,1.0
6.6,52180,AGENT,1713.43,448.973,PIT,1614.7547190796995,0,0,1.0
6.7,52180,AGENT,1712.7,448.287,PIT,1614.7547190796995,0,0,1.0
6.8,52180,AGENT,1711.97,447.6,PIT,1614.7547190796995,0,0,1.0
6.9,52180,AGENT,1711.24,446.913,PIT,1614.7547190796995,0,0,1.0
7.0,52180,AGENT,1710.51,446.226,PIT,1614.7547190796995,0,0,1.0
7.1,52180,AGENT,1709.78,445.539,PIT,1614.7547190796995,0,0,1.0
7.2,52180,AGENT,1709.05,444.852,PIT,1614.7547190796995,0,0,1.0
7.3,52180,AGENT,1708.32,444.165,PIT,1614.7547190796995,0,0,1.0
7.4,52180,AGENT,1707.59,443.478,PIT,1614.7547190796995,0,0,1.0
7.5,52180,AGENT,1706.86,442.791,PIT,1614.7547190796995,0,0,1.0
7.6,52180,AGENT,1706.13,442.104,PIT,1614.7547190796995,0,0,1.0
7.7,52180,AGENT,1705.4,441.417,PIT,1614.7547190796995,0,0,1.0
7.8,52180,AGENT,1704.67,440.73,PIT,1614.7547190796995,0,0,1.0
7.9,52180,AGENT,1703.94,440.043,PIT,1614.7547190796995,0,0,1.0
8.0,52180,AGENT,1703.22,439.356,PIT,1614.7547190796995,0,0,1.0
8.1,52180,AGENT,1702.49,438.668,PIT,1614.7547190796995,0,0,1.0
8.2,52180,AGENT,1701.76,437.981,PIT,1614.7547190796995,0,0,1.0
8.3,52180,AGENT,1701.02,437.291,PIT,1614.7547190796995,0,0,1.0
8.4,52180,AGENT,1700.28,436.594,PIT,1614.7547190796995,0,0,1.0
8.5,52180,AGENT,1699.54,435.891,PIT,1614.7547190796995,0,0,1.0
8.6,52180,AGENT,1698.79,435.184,PIT,1614.7547190796995,0,0,1.0
8.7,52180,AGENT,1698.04,434.477,PIT,1614.7547190796995,0,0,1.0
8.8,52180,AGENT,1697.29,433.771,PIT,1614.7547190796995,0,0,1.0
8.9,52180,AGENT,1696.54,433.064,PIT,1614.7547190796995,0,0,1.0
