TIMESTAMP,TRACK_ID,OBJECT_TYPE,X,Y,CITY_NAME,REF_xmin,AUGMENT_TYPE,AUGMENT_DIRECTION,ATTACK_POWER_TYPE
12.0,52180,AGENT,361.272,885.556,MIA,266.4597794567817,0,1,8.0
12.1,52180,AGENT,362.308,884.766,MIA,266.4597794567817,0,1,8.0
12.2,52180,AGENT,363.345,883.977,MIA,266.4597794567817,0,1,8.0
12.3,52180,AGENT,364.382,883.188,MIA,266.4597794567817,0,1,8.0
12.4,52180,AGENT,365.42,882.399,MIA,266.4597794567817,0,1,8.0
12.5,52180,AGENT,366.457,881.611,MIA,266.4597794567817,0,1,8.0
12.6,52180,AGENT,367.495,880.823,MIA,266.4597794567817,0,1,8.0
12.7,52180,AGENT,368.534,880.035,MIA,266.4597794567817,0,1,8.0
12.8,52180,AGENT,369.572,879.248,MIA,266.4597794567817,0,1,8.0
12.9,52180,AGENT,370.611,878.461,MIA,266.4597794567817,0,1,8.0
13.0,52180,AGENT,371.65,877.675,MIA,266.4597794567817,0,1,8.0
13.1,52180,AGENT,372.689,876.888,MIA,266.4597794567817,0,1,8.0
13.2,52180,AGENT,373.729,876.102,MIA,266.4597794567817,0,1,8.0
13.3,52180,AGENT,374.768,875.317,MIA,266.4597794567817,0,1,8.0
13.4,52180,AGENT,375.808,874.531,MIA,266.4597794567817,0,1,8.0
13.5,52180,AGENT,376.848,873.746,MIA,266.4597794567817,0,1,8.0
13.6,52180,AGENT,377.888,872.961,MIA,266.4597794567817,0,1,8.0
13.7,52180,AGENT,378.928,872.176,MIA,266.4597794567817,0,1,8.0
13.8,52180,AGENT,379.968,871.391,MIA,266.4597794567817,0,1,8.0
13.9,52180,AGENT,381.009,870.606,MIA,266.4597794567817,0,1,8.0
14.0,52180,AGENT,382.049,869.821,MIA,266.4597794567817,0,1,8.0
14.1,52180,AGENT,383.09,869.036,MIA,266.4597794567817,0,1,8.0
14.2,52180,AGENT,384.13,868.251,MIA,266.4597794567817,0,1,8.0
14.3,52180,AGENT,385.17,867.467,MIA,266.4597794567817,0,1,8.0
14.4,52180,AGENT,386.211,866.682,MIA,266.4597794567817,0,1,8.0
14.5,52180,AGENT,387.251,865.897,MIA,266.4597794567817,0,1,8.0
14.6,52180,AGENT,388.292,865.113,MIA,266.4597794567817,0,1,8.0
14.7,52180,AGENT,389.332,864.328,MIA,266.4597794567817,0,1,8.0
14.8,52180,AGENT,390.372,863.543,MIA,266.4597794567817,0,1,8.0
14.9,52180,AGENT,391.413,862.758,MIA,266.4597794567817,0,1,8.0
15.0,52180,AGENT,392.453,861.973,MIA,266.4597794567817,0,1,8.0
15.1,52180,AGENT,393.493,861.188,MIA,266.4597794567817,0,1,8.0
15.2,52180,AGENT,394.533,860.403,MIA,266.4597794567817,0,1,8.0
15.3,52180,AGENT,395.573,859.618,MIA,266.4597794567817,0,1,8.0
15.4,52180,AGENT,396.613,858.833,MIA,266.4597794567817,0,1,8.0
15.5,52180,AGENT,397.653,858.048,MIA,266.4597794567817,0,1,8.0
15.6,52180,AGENT,398.693,857.262,MIA,266.4597794567817,0,1,8.0
15.7,52180,AGENT,399.733,856.477,MIA,266.4597794567817,0,1,8.0
15.8,52180,AGENT,400.773,855.691,MIA,266.4597794567817,0,1,8.0
15.9,52180,AGENT,401.812,854.905,MIA,266.4597794567817,0,1,8.0
16.0,52180,AGENT,402.852,854.12,MIA,266.4597794567817,0,1,8.0
16.1,52180,AGENT,403.892,853.334,MIA,266.4597794567817,0,1,8.0
16.2,52180,AGENT,404.931,852.548,MIA,266.4597794567817,0,1,8.0
16.3,52180,AGENT,405.97,851.762,MIA,266.4597794567817,0,1,8.0
16.4,52180,AGENT,407.01,850.975,MIA,266.4597794567817,0,1,8.0
16.5,52180,AGENT,408.049,850.189,MIA,266.4597794567817,0,1,8.0
16.6,52180,AGENT,409.088,849.403,MIA,266.4597794567817,0,1,8.0
16.7,52180,AGENT,410.127,848.616,MIA,266.4597794567817,0,1,8.0
16.8,52180,AGENT,411.166,847.83,MIA,266.4597794567817,0,1,8.0
16.9,52180,AGENT,412.205,847.043,MIA,266.4597794567817,0,1,8.0
