TIMESTAMP,TRACK_ID,OBJECT_TYPE,X,Y,CITY_NAME,REF_xmin,AUGMENT_TYPE,AUGMENT_DIRECTION,ATTACK_POWER_TYPE
16.0,52180,AGENT,717.577,632.489,MIA,648.2717780742678,1,0,10.0
16.1,52180,AGENT,717.145,632.479,MIA,648.2717780742678,1,0,10.0
16.2,52180,AGENT,716.716,632.469,MIA,648.2717780742678,1,0,10.0
16.3,52180,AGENT,716.288,632.459,MIA,648.2717780742678,1,0,10.0
16.4,52180,AGENT,715.862,632.449,MIA,648.2717780742678,1,0,10.0
16.5,52180,AGENT,715.438,632.438,MIA,648.2717780742678,1,0,10.0
16.6,52180,AGENT,715.017,632.424,MIA,648.2717780742678,1,0,10.0
16.7,52180,AGENT,714.597,632.408,MIA,648.2717780742678,1,0,10.0
16.8,52180,AGENT,714.179,632.388,MIA,648.2717780742678,1,0,10.0
16.9,52180,AGENT,713.761,632.363,MIA,648.2717780742678,1,0,10.0
17.0,52180,AGENT,713.35,632.334,MIA,648.2717780742678,1,0,10.0
17.1,52180,AGENT,712.943,632.3,MIA,648.2717780742678,1,0,10.0
17.2,52180,AGENT,712.539,632.259,MIA,648.2717780742678,1,0,10.0
17.3,52180,AGENT,712.138,632.21,MIA,648.2717780742678,1,0,10.0
17.4,52180,AGENT,711.739,632.152,MIA,648.2717780742678,1,0,10.0
17.5,52180,AGENT,711.344,632.084,MIA,648.2717780742678,1,0,10.0
17.6,52180,AGENT,710.952,632.006,MIA,648.2717780742678,1,0,10.0
17.7,52180,AGENT,710.563,631.914,MIA,648.2717780742678,1,0,10.0
17.8,52180,AGENT,710.178,631.809,MIA,648.2717780742678,1,0,10.0
17.9,52180,AGENT,709.797,631.691,MIA,648.2717780742678,1,0,10.0
18.0,52180,AGENT,709.42,631.562,MIA,648.2717780742678,1,0,10.0
18.1,52180,AGENT,709.05,631.421,MIA,648.2717780742678,1,0,10.0
18.2,52180,AGENT,708.685,631.27,MIA,648.2717780742678,1,0,10.0
18.3,52180,AGENT,708.326,631.109,MIA,648.2717780742678,1,0,10.0
18.4,52180,AGENT,707.973,630.939,MIA,648.2717780742678,1,0,10.0
18.5,52180,AGENT,707.623,630.754,MIA,648.2717780742678,1,0,10.0
18.6,52180,AGENT,707.273,630.553,MIA,648.2717780742678,1,0,10.0
18.7,52180,AGENT,706.922,630.335,MIA,648.2717780742678,1,0,10.0
18.8,52180,AGENT,706.571,630.102,MIA,648.2717780742678,1,0,10.0
18.9,52180,AGENT,706.222,629.857,MIA,648.2717780742678,1,0,10.0
19.0,52180,AGENT,705.88,629.605,MIA,648.2717780742678,1,0,10.0
19.1,52180,AGENT,705.542,629.347,MIA,648.2717780742678,1,0,10.0
19.2,52180,AGENT,705.21,629.082,MIA,648.2717780742678,1,0,10.0
19.3,52180,AGENT,704.882,628.812,MIA,648.2717780742678,1,0,10.0
19.4,52180,AGENT,704.557,628.538,MIA,648.2717780742678,1,0,10.0
19.5,52180,AGENT,704.236,628.259,MIA,648.2717780742678,1,0,10.0
19.6,52180,AGENT,703.914,627.975,MIA,648.2717780742678,1,0,10.0
19.7,52180,AGENT,703.588,627.685,MIA,648.2717780742678,1,0,10.0
19.8,52180,AGENT,703.257,627.391,MIA,648.2717780742678,1,0,10.0
19.9,52180,AGENT,702.922,627.093,MIA,648.2717780742678,1,0,10.0
20.0,52180,AGENT,702.588,626.796,MIA,648.2717780742678,1,0,10.0
20.1,52180,AGENT,702.253,626.501,MIA,648.2717780742678,1,0,10.0
20.2,52180,AGENT,701.918,626.208,MIA,648.2717780742678,1,0,10.0
20.3,52180,AGENT,701.582,625.918,MIA,648.2717780742678,1,0,10.0
20.4,52180,AGENT,701.244,625.633,MIA,648.2717780742678,1,0,10.0
20.5,52180,AGENT,700.901,625.352,MIA,648.2717780742678,1,0,10.0
20.6,52180,AGENT,700.553,625.078,MIA,648.2717780742678,1,0,10.0
20.7,52180,AGENT,700.201,624.812,MIA,648.2717780742678,1,0,10.0
20.8,52180,AGENT,699.843,624.553,MIA,648.2717780742678,1,0,10.0
20.9,52180,AGENT,699.48,624.303,MIA,648.2717780742678,1,0,10.0
