TIMESTAMP,TRACK_ID,OBJECT_TYPE,X,Y,CITY_NAME,REF_xmin,AUGMENT_TYPE,AUGMENT_DIRECTION,ATTACK_POWER_TYPE
4.0,52180,AGENT,928.237,-13.8771,PIT,884.9533778815744,1,0,2.0
4.1,52180,AGENT,928.016,-14.3178,PIT,884.9533778815744,1,0,2.0
4.2,52180,AGENT,927.795,-14.761,PIT,884.9533778815744,1,0,2.0
4.3,52180,AGENT,927.574,-15.2066,PIT,884.9533778815744,1,0,2.0
4.4,52180,AGENT,927.353,-15.6548,PIT,884.9533778815744,1,0,2.0
4.5,52180,AGENT,927.132,-16.1058,PIT,884.9533778815744,1,0,2.0
4.6,52180,AGENT,926.91,-16.5581,PIT,884.9533778815744,1,0,2.0
4.7,52180,AGENT,926.689,-17.0104,PIT,884.9533778815744,1,0,2.0
4.8,52180,AGENT,926.467,-17.4627,PIT,884.9533778815744,1,0,2.0
4.9,52180,AGENT,926.245,-17.9148,PIT,884.9533778815744,1,0,2.0
5.0,52180,AGENT,926.022,-18.3665,PIT,884.9533778815744,1,0,2.0
5.1,52180,AGENT,925.797,-18.8175,PIT,884.9533778815744,1,0,2.0
5.2,52180,AGENT,925.57,-19.2672,PIT,884.9533778815744,1,0,2.0
5.3,52180,AGENT,925.34,-19.7151,PIT,884.9533778815744,1,0,2.0
5.4,52180,AGENT,925.107,-20.1604,PIT,884.9533778815744,1,0,2.0
5.5,52180,AGENT,924.869,-20.6021,PIT,884.9533778815744,1,0,2.0
5.6,52180,AGENT,924.626,-21.0395,PIT,884.9533778815744,1,0,2.0
5.7,52180,AGENT,924.381,-21.4697,PIT,884.9533778815744,1,0,2.0
5.8,52180,AGENT,924.136,-21.8899,PIT,884.9533778815744,1,0,2.0
5.9,52180,AGENT,923.891,-22.2998,PIT,884.9533778815744,1,0,2.0
6.0,52180,AGENT,923.645,-22.6985,PIT,884.9533778815744,1,0,2.0
6.1,52180,AGENT,923.399,-23.0851,PIT,884.9533778815744,1,0,2.0
6.2,52180,AGENT,923.152,-23.4589,PIT,884.9533778815744,1,0,2.0
6.3,52180,AGENT,922.904,-23.8192,PIT,884.9533778815744,1,0,2.0
6.4,52180,AGENT,922.654,-24.1653,PIT,884.9533778815744,1,0,2.0
6.5,52180,AGENT,922.398,-24.4971,PIT,884.9533778815744,1,0,2.0
6.6,52180,AGENT,922.132,-24.8144,PIT,884.9533778815744,1,0,2.0
6.7,52180,AGENT,921.857,-25.1163,PIT,884.9533778815744,1,0,2.0
6.8,52180,AGENT,921.571,-25.4017,PIT,884.9533778815744,1,0,2.0
6.9,52180,AGENT,921.274,-25.6696,PIT,884.9533778815744,1,0,2.0
7.0,52180,AGENT,920.968,-25.9196,PIT,884.9533778815744,1,0,2.0
7.1,52180,AGENT,920.653,-26.1512,PIT,884.9533778815744,1,0,2.0
7.2,52180,AGENT,920.33,-26.3641,PIT,884.9533778815744,1,0,2.0
7.3,52180,AGENT,920.0,-26.5582,PIT,884.9533778815744,1,0,2.0
7.4,52180,AGENT,919.664,-26.7336,PIT,884.9533778815744,1,0,2.0
7.5,52180,AGENT,919.323,-26.8902,PIT,884.9533778815744,1,0,2.0
7.6,52180,AGENT,918.978,-27.0284,PIT,884.9533778815744,1,0,2.0
7.7,52180,AGENT,918.63,-27.1485,PIT,884.9533778815744,1,0,2.0
7.8,52180,AGENT,918.279,-27.2509,PIT,884.9533778815744,1,0,2.0
7.9,52180,AGENT,917.921,-27.3339,PIT,884.9533778815744,1,0,2.0
8.0,52180,AGENT,917.552,-27.3961,PIT,884.9533778815744,1,0,2.0
8.1,52180,AGENT,917.173,-27.4379,PIT,884.9533778815744,1,0,2.0
8.2,52180,AGENT,916.785,-27.4598,PIT,884.9533778815744,1,0,2.0
8.3,52180,AGENT,916.388,-27.4623,PIT,884.9533778815744,1,0,2.0
8.4,52180,AGENT,915.982,-27.4462,PIT,884.9533778815744,1,0,2.0
8.5,52180,AGENT,915.569,-27.4119,PIT,884.9533778815744,1,0,2.0
8.6,52180,AGENT,915.147,-27.3601,PIT,884.9533778815744,1,0,2.0
8.7,52180,AGENT,914.72,-27.2921,PIT,884.9533778815744,1,0,2.0
8.8,52180,AGENT,914.287,-27.2088,PIT,884.9533778815744,1,0,2.0
8.9,52180,AGENT,913.85,-27.1108,PIT,884.9533778815744,1,0,2.0
