TIMESTAMP,TRACK_ID,OBJECT_TYPE,X,Y,CITY_NAME,REF_xmin,AUGMENT_TYPE,AUGMENT_DIRECTION,ATTACK_POWER_TYPE
8.0,52180,AGENT,-137.294,1756.99,MIA,-179.911367998051,1,1,9.0
8.1,52180,AGENT,-136.887,1757.0,MIA,-179.911367998051,1,1,9.0
8.2,52180,AGENT,-136.489,1757.01,MIA,-179.911367998051,1,1,9.0
8.3,52180,AGENT,-136.101,1757.02,MIA,-179.911367998051,1,1,9.0
8.4,52180,AGENT,-135.718,1757.02,MIA,-179.911367998051,1,1,9.0
8.5,52180,AGENT,-135.34,1757.01,MIA,-179.911367998051,1,1,9.0
8.6,52180,AGENT,-134.968,1757.0,MIA,-179.911367998051,1,1,9.0
8.7,52180,AGENT,-134.597,1756.98,MIA,-179.911367998051,1,1,9.0
8.8,52180,AGENT,-134.229,1756.95,MIA,-179.911367998051,1,1,9.0
8.9,52180,AGENT,-133.862,1756.92,MIA,-179.911367998051,1,1,9.0
9.0,52180,AGENT,-133.499,1756.87,MIA,-179.911367998051,1,1,9.0
9.1,52180,AGENT,-133.138,1756.81,MIA,-179.911367998051,1,1,9.0
9.2,52180,AGENT,-132.78,1756.75,MIA,-179.911367998051,1,1,9.0
9.3,52180,AGENT,-132.426,1756.67,MIA,-179.911367998051,1,1,9.0
9.4,52180,AGENT,-132.076,1756.58,MIA,-179.911367998051,1,1,9.0
9.5,52180,AGENT,-131.73,1756.49,MIA,-179.911367998051,1,1,9.0
9.6,52180,AGENT,-131.388,1756.38,MIA,-179.911367998051,1,1,9.0
9.7,52180,AGENT,-131.05,1756.27,MIA,-179.911367998051,1,1,9.0
9.8,52180,AGENT,-130.717,1756.14,MIA,-179.911367998051,1,1,9.0
9.9,52180,AGENT,-130.388,1756.01,MIA,-179.911367998051,1,1,9.0
10.0,52180,AGENT,-130.063,1755.87,MIA,-179.911367998051,1,1,9.0
10.1,52180,AGENT,-129.743,1755.72,MIA,-179.911367998051,1,1,9.0
10.2,52180,AGENT,-129.427,1755.56,MIA,-179.911367998051,1,1,9.0
10.3,52180,AGENT,-129.115,1755.4,MIA,-179.911367998051,1,1,9.0
10.4,52180,AGENT,-128.808,1755.23,MIA,-179.911367998051,1,1,9.0
10.5,52180,AGENT,-128.503,1755.05,MIA,-179.911367998051,1,1,9.0
10.6,52180,AGENT,-128.202,1754.86,MIA,-179.911367998051,1,1,9.0
10.7,52180,AGENT,-127.903,1754.68,MIA,-179.911367998051,1,1,9.0
10.8,52180,AGENT,-127.607,1754.48,MIA,-179.911367998051,1,1,9.0
10.9,52180,AGENT,-127.314,1754.28,MIA,-179.911367998051,1,1,9.0
11.0,52180,AGENT,-127.025,1754.08,MIA,-179.911367998051,1,1,9.0
11.1,52180,AGENT,-126.74,1753.88,MIA,-179.911367998051,1,1,9.0
11.2,52180,AGENT,-126.459,1753.67,MIA,-179.911367998051,1,1,9.0
11.3,52180,AGENT,-126.181,1753.47,MIA,-179.911367998051,1,1,9.0
11.4,52180,AGENT,-125.906,1753.26,MIA,-179.911367998051,1,1,9.0
11.5,52180,AGENT,-125.633,1753.05,MIA,-179.911367998051,1,1,9.0
11.6,52180,AGENT,-125.363,1752.84,MIA,-179.911367998051,1,1,9.0
11.7,52180,AGENT,-125.095,1752.64,MIA,-179.911367998051,1,1,9.0
11.8,52180,AGENT,-124.828,1752.43,MIA,-179.911367998051,1,1,9.0
11.9,52180,AGENT,-124.563,1752.23,MIA,-179.911367998051,1,1,9.0
12.0,52180,AGENT,-124.297,1752.02,MIA,-179.911367998051,1,1,9.0
12.1,52180,AGENT,-124.028,1751.82,MIA,-179.911367998051,1,1,9.0
12.2,52180,AGENT,-123.763,1751.62,MIA,-179.911367998051,1,1,9.0
12.3,52180,AGENT,-123.499,1751.43,MIA,-179.911367998051,1,1,9.0
12.4,52180,AGENT,-123.231,1751.24,MIA,-179.911367998051,1,1,9.0
12.5,52180,AGENT,-122.961,1751.05,MIA,-179.911367998051,1,1,9.0
12.6,52180,AGENT,-122.686,1750.87,MIA,-179.911367998051,1,1,9.0
12.7,52180,AGENT,-122.407,1750.7,MIA,-179.911367998051,1,1,9.0
12.8,52180,AGENT,-122.124,1750.53,MIA,-179.911367998051,1,1,9.0
12.9,52180,AGENT,-121.837,1750.37,MIA,-179.911367998051,1,1,9.0
