TIMESTAMP,TRACK_ID,OBJECT_TYPE,X,Y,CITY_NAME,REF_xmin,AUGMENT_TYPE,AUGMENT_DIRECTION,ATTACK_POWER_TYPE
8.0,52180,AGENT,48.3195,804.079,MIA,0.6303786938660778,1,0,10.0
8.1,52180,AGENT,48.7336,804.245,MIA,0.6303786938660778,1,0,10.0
8.2,52180,AGENT,49.1408,804.423,MIA,0.6303786938660778,1,0,10.0
8.3,52180,AGENT,49.5409,804.613,MIA,0.6303786938660778,1,0,10.0
8.4,52180,AGENT,49.9339,804.814,MIA,0.6303786938660778,1,0,10.0
8.5,52180,AGENT,50.3199,805.025,MIA,0.6303786938660778,1,0,10.0
8.6,52180,AGENT,50.6991,805.247,MIA,0.6303786938660778,1,0,10.0
8.7,52180,AGENT,51.0717,805.478,MIA,0.6303786938660778,1,0,10.0
8.8,52180,AGENT,51.438,805.718,MIA,0.6303786938660778,1,0,10.0
8.9,52180,AGENT,51.7982,805.967,MIA,0.6303786938660778,1,0,10.0
9.0,52180,AGENT,52.1528,806.223,MIA,0.6303786938660778,1,0,10.0
9.1,52180,AGENT,52.5023,806.486,MIA,0.6303786938660778,1,0,10.0
9.2,52180,AGENT,52.8471,806.755,MIA,0.6303786938660778,1,0,10.0
9.3,52180,AGENT,53.1878,807.029,MIA,0.6303786938660778,1,0,10.0
9.4,52180,AGENT,53.525,807.309,MIA,0.6303786938660778,1,0,10.0
9.5,52180,AGENT,53.8584,807.591,MIA,0.6303786938660778,1,0,10.0
9.6,52180,AGENT,54.1874,807.876,MIA,0.6303786938660778,1,0,10.0
9.7,52180,AGENT,54.5127,808.161,MIA,0.6303786938660778,1,0,10.0
9.8,52180,AGENT,54.8362,808.448,MIA,0.6303786938660778,1,0,10.0
9.9,52180,AGENT,55.1597,808.734,MIA,0.6303786938660778,1,0,10.0
10.0,52180,AGENT,55.4839,809.02,MIA,0.6303786938660778,1,0,10.0
10.1,52180,AGENT,55.8094,809.304,MIA,0.6303786938660778,1,0,10.0
10.2,52180,AGENT,56.1367,809.585,MIA,0.6303786938660778,1,0,10.0
10.3,52180,AGENT,56.4615,809.861,MIA,0.6303786938660778,1,0,10.0
10.4,52180,AGENT,56.7845,810.131,MIA,0.6303786938660778,1,0,10.0
10.5,52180,AGENT,57.111,810.395,MIA,0.6303786938660778,1,0,10.0
10.6,52180,AGENT,57.4413,810.653,MIA,0.6303786938660778,1,0,10.0
10.7,52180,AGENT,57.7758,810.904,MIA,0.6303786938660778,1,0,10.0
10.8,52180,AGENT,58.1149,811.148,MIA,0.6303786938660778,1,0,10.0
10.9,52180,AGENT,58.4586,811.383,MIA,0.6303786938660778,1,0,10.0
11.0,52180,AGENT,58.8072,811.61,MIA,0.6303786938660778,1,0,10.0
11.1,52180,AGENT,59.1605,811.827,MIA,0.6303786938660778,1,0,10.0
11.2,52180,AGENT,59.5185,812.036,MIA,0.6303786938660778,1,0,10.0
11.3,52180,AGENT,59.8811,812.235,MIA,0.6303786938660778,1,0,10.0
11.4,52180,AGENT,60.2481,812.424,MIA,0.6303786938660778,1,0,10.0
11.5,52180,AGENT,60.6195,812.605,MIA,0.6303786938660778,1,0,10.0
11.6,52180,AGENT,60.9951,812.777,MIA,0.6303786938660778,1,0,10.0
11.7,52180,AGENT,61.3747,812.941,MIA,0.6303786938660778,1,0,10.0
11.8,52180,AGENT,61.7582,813.097,MIA,0.6303786938660778,1,0,10.0
11.9,52180,AGENT,62.1452,813.247,MIA,0.6303786938660778,1,0,10.0
12.0,52180,AGENT,62.5358,813.39,MIA,0.6303786938660778,1,0,10.0
12.1,52180,AGENT,62.9295,813.528,MIA,0.6303786938660778,1,0,10.0
12.2,52180,AGENT,63.3261,813.662,MIA,0.6303786938660778,1,0,10.0
12.3,52180,AGENT,63.7254,813.792,MIA,0.6303786938660778,1,0,10.0
12.4,52180,AGENT,64.1271,813.92,MIA,0.6303786938660778,1,0,10.0
12.5,52180,AGENT,64.5308,814.046,MIA,0.6303786938660778,1,0,10.0
12.6,52180,AGENT,64.936,814.171,MIA,0.6303786938660778,1,0,10.0
12.7,52180,AGENT,65.3425,814.296,MIA,0.6303786938660778,1,0,10.0
12.8,52180,AGENT,65.7495,814.424,MIA,0.6303786938660778,1,0,10.0
12.9,52180,AGENT,66.1567,814.554,MIA,0.6303786938660778,1,0,10.0
