TIMESTAMP,TRACK_ID,OBJECT_TYPE,X,Y,CITY_NAME,REF_xmin,AUGMENT_TYPE,AUGMENT_DIRECTION,ATTACK_POWER_TYPE
2.0,52180,AGENT,2521.98,1013.87,PIT,2512.092218261154,0,1,6.0
2.1,52180,AGENT,2522.49,1014.35,PIT,2512.092218261154,0,1,6.0
2.2,52180,AGENT,2523.01,1014.83,PIT,2512.092218261154,0,1,6.0
2.3,52180,AGENT,2523.52,1015.31,PIT,2512.092218261154,0,1,6.0
2.4,52180,AGENT,2524.04,1015.79,PIT,2512.092218261154,0,1,6.0
2.5,52180,AGENT,2524.55,1016.28,PIT,2512.092218261154,0,1,6.0
2.6,52180,AGENT,2525.07,1016.76,PIT,2512.092218261154,0,1,6.0
2.7,52180,AGENT,2525.58,1017.24,PIT,2512.092218261154,0,1,6.0
2.8,52180,AGENT,2526.1,1017.72,PIT,2512.092218261154,0,1,6.0
2.9,52180,AGENT,2526.62,1018.2,PIT,2512.092218261154,0,1,6.0
3.0,52180,AGENT,2527.14,1018.69,PIT,2512.092218261154,0,1,6.0
3.1,52180,AGENT,2527.66,1019.18,PIT,2512.092218261154,0,1,6.0
3.2,52180,AGENT,2528.19,1019.66,PIT,2512.092218261154,0,1,6.0
3.3,52180,AGENT,2528.71,1020.15,PIT,2512.092218261154,0,1,6.0
3.4,52180,AGENT,2529.23,1020.64,PIT,2512.092218261154,0,1,6.0
3.5,52180,AGENT,2529.75,1021.12,PIT,2512.092218261154,0,1,6.0
3.6,52180,AGENT,2530.27,1021.61,PIT,2512.092218261154,0,1,6.0
3.7,52180,AGENT,2530.8,1022.1,PIT,2512.092218261154,0,1,6.0
3.8,52180,AGENT,2531.32,1022.58,PIT,2512.092218261154,0,1,6.0
3.9,52180,AGENT,2531.84,1023.07,PIT,2512.092218261154,0,1,6.0
4.0,52180,AGENT,2532.36,1023.56,PIT,2512.092218261154,0,1,6.0
4.1,52180,AGENT,2532.89,1024.05,PIT,2512.092218261154,0,1,6.0
4.2,52180,AGENT,2533.41,1024.53,PIT,2512.092218261154,0,1,6.0
4.3,52180,AGENT,2533.93,1025.02,PIT,2512.092218261154,0,1,6.0
4.4,52180,AGENT,2534.45,1025.51,PIT,2512.092218261154,0,1,6.0
4.5,52180,AGENT,2534.96,1025.98,PIT,2512.092218261154,0,1,6.0
4.6,52180,AGENT,2535.47,1026.45,PIT,2512.092218261154,0,1,6.0
4.7,52180,AGENT,2535.97,1026.92,PIT,2512.092218261154,0,1,6.0
4.8,52180,AGENT,2536.47,1027.39,PIT,2512.092218261154,0,1,6.0
4.9,52180,AGENT,2536.97,1027.85,PIT,2512.092218261154,0,1,6.0
5.0,52180,AGENT,2537.47,1028.32,PIT,2512.092218261154,0,1,6.0
5.1,52180,AGENT,2537.97,1028.78,PIT,2512.092218261154,0,1,6.0
5.2,52180,AGENT,2538.47,1029.25,PIT,2512.092218261154,0,1,6.0
5.3,52180,AGENT,2538.97,1029.72,PIT,2512.092218261154,0,1,6.0
5.4,52180,AGENT,2539.47,1030.18,PIT,2512.092218261154,0,1,6.0
5.5,52180,AGENT,2539.98,1030.65,PIT,2512.092218261154,0,1,6.0
5.6,52180,AGENT,2540.48,1031.12,PIT,2512.092218261154,0,1,6.0
5.7,52180,AGENT,2540.98,1031.59,PIT,2512.092218261154,0,1,6.0
5.8,52180,AGENT,2541.48,1032.06,PIT,2512.092218261154,0,1,6.0
5.9,52180,AGENT,2541.99,1032.53,PIT,2512.092218261154,0,1,6.0
6.0,52180,AGENT,2542.49,1033.0,PIT,2512.092218261154,0,1,6.0
6.1,52180,AGENT,2542.99,1033.47,PIT,2512.092218261154,0,1,6.0
6.2,52180,AGENT,2543.49,1033.94,PIT,2512.092218261154,0,1,6.0
6.3,52180,AGENT,2544.0,1034.42,PIT,2512.092218261154,0,1,6.0
6.4,52180,AGENT,2544.5,1034.89,PIT,2512.092218261154,0,1,6.0
6.5,52180,AGENT,2545.0,1035.37,PIT,2512.092218261154,0,1,6.0
6.6,52180,AGENT,2545.5,1035.83,PIT,2512.092218261154,0,1,6.0
6.7,52180,AGENT,2545.99,1036.3,PIT,2512.092218261154,0,1,6.0
6.8,52180,AGENT,2546.47,1036.76,PIT,2512.092218261154,0,1,6.0
6.9,52180,AGENT,2546.95,1037.21,PIT,2512.092218261154,0,1,6.0
