TIMESTAMP,TRACK_ID,OBJECT_TYPE,X,Y,CITY_NAME,REF_xmin,AUGMENT_TYPE,AUGMENT_DIRECTION,ATTACK_POWER_TYPE
20.0,52180,AGENT,-172.208,2023.96,MIA,-194.2550235490609,1,0,3.0
20.1,52180,AGENT,-171.44,2023.96,MIA,-194.2550235490609,1,0,3.0
20.2,52180,AGENT,-170.667,2023.97,MIA,-194.2550235490609,1,0,3.0
20.3,52180,AGENT,-169.885,2023.97,MIA,-194.2550235490609,1,0,3.0
20.4,52180,AGENT,-169.093,2023.98,MIA,-194.2550235490609,1,0,3.0
20.5,52180,AGENT,-168.292,2023.99,MIA,-194.2550235490609,1,0,3.0
20.6,52180,AGENT,-167.481,2024.0,MIA,-194.2550235490609,1,0,3.0
20.7,52180,AGENT,-166.658,2024.01,MIA,-194.2550235490609,1,0,3.0
20.8,52180,AGENT,-165.826,2024.03,MIA,-194.2550235490609,1,0,3.0
20.9,52180,AGENT,-164.984,2024.04,MIA,-194.2550235490609,1,0,3.0
21.0,52180,AGENT,-164.138,2024.06,MIA,-194.2550235490609,1,0,3.0
21.1,52180,AGENT,-163.291,2024.09,MIA,-194.2550235490609,1,0,3.0
21.2,52180,AGENT,-162.445,2024.11,MIA,-194.2550235490609,1,0,3.0
21.3,52180,AGENT,-161.6,2024.14,MIA,-194.2550235490609,1,0,3.0
21.4,52180,AGENT,-160.757,2024.17,MIA,-194.2550235490609,1,0,3.0
21.5,52180,AGENT,-159.915,2024.21,MIA,-194.2550235490609,1,0,3.0
21.6,52180,AGENT,-159.075,2024.24,MIA,-194.2550235490609,1,0,3.0
21.7,52180,AGENT,-158.237,2024.29,MIA,-194.2550235490609,1,0,3.0
21.8,52180,AGENT,-157.397,2024.33,MIA,-194.2550235490609,1,0,3.0
21.9,52180,AGENT,-156.548,2024.39,MIA,-194.2550235490609,1,0,3.0
22.0,52180,AGENT,-155.691,2024.46,MIA,-194.2550235490609,1,0,3.0
22.1,52180,AGENT,-154.825,2024.53,MIA,-194.2550235490609,1,0,3.0
22.2,52180,AGENT,-153.956,2024.61,MIA,-194.2550235490609,1,0,3.0
22.3,52180,AGENT,-153.087,2024.7,MIA,-194.2550235490609,1,0,3.0
22.4,52180,AGENT,-152.22,2024.8,MIA,-194.2550235490609,1,0,3.0
22.5,52180,AGENT,-151.359,2024.91,MIA,-194.2550235490609,1,0,3.0
22.6,52180,AGENT,-150.509,2025.01,MIA,-194.2550235490609,1,0,3.0
22.7,52180,AGENT,-149.669,2025.13,MIA,-194.2550235490609,1,0,3.0
22.8,52180,AGENT,-148.84,2025.24,MIA,-194.2550235490609,1,0,3.0
22.9,52180,AGENT,-148.018,2025.37,MIA,-194.2550235490609,1,0,3.0
23.0,52180,AGENT,-147.194,2025.5,MIA,-194.2550235490609,1,0,3.0
23.1,52180,AGENT,-146.361,2025.64,MIA,-194.2550235490609,1,0,3.0
23.2,52180,AGENT,-145.519,2025.79,MIA,-194.2550235490609,1,0,3.0
23.3,52180,AGENT,-144.669,2025.95,MIA,-194.2550235490609,1,0,3.0
23.4,52180,AGENT,-143.811,2026.11,MIA,-194.2550235490609,1,0,3.0
23.5,52180,AGENT,-142.943,2026.28,MIA,-194.2550235490609,1,0,3.0
23.6,52180,AGENT,-142.072,2026.45,MIA,-194.2550235490609,1,0,3.0
23.7,52180,AGENT,-141.2,2026.62,MIA,-194.2550235490609,1,0,3.0
23.8,52180,AGENT,-140.329,2026.8,MIA,-194.2550235490609,1,0,3.0
23.9,52180,AGENT,-139.459,2026.98,MIA,-194.2550235490609,1,0,3.0
24.0,52180,AGENT,-138.583,2027.16,MIA,-194.2550235490609,1,0,3.0
24.1,52180,AGENT,-137.697,2027.34,MIA,-194.2550235490609,1,0,3.0
24.2,52180,AGENT,-136.802,2027.52,MIA,-194.2550235490609,1,0,3.0
24.3,52180,AGENT,-135.897,2027.69,MIA,-194.2550235490609,1,0,3.0
24.4,52180,AGENT,-134.981,2027.86,MIA,-194.2550235490609,1,0,3.0
24.5,52180,AGENT,-134.054,2028.02,MIA,-194.2550235490609,1,0,3.0
24.6,52180,AGENT,-133.115,2028.18,MIA,-194.2550235490609,1,0,3.0
24.7,52180,AGENT,-132.166,2028.34,MIA,-194.2550235490609,1,0,3.0
24.8,52180,AGENT,-131.205,2028.49,MIA,-194.2550235490609,1,0,3.0
24.9,52180,AGENT,-130.232,2028.63,MIA,-194.2550235490609,1,0,3.0
