TIMESTAMP,TRACK_ID,OBJECT_TYPE,X,Y,CITY_NAME,REF_xmin,AUGMENT_TYPE,AUGMENT_DIRECTION,ATTACK_POWER_TYPE
8.0,52180,AGENT,1532.97,81.518,PIT,1479.6160735353478,0,1,8.0
8.1,52180,AGENT,1532.36,80.6422,PIT,1479.6160735353478,0,1,8.0
8.2,52180,AGENT,1531.75,79.7534,PIT,1479.6160735353478,0,1,8.0
8.3,52180,AGENT,1531.14,78.8516,PIT,1479.6160735353478,0,1,8.0
8.4,52180,AGENT,1530.53,77.9367,PIT,1479.6160735353478,0,1,8.0
8.5,52180,AGENT,1529.93,77.0087,PIT,1479.6160735353478,0,1,8.0
8.6,52180,AGENT,1529.34,76.072,PIT,1479.6160735353478,0,1,8.0
8.7,52180,AGENT,1528.75,75.1307,PIT,1479.6160735353478,0,1,8.0
8.8,52180,AGENT,1528.17,74.1851,PIT,1479.6160735353478,0,1,8.0
8.9,52180,AGENT,1527.6,73.2352,PIT,1479.6160735353478,0,1,8.0
9.0,52180,AGENT,1527.04,72.2812,PIT,1479.6160735353478,0,1,8.0
9.1,52180,AGENT,1526.48,71.3234,PIT,1479.6160735353478,0,1,8.0
9.2,52180,AGENT,1525.93,70.3619,PIT,1479.6160735353478,0,1,8.0
9.3,52180,AGENT,1525.38,69.397,PIT,1479.6160735353478,0,1,8.0
9.4,52180,AGENT,1524.85,68.4288,PIT,1479.6160735353478,0,1,8.0
9.5,52180,AGENT,1524.31,67.4577,PIT,1479.6160735353478,0,1,8.0
9.6,52180,AGENT,1523.79,66.4839,PIT,1479.6160735353478,0,1,8.0
9.7,52180,AGENT,1523.27,65.5074,PIT,1479.6160735353478,0,1,8.0
9.8,52180,AGENT,1522.75,64.5287,PIT,1479.6160735353478,0,1,8.0
9.9,52180,AGENT,1522.24,63.5478,PIT,1479.6160735353478,0,1,8.0
10.0,52180,AGENT,1521.73,62.5649,PIT,1479.6160735353478,0,1,8.0
10.1,52180,AGENT,1521.22,61.5803,PIT,1479.6160735353478,0,1,8.0
10.2,52180,AGENT,1520.72,60.5942,PIT,1479.6160735353478,0,1,8.0
10.3,52180,AGENT,1520.22,59.6065,PIT,1479.6160735353478,0,1,8.0
10.4,52180,AGENT,1519.72,58.6177,PIT,1479.6160735353478,0,1,8.0
10.5,52180,AGENT,1519.23,57.6277,PIT,1479.6160735353478,0,1,8.0
10.6,52180,AGENT,1518.73,56.6367,PIT,1479.6160735353478,0,1,8.0
10.7,52180,AGENT,1518.24,55.6404,PIT,1479.6160735353478,0,1,8.0
10.8,52180,AGENT,1517.75,54.6396,PIT,1479.6160735353478,0,1,8.0
10.9,52180,AGENT,1517.26,53.6383,PIT,1479.6160735353478,0,1,8.0
11.0,52180,AGENT,1516.77,52.6366,PIT,1479.6160735353478,0,1,8.0
11.1,52180,AGENT,1516.28,51.6343,PIT,1479.6160735353478,0,1,8.0
11.2,52180,AGENT,1515.79,50.6316,PIT,1479.6160735353478,0,1,8.0
11.3,52180,AGENT,1515.3,49.6286,PIT,1479.6160735353478,0,1,8.0
11.4,52180,AGENT,1514.81,48.6253,PIT,1479.6160735353478,0,1,8.0
11.5,52180,AGENT,1514.32,47.6217,PIT,1479.6160735353478,0,1,8.0
11.6,52180,AGENT,1513.84,46.6181,PIT,1479.6160735353478,0,1,8.0
11.7,52180,AGENT,1513.35,45.6099,PIT,1479.6160735353478,0,1,8.0
11.8,52180,AGENT,1512.86,44.5978,PIT,1479.6160735353478,0,1,8.0
11.9,52180,AGENT,1512.37,43.586,PIT,1479.6160735353478,0,1,8.0
12.0,52180,AGENT,1511.88,42.5742,PIT,1479.6160735353478,0,1,8.0
12.1,52180,AGENT,1511.39,41.5624,PIT,1479.6160735353478,0,1,8.0
12.2,52180,AGENT,1510.9,40.5507,PIT,1479.6160735353478,0,1,8.0
12.3,52180,AGENT,1510.41,39.539,PIT,1479.6160735353478,0,1,8.0
12.4,52180,AGENT,1509.92,38.5275,PIT,1479.6160735353478,0,1,8.0
12.5,52180,AGENT,1509.43,37.516,PIT,1479.6160735353478,0,1,8.0
12.6,52180,AGENT,1508.94,36.5048,PIT,1479.6160735353478,0,1,8.0
12.7,52180,AGENT,1508.44,35.4893,PIT,1479.6160735353478,0,1,8.0
12.8,52180,AGENT,1507.94,34.47,PIT,1479.6160735353478,0,1,8.0
12.9,52180,AGENT,1507.45,33.4509,PIT,1479.6160735353478,0,1,8.0
