TIMESTAMP,TRACK_ID,OBJECT_TYPE,X,Y,CITY_NAME,REF_xmin,AUGMENT_TYPE,AUGMENT_DIRECTION,ATTACK_POWER_TYPE
0.0,52180,AGENT,817.537,2510.11,MIA,817.5370294995955,0,1,10.0
0.1,52180,AGENT,818.143,2510.13,MIA,817.5370294995955,0,1,10.0
0.2,52180,AGENT,818.76,2510.15,MIA,817.5370294995955,0,1,10.0
0.3,52180,AGENT,819.389,2510.17,MIA,817.5370294995955,0,1,10.0
0.4,52180,AGENT,820.029,2510.19,MIA,817.5370294995955,0,1,10.0
0.5,52180,AGENT,820.681,2510.22,MIA,817.5370294995955,0,1,10.0
0.6,52180,AGENT,821.343,2510.24,MIA,817.5370294995955,0,1,10.0
0.7,52180,AGENT,822.014,2510.26,MIA,817.5370294995955,0,1,10.0
0.8,52180,AGENT,822.695,2510.28,MIA,817.5370294995955,0,1,10.0
0.9,52180,AGENT,823.381,2510.31,MIA,817.5370294995955,0,1,10.0
1.0,52180,AGENT,824.07,2510.33,MIA,817.5370294995955,0,1,10.0
1.1,52180,AGENT,824.759,2510.35,MIA,817.5370294995955,0,1,10.0
1.2,52180,AGENT,825.448,2510.38,MIA,817.5370294995955,0,1,10.0
1.3,52180,AGENT,826.136,2510.4,MIA,817.5370294995955,0,1,10.0
1.4,52180,AGENT,826.824,2510.42,MIA,817.5370294995955,0,1,10.0
1.5,52180,AGENT,827.512,2510.44,MIA,817.5370294995955,0,1,10.0
1.6,52180,AGENT,828.2,2510.47,MIA,817.5370294995955,0,1,10.0
1.7,52180,AGENT,828.889,2510.49,MIA,817.5370294995955,0,1,10.0
1.8,52180,AGENT,829.578,2510.51,MIA,817.5370294995955,0,1,10.0
1.9,52180,AGENT,830.268,2510.53,MIA,817.5370294995955,0,1,10.0
2.0,52180,AGENT,830.957,2510.56,MIA,817.5370294995955,0,1,10.0
2.1,52180,AGENT,831.644,2510.58,MIA,817.5370294995955,0,1,10.0
2.2,52180,AGENT,832.325,2510.6,MIA,817.5370294995955,0,1,10.0
2.3,52180,AGENT,832.997,2510.62,MIA,817.5370294995955,0,1,10.0
2.4,52180,AGENT,833.659,2510.65,MIA,817.5370294995955,0,1,10.0
2.5,52180,AGENT,834.312,2510.67,MIA,817.5370294995955,0,1,10.0
2.6,52180,AGENT,834.955,2510.69,MIA,817.5370294995955,0,1,10.0
2.7,52180,AGENT,835.588,2510.71,MIA,817.5370294995955,0,1,10.0
2.8,52180,AGENT,836.212,2510.73,MIA,817.5370294995955,0,1,10.0
2.9,52180,AGENT,836.827,2510.75,MIA,817.5370294995955,0,1,10.0
3.0,52180,AGENT,837.437,2510.77,MIA,817.5370294995955,0,1,10.0
3.1,52180,AGENT,838.048,2510.79,MIA,817.5370294995955,0,1,10.0
3.2,52180,AGENT,838.66,2510.81,MIA,817.5370294995955,0,1,10.0
3.3,52180,AGENT,839.273,2510.83,MIA,817.5370294995955,0,1,10.0
3.4,52180,AGENT,839.886,2510.85,MIA,817.5370294995955,0,1,10.0
3.5,52180,AGENT,840.499,2510.87,MIA,817.5370294995955,0,1,10.0
3.6,52180,AGENT,841.116,2510.9,MIA,817.5370294995955,0,1,10.0
3.7,52180,AGENT,841.744,2510.92,MIA,817.5370294995955,0,1,10.0
3.8,52180,AGENT,842.377,2510.95,MIA,817.5370294995955,0,1,10.0
3.9,52180,AGENT,843.011,2510.97,MIA,817.5370294995955,0,1,10.0
4.0,52180,AGENT,843.647,2511.0,MIA,817.5370294995955,0,1,10.0
4.1,52180,AGENT,844.283,2511.03,MIA,817.5370294995955,0,1,10.0
4.2,52180,AGENT,844.92,2511.06,MIA,817.5370294995955,0,1,10.0
4.3,52180,AGENT,845.559,2511.09,MIA,817.5370294995955,0,1,10.0
4.4,52180,AGENT,846.198,2511.12,MIA,817.5370294995955,0,1,10.0
4.5,52180,AGENT,846.845,2511.15,MIA,817.5370294995955,0,1,10.0
4.6,52180,AGENT,847.503,2511.19,MIA,817.5370294995955,0,1,10.0
4.7,52180,AGENT,848.167,2511.22,MIA,817.5370294995955,0,1,10.0
4.8,52180,AGENT,848.833,2511.26,MIA,817.5370294995955,0,1,10.0
4.9,52180,AGENT,849.501,2511.3,MIA,817.5370294995955,0,1,10.0
