TIMESTAMP,TRACK_ID,OBJECT_TYPE,X,Y,CITY_NAME,REF_xmin,AUGMENT_TYPE,AUGMENT_DIRECTION,ATTACK_POWER_TYPE
30.0,52180,AGENT,4169.78,2281.08,PIT,4004.5356768181664,1,0,3.0
30.1,52180,AGENT,4170.32,2281.16,PIT,4004.5356768181664,1,0,3.0
30.2,52180,AGENT,4170.86,2281.24,PIT,4004.5356768181664,1,0,3.0
30.3,52180,AGENT,4171.41,2281.31,PIT,4004.5356768181664,1,0,3.0
30.4,52180,AGENT,4171.95,2281.39,PIT,4004.5356768181664,1,0,3.0
30.5,52180,AGENT,4172.49,2281.47,PIT,4004.5356768181664,1,0,3.0
30.6,52180,AGENT,4173.03,2281.55,PIT,4004.5356768181664,1,0,3.0
30.7,52180,AGENT,4173.57,2281.62,PIT,4004.5356768181664,1,0,3.0
30.8,52180,AGENT,4174.12,2281.7,PIT,4004.5356768181664,1,0,3.0
30.9,52180,AGENT,4174.66,2281.78,PIT,4004.5356768181664,1,0,3.0
31.0,52180,AGENT,4175.2,2281.86,PIT,4004.5356768181664,1,0,3.0
31.1,52180,AGENT,4175.74,2281.93,PIT,4004.5356768181664,1,0,3.0
31.2,52180,AGENT,4176.29,2282.01,PIT,4004.5356768181664,1,0,3.0
31.3,52180,AGENT,4176.83,2282.09,PIT,4004.5356768181664,1,0,3.0
31.4,52180,AGENT,4177.37,2282.16,PIT,4004.5356768181664,1,0,3.0
31.5,52180,AGENT,4177.91,2282.24,PIT,4004.5356768181664,1,0,3.0
31.6,52180,AGENT,4178.46,2282.32,PIT,4004.5356768181664,1,0,3.0
31.7,52180,AGENT,4179.0,2282.4,PIT,4004.5356768181664,1,0,3.0
31.8,52180,AGENT,4179.54,2282.47,PIT,4004.5356768181664,1,0,3.0
31.9,52180,AGENT,4180.08,2282.55,PIT,4004.5356768181664,1,0,3.0
32.0,52180,AGENT,4180.62,2282.63,PIT,4004.5356768181664,1,0,3.0
32.1,52180,AGENT,4181.17,2282.7,PIT,4004.5356768181664,1,0,3.0
32.2,52180,AGENT,4181.71,2282.78,PIT,4004.5356768181664,1,0,3.0
32.3,52180,AGENT,4182.25,2282.86,PIT,4004.5356768181664,1,0,3.0
32.4,52180,AGENT,4182.79,2282.93,PIT,4004.5356768181664,1,0,3.0
32.5,52180,AGENT,4183.34,2283.01,PIT,4004.5356768181664,1,0,3.0
32.6,52180,AGENT,4183.88,2283.09,PIT,4004.5356768181664,1,0,3.0
32.7,52180,AGENT,4184.42,2283.17,PIT,4004.5356768181664,1,0,3.0
32.8,52180,AGENT,4184.96,2283.24,PIT,4004.5356768181664,1,0,3.0
32.9,52180,AGENT,4185.51,2283.32,PIT,4004.5356768181664,1,0,3.0
33.0,52180,AGENT,4186.05,2283.4,PIT,4004.5356768181664,1,0,3.0
33.1,52180,AGENT,4186.59,2283.47,PIT,4004.5356768181664,1,0,3.0
33.2,52180,AGENT,4187.13,2283.55,PIT,4004.5356768181664,1,0,3.0
33.3,52180,AGENT,4187.67,2283.63,PIT,4004.5356768181664,1,0,3.0
33.4,52180,AGENT,4188.22,2283.71,PIT,4004.5356768181664,1,0,3.0
33.5,52180,AGENT,4188.76,2283.78,PIT,4004.5356768181664,1,0,3.0
33.6,52180,AGENT,4189.3,2283.86,PIT,4004.5356768181664,1,0,3.0
33.7,52180,AGENT,4189.84,2283.94,PIT,4004.5356768181664,1,0,3.0
33.8,52180,AGENT,4190.39,2284.01,PIT,4004.5356768181664,1,0,3.0
33.9,52180,AGENT,4190.93,2284.09,PIT,4004.5356768181664,1,0,3.0
34.0,52180,AGENT,4191.47,2284.17,PIT,4004.5356768181664,1,0,3.0
34.1,52180,AGENT,4192.01,2284.25,PIT,4004.5356768181664,1,0,3.0
34.2,52180,AGENT,4192.56,2284.32,PIT,4004.5356768181664,1,0,3.0
34.3,52180,AGENT,4193.1,2284.4,PIT,4004.5356768181664,1,0,3.0
34.4,52180,AGENT,4193.64,2284.48,PIT,4004.5356768181664,1,0,3.0
34.5,52180,AGENT,4194.18,2284.55,PIT,4004.5356768181664,1,0,3.0
34.6,52180,AGENT,4194.72,2284.63,PIT,4004.5356768181664,1,0,3.0
34.7,52180,AGENT,4195.27,2284.71,PIT,4004.5356768181664,1,0,3.0
34.8,52180,AGENT,4195.81,2284.79,PIT,4004.5356768181664,1,0,3.0
34.9,52180,AGENT,4196.35,2284.86,PIT,4004.5356768181664,1,0,3.0
