TIMESTAMP,TRACK_ID,OBJECT_TYPE,X,Y,CITY_NAME,REF_xmin,AUGMENT_TYPE,AUGMENT_DIRECTION,ATTACK_POWER_TYPE
26.0,52180,AGENT,-397.316,3096.83,MIA,-450.0,0,1,4.0
26.1,52180,AGENT,-398.082,3096.99,MIA,-450.0,0,1,4.0
26.2,52180,AGENT,-398.849,3097.14,MIA,-450.0,0,1,4.0
26.3,52180,AGENT,-399.617,3097.29,MIA,-450.0,0,1,4.0
26.4,52180,AGENT,-400.385,3097.42,MIA,-450.0,0,1,4.0
26.5,52180,AGENT,-401.154,3097.53,MIA,-450.0,0,1,4.0
26.6,52180,AGENT,-401.924,3097.64,MIA,-450.0,0,1,4.0
26.7,52180,AGENT,-402.699,3097.73,MIA,-450.0,0,1,4.0
26.8,52180,AGENT,-403.484,3097.81,MIA,-450.0,0,1,4.0
26.9,52180,AGENT,-404.279,3097.88,MIA,-450.0,0,1,4.0
27.0,52180,AGENT,-405.083,3097.94,MIA,-450.0,0,1,4.0
27.1,52180,AGENT,-405.893,3097.99,MIA,-450.0,0,1,4.0
27.2,52180,AGENT,-406.702,3098.03,MIA,-450.0,0,1,4.0
27.3,52180,AGENT,-407.512,3098.06,MIA,-450.0,0,1,4.0
27.4,52180,AGENT,-408.321,3098.08,MIA,-450.0,0,1,4.0
27.5,52180,AGENT,-409.13,3098.09,MIA,-450.0,0,1,4.0
27.6,52180,AGENT,-409.939,3098.1,MIA,-450.0,0,1,4.0
27.7,52180,AGENT,-410.748,3098.1,MIA,-450.0,0,1,4.0
27.8,52180,AGENT,-411.557,3098.09,MIA,-450.0,0,1,4.0
27.9,52180,AGENT,-412.365,3098.08,MIA,-450.0,0,1,4.0
28.0,52180,AGENT,-413.174,3098.06,MIA,-450.0,0,1,4.0
28.1,52180,AGENT,-413.982,3098.04,MIA,-450.0,0,1,4.0
28.2,52180,AGENT,-414.79,3098.01,MIA,-450.0,0,1,4.0
28.3,52180,AGENT,-415.598,3097.98,MIA,-450.0,0,1,4.0
28.4,52180,AGENT,-416.405,3097.95,MIA,-450.0,0,1,4.0
28.5,52180,AGENT,-417.213,3097.92,MIA,-450.0,0,1,4.0
28.6,52180,AGENT,-418.02,3097.88,MIA,-450.0,0,1,4.0
28.7,52180,AGENT,-418.828,3097.84,MIA,-450.0,0,1,4.0
28.8,52180,AGENT,-419.635,3097.8,MIA,-450.0,0,1,4.0
28.9,52180,AGENT,-420.442,3097.76,MIA,-450.0,0,1,4.0
29.0,52180,AGENT,-421.249,3097.72,MIA,-450.0,0,1,4.0
29.1,52180,AGENT,-422.056,3097.68,MIA,-450.0,0,1,4.0
29.2,52180,AGENT,-422.863,3097.64,MIA,-450.0,0,1,4.0
29.3,52180,AGENT,-423.67,3097.6,MIA,-450.0,0,1,4.0
29.4,52180,AGENT,-424.477,3097.55,MIA,-450.0,0,1,4.0
29.5,52180,AGENT,-425.284,3097.51,MIA,-450.0,0,1,4.0
29.6,52180,AGENT,-426.091,3097.47,MIA,-450.0,0,1,4.0
29.7,52180,AGENT,-426.898,3097.43,MIA,-450.0,0,1,4.0
29.8,52180,AGENT,-427.705,3097.39,MIA,-450.0,0,1,4.0
29.9,52180,AGENT,-428.512,3097.34,MIA,-450.0,0,1,4.0
30.0,52180,AGENT,-429.319,3097.3,MIA,-450.0,0,1,4.0
30.1,52180,AGENT,-430.126,3097.26,MIA,-450.0,0,1,4.0
30.2,52180,AGENT,-430.933,3097.22,MIA,-450.0,0,1,4.0
30.3,52180,AGENT,-431.741,3097.19,MIA,-450.0,0,1,4.0
30.4,52180,AGENT,-432.548,3097.15,MIA,-450.0,0,1,4.0
30.5,52180,AGENT,-433.355,3097.11,MIA,-450.0,0,1,4.0
30.6,52180,AGENT,-434.162,3097.07,MIA,-450.0,0,1,4.0
30.7,52180,AGENT,-434.969,3097.04,MIA,-450.0,0,1,4.0
30.8,52180,AGENT,-435.777,3097.0,MIA,-450.0,0,1,4.0
30.9,52180,AGENT,-436.584,3096.97,MIA,-450.0,0,1,4.0
