TIMESTAMP,TRACK_ID,OBJECT_TYPE,X,Y,CITY_NAME,REF_xmin,AUGMENT_TYPE,AUGMENT_DIRECTION,ATTACK_POWER_TYPE
18.0,52180,AGENT,1755.54,658.174,PIT,1734.3802825033054,0,1,1.0
18.1,52180,AGENT,1755.2,658.543,PIT,1734.3802825033054,0,1,1.0
18.2,52180,AGENT,1754.86,658.912,PIT,1734.3802825033054,0,1,1.0
18.3,52180,AGENT,1754.52,659.281,PIT,1734.3802825033054,0,1,1.0
18.4,52180,AGENT,1754.18,659.65,PIT,1734.3802825033054,0,1,1.0
18.5,52180,AGENT,1753.85,660.019,PIT,1734.3802825033054,0,1,1.0
18.6,52180,AGENT,1753.51,660.388,PIT,1734.3802825033054,0,1,1.0
18.7,52180,AGENT,1753.17,660.758,PIT,1734.3802825033054,0,1,1.0
18.8,52180,AGENT,1752.83,661.127,PIT,1734.3802825033054,0,1,1.0
18.9,52180,AGENT,1752.49,661.496,PIT,1734.3802825033054,0,1,1.0
19.0,52180,AGENT,1752.15,661.865,PIT,1734.3802825033054,0,1,1.0
19.1,52180,AGENT,1751.82,662.235,PIT,1734.3802825033054,0,1,1.0
19.2,52180,AGENT,1751.48,662.604,PIT,1734.3802825033054,0,1,1.0
19.3,52180,AGENT,1751.14,662.975,PIT,1734.3802825033054,0,1,1.0
19.4,52180,AGENT,1750.8,663.346,PIT,1734.3802825033054,0,1,1.0
19.5,52180,AGENT,1750.46,663.717,PIT,1734.3802825033054,0,1,1.0
19.6,52180,AGENT,1750.13,664.086,PIT,1734.3802825033054,0,1,1.0
19.7,52180,AGENT,1749.79,664.455,PIT,1734.3802825033054,0,1,1.0
19.8,52180,AGENT,1749.46,664.819,PIT,1734.3802825033054,0,1,1.0
19.9,52180,AGENT,1749.13,665.179,PIT,1734.3802825033054,0,1,1.0
20.0,52180,AGENT,1748.81,665.535,PIT,1734.3802825033054,0,1,1.0
20.1,52180,AGENT,1748.5,665.884,PIT,1734.3802825033054,0,1,1.0
20.2,52180,AGENT,1748.19,666.229,PIT,1734.3802825033054,0,1,1.0
20.3,52180,AGENT,1747.88,666.57,PIT,1734.3802825033054,0,1,1.0
20.4,52180,AGENT,1747.58,666.905,PIT,1734.3802825033054,0,1,1.0
20.5,52180,AGENT,1747.28,667.235,PIT,1734.3802825033054,0,1,1.0
20.6,52180,AGENT,1746.99,667.565,PIT,1734.3802825033054,0,1,1.0
20.7,52180,AGENT,1746.7,667.89,PIT,1734.3802825033054,0,1,1.0
20.8,52180,AGENT,1746.41,668.212,PIT,1734.3802825033054,0,1,1.0
20.9,52180,AGENT,1746.13,668.53,PIT,1734.3802825033054,0,1,1.0
21.0,52180,AGENT,1745.85,668.844,PIT,1734.3802825033054,0,1,1.0
21.1,52180,AGENT,1745.58,669.157,PIT,1734.3802825033054,0,1,1.0
21.2,52180,AGENT,1745.31,669.468,PIT,1734.3802825033054,0,1,1.0
21.3,52180,AGENT,1745.03,669.78,PIT,1734.3802825033054,0,1,1.0
21.4,52180,AGENT,1744.76,670.092,PIT,1734.3802825033054,0,1,1.0
21.5,52180,AGENT,1744.49,670.405,PIT,1734.3802825033054,0,1,1.0
21.6,52180,AGENT,1744.21,670.719,PIT,1734.3802825033054,0,1,1.0
21.7,52180,AGENT,1743.94,671.034,PIT,1734.3802825033054,0,1,1.0
21.8,52180,AGENT,1743.67,671.349,PIT,1734.3802825033054,0,1,1.0
21.9,52180,AGENT,1743.39,671.666,PIT,1734.3802825033054,0,1,1.0
22.0,52180,AGENT,1743.12,671.983,PIT,1734.3802825033054,0,1,1.0
22.1,52180,AGENT,1742.84,672.302,PIT,1734.3802825033054,0,1,1.0
22.2,52180,AGENT,1742.56,672.621,PIT,1734.3802825033054,0,1,1.0
22.3,52180,AGENT,1742.29,672.942,PIT,1734.3802825033054,0,1,1.0
22.4,52180,AGENT,1742.01,673.264,PIT,1734.3802825033054,0,1,1.0
22.5,52180,AGENT,1741.73,673.587,PIT,1734.3802825033054,0,1,1.0
22.6,52180,AGENT,1741.45,673.912,PIT,1734.3802825033054,0,1,1.0
22.7,52180,AGENT,1741.17,674.239,PIT,1734.3802825033054,0,1,1.0
22.8,52180,AGENT,1740.89,674.567,PIT,1734.3802825033054,0,1,1.0
22.9,52180,AGENT,1740.61,674.894,PIT,1734.3802825033054,0,1,1.0
