TIMESTAMP,TRACK_ID,OBJECT_TYPE,X,Y,CITY_NAME,REF_xmin,AUGMENT_TYPE,AUGMENT_DIRECTION,ATTACK_POWER_TYPE
4.0,52180,AGENT,3320.36,1867.95,PIT,3266.710169803442,0,1,4.0
4.1,52180,AGENT,3319.6,1867.45,PIT,3266.710169803442,0,1,4.0
4.2,52180,AGENT,3318.84,1866.94,PIT,3266.710169803442,0,1,4.0
4.3,52180,AGENT,3318.07,1866.41,PIT,3266.710169803442,0,1,4.0
4.4,52180,AGENT,3317.31,1865.87,PIT,3266.710169803442,0,1,4.0
4.5,52180,AGENT,3316.54,1865.32,PIT,3266.710169803442,0,1,4.0
4.6,52180,AGENT,3315.77,1864.75,PIT,3266.710169803442,0,1,4.0
4.7,52180,AGENT,3314.99,1864.17,PIT,3266.710169803442,0,1,4.0
4.8,52180,AGENT,3314.21,1863.57,PIT,3266.710169803442,0,1,4.0
4.9,52180,AGENT,3313.43,1862.96,PIT,3266.710169803442,0,1,4.0
5.0,52180,AGENT,3312.65,1862.33,PIT,3266.710169803442,0,1,4.0
5.1,52180,AGENT,3311.86,1861.7,PIT,3266.710169803442,0,1,4.0
5.2,52180,AGENT,3311.07,1861.05,PIT,3266.710169803442,0,1,4.0
5.3,52180,AGENT,3310.29,1860.39,PIT,3266.710169803442,0,1,4.0
5.4,52180,AGENT,3309.5,1859.73,PIT,3266.710169803442,0,1,4.0
5.5,52180,AGENT,3308.73,1859.07,PIT,3266.710169803442,0,1,4.0
5.6,52180,AGENT,3307.95,1858.4,PIT,3266.710169803442,0,1,4.0
5.7,52180,AGENT,3307.18,1857.73,PIT,3266.710169803442,0,1,4.0
5.8,52180,AGENT,3306.41,1857.05,PIT,3266.710169803442,0,1,4.0
5.9,52180,AGENT,3305.63,1856.36,PIT,3266.710169803442,0,1,4.0
6.0,52180,AGENT,3304.84,1855.67,PIT,3266.710169803442,0,1,4.0
6.1,52180,AGENT,3304.05,1854.96,PIT,3266.710169803442,0,1,4.0
6.2,52180,AGENT,3303.26,1854.25,PIT,3266.710169803442,0,1,4.0
6.3,52180,AGENT,3302.47,1853.54,PIT,3266.710169803442,0,1,4.0
6.4,52180,AGENT,3301.68,1852.83,PIT,3266.710169803442,0,1,4.0
6.5,52180,AGENT,3300.89,1852.12,PIT,3266.710169803442,0,1,4.0
6.6,52180,AGENT,3300.11,1851.41,PIT,3266.710169803442,0,1,4.0
6.7,52180,AGENT,3299.33,1850.7,PIT,3266.710169803442,0,1,4.0
6.8,52180,AGENT,3298.55,1849.99,PIT,3266.710169803442,0,1,4.0
6.9,52180,AGENT,3297.79,1849.29,PIT,3266.710169803442,0,1,4.0
7.0,52180,AGENT,3297.04,1848.61,PIT,3266.710169803442,0,1,4.0
7.1,52180,AGENT,3296.31,1847.93,PIT,3266.710169803442,0,1,4.0
7.2,52180,AGENT,3295.58,1847.26,PIT,3266.710169803442,0,1,4.0
7.3,52180,AGENT,3294.85,1846.59,PIT,3266.710169803442,0,1,4.0
7.4,52180,AGENT,3294.11,1845.91,PIT,3266.710169803442,0,1,4.0
7.5,52180,AGENT,3293.34,1845.23,PIT,3266.710169803442,0,1,4.0
7.6,52180,AGENT,3292.57,1844.54,PIT,3266.710169803442,0,1,4.0
7.7,52180,AGENT,3291.79,1843.85,PIT,3266.710169803442,0,1,4.0
7.8,52180,AGENT,3291.0,1843.16,PIT,3266.710169803442,0,1,4.0
7.9,52180,AGENT,3290.22,1842.48,PIT,3266.710169803442,0,1,4.0
8.0,52180,AGENT,3289.43,1841.79,PIT,3266.710169803442,0,1,4.0
8.1,52180,AGENT,3288.65,1841.12,PIT,3266.710169803442,0,1,4.0
8.2,52180,AGENT,3287.88,1840.44,PIT,3266.710169803442,0,1,4.0
8.3,52180,AGENT,3287.12,1839.78,PIT,3266.710169803442,0,1,4.0
8.4,52180,AGENT,3286.37,1839.11,PIT,3266.710169803442,0,1,4.0
8.5,52180,AGENT,3285.64,1838.46,PIT,3266.710169803442,0,1,4.0
8.6,52180,AGENT,3284.9,1837.8,PIT,3266.710169803442,0,1,4.0
8.7,52180,AGENT,3284.15,1837.13,PIT,3266.710169803442,0,1,4.0
8.8,52180,AGENT,3283.39,1836.46,PIT,3266.710169803442,0,1,4.0
8.9,52180,AGENT,3282.63,1835.77,PIT,3266.710169803442,0,1,4.0
