TIMESTAMP,TRACK_ID,OBJECT_TYPE,X,Y,CITY_NAME,REF_xmin,AUGMENT_TYPE,AUGMENT_DIRECTION,ATTACK_POWER_TYPE
12.0,52180,AGENT,776.935,561.4,MIA,738.3563449120265,0,1,2.0
12.1,52180,AGENT,777.458,561.091,MIA,738.3563449120265,0,1,2.0
12.2,52180,AGENT,777.998,560.791,MIA,738.3563449120265,0,1,2.0
12.3,52180,AGENT,778.549,560.503,MIA,738.3563449120265,0,1,2.0
12.4,52180,AGENT,779.106,560.227,MIA,738.3563449120265,0,1,2.0
12.5,52180,AGENT,779.67,559.963,MIA,738.3563449120265,0,1,2.0
12.6,52180,AGENT,780.239,559.71,MIA,738.3563449120265,0,1,2.0
12.7,52180,AGENT,780.813,559.47,MIA,738.3563449120265,0,1,2.0
12.8,52180,AGENT,781.392,559.241,MIA,738.3563449120265,0,1,2.0
12.9,52180,AGENT,781.976,559.023,MIA,738.3563449120265,0,1,2.0
13.0,52180,AGENT,782.563,558.817,MIA,738.3563449120265,0,1,2.0
13.1,52180,AGENT,783.155,558.622,MIA,738.3563449120265,0,1,2.0
13.2,52180,AGENT,783.75,558.44,MIA,738.3563449120265,0,1,2.0
13.3,52180,AGENT,784.348,558.268,MIA,738.3563449120265,0,1,2.0
13.4,52180,AGENT,784.949,558.108,MIA,738.3563449120265,0,1,2.0
13.5,52180,AGENT,785.551,557.96,MIA,738.3563449120265,0,1,2.0
13.6,52180,AGENT,786.155,557.824,MIA,738.3563449120265,0,1,2.0
13.7,52180,AGENT,786.761,557.701,MIA,738.3563449120265,0,1,2.0
13.8,52180,AGENT,787.367,557.59,MIA,738.3563449120265,0,1,2.0
13.9,52180,AGENT,787.974,557.493,MIA,738.3563449120265,0,1,2.0
14.0,52180,AGENT,788.584,557.411,MIA,738.3563449120265,0,1,2.0
14.1,52180,AGENT,789.196,557.344,MIA,738.3563449120265,0,1,2.0
14.2,52180,AGENT,789.808,557.293,MIA,738.3563449120265,0,1,2.0
14.3,52180,AGENT,790.422,557.258,MIA,738.3563449120265,0,1,2.0
14.4,52180,AGENT,791.035,557.238,MIA,738.3563449120265,0,1,2.0
14.5,52180,AGENT,791.647,557.236,MIA,738.3563449120265,0,1,2.0
14.6,52180,AGENT,792.258,557.25,MIA,738.3563449120265,0,1,2.0
14.7,52180,AGENT,792.868,557.28,MIA,738.3563449120265,0,1,2.0
14.8,52180,AGENT,793.475,557.328,MIA,738.3563449120265,0,1,2.0
14.9,52180,AGENT,794.079,557.393,MIA,738.3563449120265,0,1,2.0
15.0,52180,AGENT,794.68,557.474,MIA,738.3563449120265,0,1,2.0
15.1,52180,AGENT,795.277,557.572,MIA,738.3563449120265,0,1,2.0
15.2,52180,AGENT,795.87,557.687,MIA,738.3563449120265,0,1,2.0
15.3,52180,AGENT,796.458,557.818,MIA,738.3563449120265,0,1,2.0
15.4,52180,AGENT,797.046,557.969,MIA,738.3563449120265,0,1,2.0
15.5,52180,AGENT,797.636,558.141,MIA,738.3563449120265,0,1,2.0
15.6,52180,AGENT,798.228,558.336,MIA,738.3563449120265,0,1,2.0
15.7,52180,AGENT,798.822,558.552,MIA,738.3563449120265,0,1,2.0
15.8,52180,AGENT,799.418,558.788,MIA,738.3563449120265,0,1,2.0
15.9,52180,AGENT,800.014,559.044,MIA,738.3563449120265,0,1,2.0
16.0,52180,AGENT,800.613,559.321,MIA,738.3563449120265,0,1,2.0
16.1,52180,AGENT,801.211,559.617,MIA,738.3563449120265,0,1,2.0
16.2,52180,AGENT,801.81,559.929,MIA,738.3563449120265,0,1,2.0
16.3,52180,AGENT,802.408,560.259,MIA,738.3563449120265,0,1,2.0
16.4,52180,AGENT,803.008,560.606,MIA,738.3563449120265,0,1,2.0
16.5,52180,AGENT,803.609,560.97,MIA,738.3563449120265,0,1,2.0
16.6,52180,AGENT,804.213,561.35,MIA,738.3563449120265,0,1,2.0
16.7,52180,AGENT,804.82,561.747,MIA,738.3563449120265,0,1,2.0
16.8,52180,AGENT,805.429,562.158,MIA,738.3563449120265,0,1,2.0
16.9,52180,AGENT,806.042,562.583,MIA,738.3563449120265,0,1,2.0
