TIMESTAMP,TRACK_ID,OBJECT_TYPE,X,Y,CITY_NAME,REF_xmin,AUGMENT_TYPE,AUGMENT_DIRECTION,ATTACK_POWER_TYPE
10.0,52180,AGENT,4228.73,2320.7,PIT,4128.9673384324415,0,0,5.0
10.1,52180,AGENT,4227.96,2320.21,PIT,4128.9673384324415,0,0,5.0
10.2,52180,AGENT,4227.19,2319.71,PIT,4128.9673384324415,0,0,5.0
10.3,52180,AGENT,4226.42,2319.22,PIT,4128.9673384324415,0,0,5.0
10.4,52180,AGENT,4225.65,2318.72,PIT,4128.9673384324415,0,0,5.0
10.5,52180,AGENT,4224.88,2318.23,PIT,4128.9673384324415,0,0,5.0
10.6,52180,AGENT,4224.11,2317.73,PIT,4128.9673384324415,0,0,5.0
10.7,52180,AGENT,4223.34,2317.24,PIT,4128.9673384324415,0,0,5.0
10.8,52180,AGENT,4222.56,2316.74,PIT,4128.9673384324415,0,0,5.0
10.9,52180,AGENT,4221.79,2316.25,PIT,4128.9673384324415,0,0,5.0
11.0,52180,AGENT,4221.02,2315.75,PIT,4128.9673384324415,0,0,5.0
11.1,52180,AGENT,4220.25,2315.26,PIT,4128.9673384324415,0,0,5.0
11.2,52180,AGENT,4219.48,2314.77,PIT,4128.9673384324415,0,0,5.0
11.3,52180,AGENT,4218.72,2314.28,PIT,4128.9673384324415,0,0,5.0
11.4,52180,AGENT,4217.97,2313.8,PIT,4128.9673384324415,0,0,5.0
11.5,52180,AGENT,4217.23,2313.32,PIT,4128.9673384324415,0,0,5.0
11.6,52180,AGENT,4216.49,2312.85,PIT,4128.9673384324415,0,0,5.0
11.7,52180,AGENT,4215.77,2312.39,PIT,4128.9673384324415,0,0,5.0
11.8,52180,AGENT,4215.04,2311.93,PIT,4128.9673384324415,0,0,5.0
11.9,52180,AGENT,4214.32,2311.47,PIT,4128.9673384324415,0,0,5.0
12.0,52180,AGENT,4213.59,2311.0,PIT,4128.9673384324415,0,0,5.0
12.1,52180,AGENT,4212.87,2310.54,PIT,4128.9673384324415,0,0,5.0
12.2,52180,AGENT,4212.14,2310.08,PIT,4128.9673384324415,0,0,5.0
12.3,52180,AGENT,4211.42,2309.62,PIT,4128.9673384324415,0,0,5.0
12.4,52180,AGENT,4210.69,2309.16,PIT,4128.9673384324415,0,0,5.0
12.5,52180,AGENT,4209.97,2308.69,PIT,4128.9673384324415,0,0,5.0
12.6,52180,AGENT,4209.24,2308.23,PIT,4128.9673384324415,0,0,5.0
12.7,52180,AGENT,4208.51,2307.76,PIT,4128.9673384324415,0,0,5.0
12.8,52180,AGENT,4207.79,2307.3,PIT,4128.9673384324415,0,0,5.0
12.9,52180,AGENT,4207.06,2306.83,PIT,4128.9673384324415,0,0,5.0
13.0,52180,AGENT,4206.33,2306.36,PIT,4128.9673384324415,0,0,5.0
13.1,52180,AGENT,4205.61,2305.89,PIT,4128.9673384324415,0,0,5.0
13.2,52180,AGENT,4204.88,2305.42,PIT,4128.9673384324415,0,0,5.0
13.3,52180,AGENT,4204.16,2304.94,PIT,4128.9673384324415,0,0,5.0
13.4,52180,AGENT,4203.44,2304.47,PIT,4128.9673384324415,0,0,5.0
13.5,52180,AGENT,4202.71,2303.99,PIT,4128.9673384324415,0,0,5.0
13.6,52180,AGENT,4201.99,2303.51,PIT,4128.9673384324415,0,0,5.0
13.7,52180,AGENT,4201.27,2303.03,PIT,4128.9673384324415,0,0,5.0
13.8,52180,AGENT,4200.55,2302.55,PIT,4128.9673384324415,0,0,5.0
13.9,52180,AGENT,4199.83,2302.06,PIT,4128.9673384324415,0,0,5.0
14.0,52180,AGENT,4199.11,2301.57,PIT,4128.9673384324415,0,0,5.0
14.1,52180,AGENT,4198.39,2301.08,PIT,4128.9673384324415,0,0,5.0
14.2,52180,AGENT,4197.68,2300.59,PIT,4128.9673384324415,0,0,5.0
14.3,52180,AGENT,4196.96,2300.1,PIT,4128.9673384324415,0,0,5.0
14.4,52180,AGENT,4196.24,2299.61,PIT,4128.9673384324415,0,0,5.0
14.5,52180,AGENT,4195.52,2299.12,PIT,4128.9673384324415,0,0,5.0
14.6,52180,AGENT,4194.8,2298.63,PIT,4128.9673384324415,0,0,5.0
14.7,52180,AGENT,4194.07,2298.14,PIT,4128.9673384324415,0,0,5.0
14.8,52180,AGENT,4193.35,2297.65,PIT,4128.9673384324415,0,0,5.0
14.9,52180,AGENT,4192.62,2297.17,PIT,4128.9673384324415,0,0,5.0
