TIMESTAMP,TRACK_ID,OBJECT_TYPE,X,Y,CITY_NAME,REF_xmin,AUGMENT_TYPE,AUGMENT_DIRECTION,ATTACK_POWER_TYPE
4.0,52180,AGENT,-151.018,794.705,MIA,-174.99583213881124,0,1,6.0
4.1,52180,AGENT,-150.458,794.699,MIA,-174.99583213881124,0,1,6.0
4.2,52180,AGENT,-149.897,794.692,MIA,-174.99583213881124,0,1,6.0
4.3,52180,AGENT,-149.335,794.685,MIA,-174.99583213881124,0,1,6.0
4.4,52180,AGENT,-148.767,794.679,MIA,-174.99583213881124,0,1,6.0
4.5,52180,AGENT,-148.19,794.674,MIA,-174.99583213881124,0,1,6.0
4.6,52180,AGENT,-147.606,794.67,MIA,-174.99583213881124,0,1,6.0
4.7,52180,AGENT,-147.022,794.667,MIA,-174.99583213881124,0,1,6.0
4.8,52180,AGENT,-146.438,794.665,MIA,-174.99583213881124,0,1,6.0
4.9,52180,AGENT,-145.853,794.664,MIA,-174.99583213881124,0,1,6.0
5.0,52180,AGENT,-145.267,794.664,MIA,-174.99583213881124,0,1,6.0
5.1,52180,AGENT,-144.682,794.666,MIA,-174.99583213881124,0,1,6.0
5.2,52180,AGENT,-144.099,794.668,MIA,-174.99583213881124,0,1,6.0
5.3,52180,AGENT,-143.522,794.671,MIA,-174.99583213881124,0,1,6.0
5.4,52180,AGENT,-142.955,794.674,MIA,-174.99583213881124,0,1,6.0
5.5,52180,AGENT,-142.386,794.68,MIA,-174.99583213881124,0,1,6.0
5.6,52180,AGENT,-141.807,794.689,MIA,-174.99583213881124,0,1,6.0
5.7,52180,AGENT,-141.222,794.702,MIA,-174.99583213881124,0,1,6.0
5.8,52180,AGENT,-140.636,794.716,MIA,-174.99583213881124,0,1,6.0
5.9,52180,AGENT,-140.05,794.734,MIA,-174.99583213881124,0,1,6.0
6.0,52180,AGENT,-139.465,794.754,MIA,-174.99583213881124,0,1,6.0
6.1,52180,AGENT,-138.882,794.776,MIA,-174.99583213881124,0,1,6.0
6.2,52180,AGENT,-138.305,794.8,MIA,-174.99583213881124,0,1,6.0
6.3,52180,AGENT,-137.734,794.825,MIA,-174.99583213881124,0,1,6.0
6.4,52180,AGENT,-137.165,794.852,MIA,-174.99583213881124,0,1,6.0
6.5,52180,AGENT,-136.598,794.879,MIA,-174.99583213881124,0,1,6.0
6.6,52180,AGENT,-136.033,794.907,MIA,-174.99583213881124,0,1,6.0
6.7,52180,AGENT,-135.47,794.934,MIA,-174.99583213881124,0,1,6.0
6.8,52180,AGENT,-134.906,794.96,MIA,-174.99583213881124,0,1,6.0
6.9,52180,AGENT,-134.343,794.984,MIA,-174.99583213881124,0,1,6.0
7.0,52180,AGENT,-133.78,795.005,MIA,-174.99583213881124,0,1,6.0
7.1,52180,AGENT,-133.218,795.023,MIA,-174.99583213881124,0,1,6.0
7.2,52180,AGENT,-132.662,795.038,MIA,-174.99583213881124,0,1,6.0
7.3,52180,AGENT,-132.117,795.05,MIA,-174.99583213881124,0,1,6.0
7.4,52180,AGENT,-131.577,795.059,MIA,-174.99583213881124,0,1,6.0
7.5,52180,AGENT,-131.037,795.06,MIA,-174.99583213881124,0,1,6.0
7.6,52180,AGENT,-130.498,795.052,MIA,-174.99583213881124,0,1,6.0
7.7,52180,AGENT,-129.958,795.035,MIA,-174.99583213881124,0,1,6.0
7.8,52180,AGENT,-129.418,795.008,MIA,-174.99583213881124,0,1,6.0
7.9,52180,AGENT,-128.878,794.971,MIA,-174.99583213881124,0,1,6.0
8.0,52180,AGENT,-128.339,794.922,MIA,-174.99583213881124,0,1,6.0
8.1,52180,AGENT,-127.801,794.862,MIA,-174.99583213881124,0,1,6.0
8.2,52180,AGENT,-127.264,794.79,MIA,-174.99583213881124,0,1,6.0
8.3,52180,AGENT,-126.728,794.705,MIA,-174.99583213881124,0,1,6.0
8.4,52180,AGENT,-126.194,794.609,MIA,-174.99583213881124,0,1,6.0
8.5,52180,AGENT,-125.661,794.5,MIA,-174.99583213881124,0,1,6.0
8.6,52180,AGENT,-125.129,794.38,MIA,-174.99583213881124,0,1,6.0
8.7,52180,AGENT,-124.6,794.248,MIA,-174.99583213881124,0,1,6.0
8.8,52180,AGENT,-124.073,794.105,MIA,-174.99583213881124,0,1,6.0
8.9,52180,AGENT,-123.544,793.949,MIA,-174.99583213881124,0,1,6.0
