TIMESTAMP,TRACK_ID,OBJECT_TYPE,X,Y,CITY_NAME,REF_xmin,AUGMENT_TYPE,AUGMENT_DIRECTION,ATTACK_POWER_TYPE
8.0,52180,AGENT,928.311,2378.54,MIA,908.3883472545422,0,1,8.0
8.1,52180,AGENT,928.342,2377.73,MIA,908.3883472545422,0,1,8.0
8.2,52180,AGENT,928.375,2376.93,MIA,908.3883472545422,0,1,8.0
8.3,52180,AGENT,928.409,2376.12,MIA,908.3883472545422,0,1,8.0
8.4,52180,AGENT,928.446,2375.32,MIA,908.3883472545422,0,1,8.0
8.5,52180,AGENT,928.483,2374.52,MIA,908.3883472545422,0,1,8.0
8.6,52180,AGENT,928.523,2373.71,MIA,908.3883472545422,0,1,8.0
8.7,52180,AGENT,928.565,2372.91,MIA,908.3883472545422,0,1,8.0
8.8,52180,AGENT,928.609,2372.11,MIA,908.3883472545422,0,1,8.0
8.9,52180,AGENT,928.654,2371.3,MIA,908.3883472545422,0,1,8.0
9.0,52180,AGENT,928.703,2370.5,MIA,908.3883472545422,0,1,8.0
9.1,52180,AGENT,928.754,2369.68,MIA,908.3883472545422,0,1,8.0
9.2,52180,AGENT,928.807,2368.87,MIA,908.3883472545422,0,1,8.0
9.3,52180,AGENT,928.862,2368.06,MIA,908.3883472545422,0,1,8.0
9.4,52180,AGENT,928.92,2367.25,MIA,908.3883472545422,0,1,8.0
9.5,52180,AGENT,928.979,2366.43,MIA,908.3883472545422,0,1,8.0
9.6,52180,AGENT,929.041,2365.62,MIA,908.3883472545422,0,1,8.0
9.7,52180,AGENT,929.105,2364.81,MIA,908.3883472545422,0,1,8.0
9.8,52180,AGENT,929.171,2364.0,MIA,908.3883472545422,0,1,8.0
9.9,52180,AGENT,929.24,2363.18,MIA,908.3883472545422,0,1,8.0
10.0,52180,AGENT,929.313,2362.35,MIA,908.3883472545422,0,1,8.0
10.1,52180,AGENT,929.389,2361.52,MIA,908.3883472545422,0,1,8.0
10.2,52180,AGENT,929.467,2360.69,MIA,908.3883472545422,0,1,8.0
10.3,52180,AGENT,929.547,2359.86,MIA,908.3883472545422,0,1,8.0
10.4,52180,AGENT,929.63,2359.03,MIA,908.3883472545422,0,1,8.0
10.5,52180,AGENT,929.714,2358.2,MIA,908.3883472545422,0,1,8.0
10.6,52180,AGENT,929.801,2357.37,MIA,908.3883472545422,0,1,8.0
10.7,52180,AGENT,929.889,2356.54,MIA,908.3883472545422,0,1,8.0
10.8,52180,AGENT,929.979,2355.72,MIA,908.3883472545422,0,1,8.0
10.9,52180,AGENT,930.071,2354.88,MIA,908.3883472545422,0,1,8.0
11.0,52180,AGENT,930.165,2354.04,MIA,908.3883472545422,0,1,8.0
11.1,52180,AGENT,930.262,2353.19,MIA,908.3883472545422,0,1,8.0
11.2,52180,AGENT,930.36,2352.34,MIA,908.3883472545422,0,1,8.0
11.3,52180,AGENT,930.459,2351.49,MIA,908.3883472545422,0,1,8.0
11.4,52180,AGENT,930.56,2350.63,MIA,908.3883472545422,0,1,8.0
11.5,52180,AGENT,930.66,2349.78,MIA,908.3883472545422,0,1,8.0
11.6,52180,AGENT,930.762,2348.93,MIA,908.3883472545422,0,1,8.0
11.7,52180,AGENT,930.862,2348.1,MIA,908.3883472545422,0,1,8.0
11.8,52180,AGENT,930.962,2347.27,MIA,908.3883472545422,0,1,8.0
11.9,52180,AGENT,931.062,2346.45,MIA,908.3883472545422,0,1,8.0
12.0,52180,AGENT,931.16,2345.64,MIA,908.3883472545422,0,1,8.0
12.1,52180,AGENT,931.258,2344.84,MIA,908.3883472545422,0,1,8.0
12.2,52180,AGENT,931.355,2344.05,MIA,908.3883472545422,0,1,8.0
12.3,52180,AGENT,931.451,2343.24,MIA,908.3883472545422,0,1,8.0
12.4,52180,AGENT,931.546,2342.43,MIA,908.3883472545422,0,1,8.0
12.5,52180,AGENT,931.639,2341.62,MIA,908.3883472545422,0,1,8.0
12.6,52180,AGENT,931.731,2340.81,MIA,908.3883472545422,0,1,8.0
12.7,52180,AGENT,931.821,2340.0,MIA,908.3883472545422,0,1,8.0
12.8,52180,AGENT,931.908,2339.21,MIA,908.3883472545422,0,1,8.0
12.9,52180,AGENT,931.993,2338.42,MIA,908.3883472545422,0,1,8.0
