TIMESTAMP,TRACK_ID,OBJECT_TYPE,X,Y,CITY_NAME,REF_xmin,AUGMENT_TYPE,AUGMENT_DIRECTION,ATTACK_POWER_TYPE
0.0,52180,AGENT,541.228,1541.62,MIA,500.90923313389067,1,0,9.0
0.1,52180,AGENT,540.629,1541.59,MIA,500.90923313389067,1,0,9.0
0.2,52180,AGENT,540.03,1541.57,MIA,500.90923313389067,1,0,9.0
0.3,52180,AGENT,539.431,1541.54,MIA,500.90923313389067,1,0,9.0
0.4,52180,AGENT,538.832,1541.52,MIA,500.90923313389067,1,0,9.0
0.5,52180,AGENT,538.233,1541.49,MIA,500.90923313389067,1,0,9.0
0.6,52180,AGENT,537.635,1541.47,MIA,500.90923313389067,1,0,9.0
0.7,52180,AGENT,537.036,1541.45,MIA,500.90923313389067,1,0,9.0
0.8,52180,AGENT,536.437,1541.42,MIA,500.90923313389067,1,0,9.0
0.9,52180,AGENT,535.838,1541.4,MIA,500.90923313389067,1,0,9.0
1.0,52180,AGENT,535.238,1541.37,MIA,500.90923313389067,1,0,9.0
1.1,52180,AGENT,534.638,1541.35,MIA,500.90923313389067,1,0,9.0
1.2,52180,AGENT,534.037,1541.32,MIA,500.90923313389067,1,0,9.0
1.3,52180,AGENT,533.436,1541.3,MIA,500.90923313389067,1,0,9.0
1.4,52180,AGENT,532.834,1541.27,MIA,500.90923313389067,1,0,9.0
1.5,52180,AGENT,532.231,1541.25,MIA,500.90923313389067,1,0,9.0
1.6,52180,AGENT,531.628,1541.22,MIA,500.90923313389067,1,0,9.0
1.7,52180,AGENT,531.027,1541.19,MIA,500.90923313389067,1,0,9.0
1.8,52180,AGENT,530.433,1541.17,MIA,500.90923313389067,1,0,9.0
1.9,52180,AGENT,529.847,1541.14,MIA,500.90923313389067,1,0,9.0
2.0,52180,AGENT,529.272,1541.12,MIA,500.90923313389067,1,0,9.0
2.1,52180,AGENT,528.705,1541.09,MIA,500.90923313389067,1,0,9.0
2.2,52180,AGENT,528.148,1541.07,MIA,500.90923313389067,1,0,9.0
2.3,52180,AGENT,527.595,1541.04,MIA,500.90923313389067,1,0,9.0
2.4,52180,AGENT,527.041,1541.02,MIA,500.90923313389067,1,0,9.0
2.5,52180,AGENT,526.486,1540.99,MIA,500.90923313389067,1,0,9.0
2.6,52180,AGENT,525.93,1540.96,MIA,500.90923313389067,1,0,9.0
2.7,52180,AGENT,525.373,1540.94,MIA,500.90923313389067,1,0,9.0
2.8,52180,AGENT,524.814,1540.91,MIA,500.90923313389067,1,0,9.0
2.9,52180,AGENT,524.253,1540.88,MIA,500.90923313389067,1,0,9.0
3.0,52180,AGENT,523.691,1540.85,MIA,500.90923313389067,1,0,9.0
3.1,52180,AGENT,523.127,1540.82,MIA,500.90923313389067,1,0,9.0
3.2,52180,AGENT,522.561,1540.79,MIA,500.90923313389067,1,0,9.0
3.3,52180,AGENT,521.992,1540.76,MIA,500.90923313389067,1,0,9.0
3.4,52180,AGENT,521.421,1540.72,MIA,500.90923313389067,1,0,9.0
3.5,52180,AGENT,520.847,1540.69,MIA,500.90923313389067,1,0,9.0
3.6,52180,AGENT,520.271,1540.65,MIA,500.90923313389067,1,0,9.0
3.7,52180,AGENT,519.692,1540.61,MIA,500.90923313389067,1,0,9.0
3.8,52180,AGENT,519.114,1540.57,MIA,500.90923313389067,1,0,9.0
3.9,52180,AGENT,518.535,1540.54,MIA,500.90923313389067,1,0,9.0
4.0,52180,AGENT,517.956,1540.5,MIA,500.90923313389067,1,0,9.0
4.1,52180,AGENT,517.376,1540.46,MIA,500.90923313389067,1,0,9.0
4.2,52180,AGENT,516.795,1540.42,MIA,500.90923313389067,1,0,9.0
4.3,52180,AGENT,516.213,1540.38,MIA,500.90923313389067,1,0,9.0
4.4,52180,AGENT,515.629,1540.35,MIA,500.90923313389067,1,0,9.0
4.5,52180,AGENT,515.044,1540.32,MIA,500.90923313389067,1,0,9.0
4.6,52180,AGENT,514.46,1540.29,MIA,500.90923313389067,1,0,9.0
4.7,52180,AGENT,513.877,1540.26,MIA,500.90923313389067,1,0,9.0
4.8,52180,AGENT,513.296,1540.25,MIA,500.90923313389067,1,0,9.0
4.9,52180,AGENT,512.716,1540.23,MIA,500.90923313389067,1,0,9.0
