TIMESTAMP,TRACK_ID,OBJECT_TYPE,X,Y,CITY_NAME,REF_xmin,AUGMENT_TYPE,AUGMENT_DIRECTION,ATTACK_POWER_TYPE
12.0,52180,AGENT,677.097,3287.3,MIA,600.0,1,1,8.0
12.1,52180,AGENT,677.738,3287.33,MIA,600.0,1,1,8.0
12.2,52180,AGENT,678.385,3287.36,MIA,600.0,1,1,8.0
12.3,52180,AGENT,679.034,3287.38,MIA,600.0,1,1,8.0
12.4,52180,AGENT,679.686,3287.4,MIA,600.0,1,1,8.0
12.5,52180,AGENT,680.338,3287.41,MIA,600.0,1,1,8.0
12.6,52180,AGENT,680.986,3287.41,MIA,600.0,1,1,8.0
12.7,52180,AGENT,681.625,3287.41,MIA,600.0,1,1,8.0
12.8,52180,AGENT,682.255,3287.4,MIA,600.0,1,1,8.0
12.9,52180,AGENT,682.876,3287.38,MIA,600.0,1,1,8.0
13.0,52180,AGENT,683.487,3287.35,MIA,600.0,1,1,8.0
13.1,52180,AGENT,684.088,3287.32,MIA,600.0,1,1,8.0
13.2,52180,AGENT,684.68,3287.27,MIA,600.0,1,1,8.0
13.3,52180,AGENT,685.267,3287.2,MIA,600.0,1,1,8.0
13.4,52180,AGENT,685.848,3287.11,MIA,600.0,1,1,8.0
13.5,52180,AGENT,686.422,3287.0,MIA,600.0,1,1,8.0
13.6,52180,AGENT,686.987,3286.87,MIA,600.0,1,1,8.0
13.7,52180,AGENT,687.543,3286.72,MIA,600.0,1,1,8.0
13.8,52180,AGENT,688.087,3286.55,MIA,600.0,1,1,8.0
13.9,52180,AGENT,688.619,3286.35,MIA,600.0,1,1,8.0
14.0,52180,AGENT,689.138,3286.14,MIA,600.0,1,1,8.0
14.1,52180,AGENT,689.642,3285.9,MIA,600.0,1,1,8.0
14.2,52180,AGENT,690.131,3285.65,MIA,600.0,1,1,8.0
14.3,52180,AGENT,690.604,3285.38,MIA,600.0,1,1,8.0
14.4,52180,AGENT,691.06,3285.08,MIA,600.0,1,1,8.0
14.5,52180,AGENT,691.502,3284.76,MIA,600.0,1,1,8.0
14.6,52180,AGENT,691.927,3284.42,MIA,600.0,1,1,8.0
14.7,52180,AGENT,692.335,3284.05,MIA,600.0,1,1,8.0
14.8,52180,AGENT,692.725,3283.66,MIA,600.0,1,1,8.0
14.9,52180,AGENT,693.098,3283.24,MIA,600.0,1,1,8.0
15.0,52180,AGENT,693.453,3282.8,MIA,600.0,1,1,8.0
15.1,52180,AGENT,693.79,3282.35,MIA,600.0,1,1,8.0
15.2,52180,AGENT,694.109,3281.87,MIA,600.0,1,1,8.0
15.3,52180,AGENT,694.411,3281.38,MIA,600.0,1,1,8.0
15.4,52180,AGENT,694.695,3280.87,MIA,600.0,1,1,8.0
15.5,52180,AGENT,694.962,3280.34,MIA,600.0,1,1,8.0
15.6,52180,AGENT,695.212,3279.8,MIA,600.0,1,1,8.0
15.7,52180,AGENT,695.446,3279.24,MIA,600.0,1,1,8.0
15.8,52180,AGENT,695.664,3278.66,MIA,600.0,1,1,8.0
15.9,52180,AGENT,695.867,3278.07,MIA,600.0,1,1,8.0
16.0,52180,AGENT,696.056,3277.47,MIA,600.0,1,1,8.0
16.1,52180,AGENT,696.232,3276.86,MIA,600.0,1,1,8.0
16.2,52180,AGENT,696.394,3276.23,MIA,600.0,1,1,8.0
16.3,52180,AGENT,696.545,3275.59,MIA,600.0,1,1,8.0
16.4,52180,AGENT,696.684,3274.94,MIA,600.0,1,1,8.0
16.5,52180,AGENT,696.814,3274.27,MIA,600.0,1,1,8.0
16.6,52180,AGENT,696.933,3273.6,MIA,600.0,1,1,8.0
16.7,52180,AGENT,697.044,3272.91,MIA,600.0,1,1,8.0
16.8,52180,AGENT,697.147,3272.21,MIA,600.0,1,1,8.0
16.9,52180,AGENT,697.242,3271.5,MIA,600.0,1,1,8.0
