TIMESTAMP,TRACK_ID,OBJECT_TYPE,X,Y,CITY_NAME,REF_xmin,AUGMENT_TYPE,AUGMENT_DIRECTION,ATTACK_POWER_TYPE
8.0,52180,AGENT,509.335,824.026,MIA,429.58618420405935,1,0,1.0
8.1,52180,AGENT,508.723,824.094,MIA,429.58618420405935,1,0,1.0
8.2,52180,AGENT,508.11,824.168,MIA,429.58618420405935,1,0,1.0
8.3,52180,AGENT,507.499,824.245,MIA,429.58618420405935,1,0,1.0
8.4,52180,AGENT,506.888,824.327,MIA,429.58618420405935,1,0,1.0
8.5,52180,AGENT,506.277,824.412,MIA,429.58618420405935,1,0,1.0
8.6,52180,AGENT,505.666,824.501,MIA,429.58618420405935,1,0,1.0
8.7,52180,AGENT,505.056,824.591,MIA,429.58618420405935,1,0,1.0
8.8,52180,AGENT,504.446,824.683,MIA,429.58618420405935,1,0,1.0
8.9,52180,AGENT,503.836,824.775,MIA,429.58618420405935,1,0,1.0
9.0,52180,AGENT,503.226,824.868,MIA,429.58618420405935,1,0,1.0
9.1,52180,AGENT,502.617,824.96,MIA,429.58618420405935,1,0,1.0
9.2,52180,AGENT,502.007,825.051,MIA,429.58618420405935,1,0,1.0
9.3,52180,AGENT,501.397,825.14,MIA,429.58618420405935,1,0,1.0
9.4,52180,AGENT,500.787,825.226,MIA,429.58618420405935,1,0,1.0
9.5,52180,AGENT,500.177,825.309,MIA,429.58618420405935,1,0,1.0
9.6,52180,AGENT,499.567,825.389,MIA,429.58618420405935,1,0,1.0
9.7,52180,AGENT,498.957,825.464,MIA,429.58618420405935,1,0,1.0
9.8,52180,AGENT,498.346,825.534,MIA,429.58618420405935,1,0,1.0
9.9,52180,AGENT,497.736,825.598,MIA,429.58618420405935,1,0,1.0
10.0,52180,AGENT,497.125,825.657,MIA,429.58618420405935,1,0,1.0
10.1,52180,AGENT,496.514,825.711,MIA,429.58618420405935,1,0,1.0
10.2,52180,AGENT,495.904,825.758,MIA,429.58618420405935,1,0,1.0
10.3,52180,AGENT,495.293,825.799,MIA,429.58618420405935,1,0,1.0
10.4,52180,AGENT,494.682,825.834,MIA,429.58618420405935,1,0,1.0
10.5,52180,AGENT,494.072,825.862,MIA,429.58618420405935,1,0,1.0
10.6,52180,AGENT,493.462,825.884,MIA,429.58618420405935,1,0,1.0
10.7,52180,AGENT,492.852,825.9,MIA,429.58618420405935,1,0,1.0
10.8,52180,AGENT,492.242,825.909,MIA,429.58618420405935,1,0,1.0
10.9,52180,AGENT,491.632,825.912,MIA,429.58618420405935,1,0,1.0
11.0,52180,AGENT,491.023,825.909,MIA,429.58618420405935,1,0,1.0
11.1,52180,AGENT,490.414,825.9,MIA,429.58618420405935,1,0,1.0
11.2,52180,AGENT,489.805,825.886,MIA,429.58618420405935,1,0,1.0
11.3,52180,AGENT,489.197,825.867,MIA,429.58618420405935,1,0,1.0
11.4,52180,AGENT,488.589,825.843,MIA,429.58618420405935,1,0,1.0
11.5,52180,AGENT,487.981,825.815,MIA,429.58618420405935,1,0,1.0
11.6,52180,AGENT,487.373,825.782,MIA,429.58618420405935,1,0,1.0
11.7,52180,AGENT,486.766,825.746,MIA,429.58618420405935,1,0,1.0
11.8,52180,AGENT,486.159,825.707,MIA,429.58618420405935,1,0,1.0
11.9,52180,AGENT,485.553,825.665,MIA,429.58618420405935,1,0,1.0
12.0,52180,AGENT,484.946,825.62,MIA,429.58618420405935,1,0,1.0
12.1,52180,AGENT,484.34,825.574,MIA,429.58618420405935,1,0,1.0
12.2,52180,AGENT,483.734,825.526,MIA,429.58618420405935,1,0,1.0
12.3,52180,AGENT,483.128,825.477,MIA,429.58618420405935,1,0,1.0
12.4,52180,AGENT,482.522,825.426,MIA,429.58618420405935,1,0,1.0
12.5,52180,AGENT,481.916,825.376,MIA,429.58618420405935,1,0,1.0
12.6,52180,AGENT,481.31,825.325,MIA,429.58618420405935,1,0,1.0
12.7,52180,AGENT,480.705,825.274,MIA,429.58618420405935,1,0,1.0
12.8,52180,AGENT,480.099,825.224,MIA,429.58618420405935,1,0,1.0
12.9,52180,AGENT,479.493,825.174,MIA,429.58618420405935,1,0,1.0
