TIMESTAMP,TRACK_ID,OBJECT_TYPE,X,Y,CITY_NAME,REF_xmin,AUGMENT_TYPE,AUGMENT_DIRECTION,ATTACK_POWER_TYPE
16.0,52180,AGENT,117.598,3076.02,MIA,72.47990224946989,0,1,10.0
16.1,52180,AGENT,117.091,3075.97,MIA,72.47990224946989,0,1,10.0
16.2,52180,AGENT,116.573,3075.92,MIA,72.47990224946989,0,1,10.0
16.3,52180,AGENT,116.043,3075.89,MIA,72.47990224946989,0,1,10.0
16.4,52180,AGENT,115.501,3075.85,MIA,72.47990224946989,0,1,10.0
16.5,52180,AGENT,114.948,3075.82,MIA,72.47990224946989,0,1,10.0
16.6,52180,AGENT,114.382,3075.8,MIA,72.47990224946989,0,1,10.0
16.7,52180,AGENT,113.806,3075.78,MIA,72.47990224946989,0,1,10.0
16.8,52180,AGENT,113.217,3075.76,MIA,72.47990224946989,0,1,10.0
16.9,52180,AGENT,112.618,3075.74,MIA,72.47990224946989,0,1,10.0
17.0,52180,AGENT,112.009,3075.73,MIA,72.47990224946989,0,1,10.0
17.1,52180,AGENT,111.391,3075.72,MIA,72.47990224946989,0,1,10.0
17.2,52180,AGENT,110.763,3075.71,MIA,72.47990224946989,0,1,10.0
17.3,52180,AGENT,110.126,3075.7,MIA,72.47990224946989,0,1,10.0
17.4,52180,AGENT,109.48,3075.69,MIA,72.47990224946989,0,1,10.0
17.5,52180,AGENT,108.823,3075.68,MIA,72.47990224946989,0,1,10.0
17.6,52180,AGENT,108.158,3075.67,MIA,72.47990224946989,0,1,10.0
17.7,52180,AGENT,107.483,3075.66,MIA,72.47990224946989,0,1,10.0
17.8,52180,AGENT,106.798,3075.65,MIA,72.47990224946989,0,1,10.0
17.9,52180,AGENT,106.104,3075.64,MIA,72.47990224946989,0,1,10.0
18.0,52180,AGENT,105.405,3075.63,MIA,72.47990224946989,0,1,10.0
18.1,52180,AGENT,104.706,3075.62,MIA,72.47990224946989,0,1,10.0
18.2,52180,AGENT,104.008,3075.61,MIA,72.47990224946989,0,1,10.0
18.3,52180,AGENT,103.304,3075.6,MIA,72.47990224946989,0,1,10.0
18.4,52180,AGENT,102.596,3075.59,MIA,72.47990224946989,0,1,10.0
18.5,52180,AGENT,101.888,3075.57,MIA,72.47990224946989,0,1,10.0
18.6,52180,AGENT,101.18,3075.56,MIA,72.47990224946989,0,1,10.0
18.7,52180,AGENT,100.472,3075.55,MIA,72.47990224946989,0,1,10.0
18.8,52180,AGENT,99.7634,3075.53,MIA,72.47990224946989,0,1,10.0
18.9,52180,AGENT,99.0554,3075.51,MIA,72.47990224946989,0,1,10.0
19.0,52180,AGENT,98.3474,3075.5,MIA,72.47990224946989,0,1,10.0
19.1,52180,AGENT,97.6394,3075.48,MIA,72.47990224946989,0,1,10.0
19.2,52180,AGENT,96.9314,3075.46,MIA,72.47990224946989,0,1,10.0
19.3,52180,AGENT,96.2235,3075.44,MIA,72.47990224946989,0,1,10.0
19.4,52180,AGENT,95.5155,3075.42,MIA,72.47990224946989,0,1,10.0
19.5,52180,AGENT,94.8077,3075.4,MIA,72.47990224946989,0,1,10.0
19.6,52180,AGENT,94.0998,3075.37,MIA,72.47990224946989,0,1,10.0
19.7,52180,AGENT,93.392,3075.35,MIA,72.47990224946989,0,1,10.0
19.8,52180,AGENT,92.6842,3075.33,MIA,72.47990224946989,0,1,10.0
19.9,52180,AGENT,91.9764,3075.3,MIA,72.47990224946989,0,1,10.0
20.0,52180,AGENT,91.2686,3075.28,MIA,72.47990224946989,0,1,10.0
20.1,52180,AGENT,90.5609,3075.25,MIA,72.47990224946989,0,1,10.0
20.2,52180,AGENT,89.8532,3075.22,MIA,72.47990224946989,0,1,10.0
20.3,52180,AGENT,89.1455,3075.2,MIA,72.47990224946989,0,1,10.0
20.4,52180,AGENT,88.4379,3075.17,MIA,72.47990224946989,0,1,10.0
20.5,52180,AGENT,87.7303,3075.14,MIA,72.47990224946989,0,1,10.0
20.6,52180,AGENT,87.0227,3075.11,MIA,72.47990224946989,0,1,10.0
20.7,52180,AGENT,86.3151,3075.08,MIA,72.47990224946989,0,1,10.0
20.8,52180,AGENT,85.6075,3075.05,MIA,72.47990224946989,0,1,10.0
20.9,52180,AGENT,84.9,3075.02,MIA,72.47990224946989,0,1,10.0
