TIMESTAMP,TRACK_ID,OBJECT_TYPE,X,Y,CITY_NAME,REF_xmin,AUGMENT_TYPE,AUGMENT_DIRECTION,ATTACK_POWER_TYPE
18.0,52180,AGENT,480.571,3010.42,MIA,450.0,0,1,8.0
18.1,52180,AGENT,480.073,3010.51,MIA,450.0,0,1,8.0
18.2,52180,AGENT,479.575,3010.59,MIA,450.0,0,1,8.0
18.3,52180,AGENT,479.078,3010.68,MIA,450.0,0,1,8.0
18.4,52180,AGENT,478.581,3010.77,MIA,450.0,0,1,8.0
18.5,52180,AGENT,478.084,3010.86,MIA,450.0,0,1,8.0
18.6,52180,AGENT,477.587,3010.95,MIA,450.0,0,1,8.0
18.7,52180,AGENT,477.091,3011.05,MIA,450.0,0,1,8.0
18.8,52180,AGENT,476.595,3011.14,MIA,450.0,0,1,8.0
18.9,52180,AGENT,476.1,3011.24,MIA,450.0,0,1,8.0
19.0,52180,AGENT,475.605,3011.33,MIA,450.0,0,1,8.0
19.1,52180,AGENT,475.11,3011.43,MIA,450.0,0,1,8.0
19.2,52180,AGENT,474.615,3011.53,MIA,450.0,0,1,8.0
19.3,52180,AGENT,474.121,3011.64,MIA,450.0,0,1,8.0
19.4,52180,AGENT,473.626,3011.74,MIA,450.0,0,1,8.0
19.5,52180,AGENT,473.132,3011.84,MIA,450.0,0,1,8.0
19.6,52180,AGENT,472.639,3011.95,MIA,450.0,0,1,8.0
19.7,52180,AGENT,472.145,3012.05,MIA,450.0,0,1,8.0
19.8,52180,AGENT,471.652,3012.16,MIA,450.0,0,1,8.0
19.9,52180,AGENT,471.158,3012.27,MIA,450.0,0,1,8.0
20.0,52180,AGENT,470.665,3012.37,MIA,450.0,0,1,8.0
20.1,52180,AGENT,470.172,3012.48,MIA,450.0,0,1,8.0
20.2,52180,AGENT,469.679,3012.59,MIA,450.0,0,1,8.0
20.3,52180,AGENT,469.186,3012.7,MIA,450.0,0,1,8.0
20.4,52180,AGENT,468.693,3012.81,MIA,450.0,0,1,8.0
20.5,52180,AGENT,468.2,3012.92,MIA,450.0,0,1,8.0
20.6,52180,AGENT,467.707,3013.02,MIA,450.0,0,1,8.0
20.7,52180,AGENT,467.215,3013.13,MIA,450.0,0,1,8.0
20.8,52180,AGENT,466.722,3013.24,MIA,450.0,0,1,8.0
20.9,52180,AGENT,466.229,3013.35,MIA,450.0,0,1,8.0
21.0,52180,AGENT,465.736,3013.46,MIA,450.0,0,1,8.0
21.1,52180,AGENT,465.243,3013.57,MIA,450.0,0,1,8.0
21.2,52180,AGENT,464.75,3013.68,MIA,450.0,0,1,8.0
21.3,52180,AGENT,464.257,3013.78,MIA,450.0,0,1,8.0
21.4,52180,AGENT,463.763,3013.89,MIA,450.0,0,1,8.0
21.5,52180,AGENT,463.27,3014.0,MIA,450.0,0,1,8.0
21.6,52180,AGENT,462.776,3014.1,MIA,450.0,0,1,8.0
21.7,52180,AGENT,462.283,3014.21,MIA,450.0,0,1,8.0
21.8,52180,AGENT,461.789,3014.31,MIA,450.0,0,1,8.0
21.9,52180,AGENT,461.295,3014.42,MIA,450.0,0,1,8.0
22.0,52180,AGENT,460.801,3014.52,MIA,450.0,0,1,8.0
22.1,52180,AGENT,460.307,3014.62,MIA,450.0,0,1,8.0
22.2,52180,AGENT,459.813,3014.73,MIA,450.0,0,1,8.0
22.3,52180,AGENT,459.318,3014.83,MIA,450.0,0,1,8.0
22.4,52180,AGENT,458.824,3014.93,MIA,450.0,0,1,8.0
22.5,52180,AGENT,458.329,3015.03,MIA,450.0,0,1,8.0
22.6,52180,AGENT,457.834,3015.13,MIA,450.0,0,1,8.0
22.7,52180,AGENT,457.339,3015.22,MIA,450.0,0,1,8.0
22.8,52180,AGENT,456.844,3015.32,MIA,450.0,0,1,8.0
22.9,52180,AGENT,456.348,3015.42,MIA,450.0,0,1,8.0
