TIMESTAMP,TRACK_ID,OBJECT_TYPE,X,Y,CITY_NAME,REF_xmin,AUGMENT_TYPE,AUGMENT_DIRECTION,ATTACK_POWER_TYPE
12.0,52180,AGENT,2.93216,1082.42,MIA,-158.1713889456587,0,1,4.0
12.1,52180,AGENT,1.88273,1082.78,MIA,-158.1713889456587,0,1,4.0
12.2,52180,AGENT,0.833771,1083.13,MIA,-158.1713889456587,0,1,4.0
12.3,52180,AGENT,-0.214695,1083.49,MIA,-158.1713889456587,0,1,4.0
12.4,52180,AGENT,-1.26265,1083.85,MIA,-158.1713889456587,0,1,4.0
12.5,52180,AGENT,-2.31009,1084.21,MIA,-158.1713889456587,0,1,4.0
12.6,52180,AGENT,-3.35702,1084.57,MIA,-158.1713889456587,0,1,4.0
12.7,52180,AGENT,-4.40342,1084.93,MIA,-158.1713889456587,0,1,4.0
12.8,52180,AGENT,-5.44931,1085.29,MIA,-158.1713889456587,0,1,4.0
12.9,52180,AGENT,-6.4947,1085.66,MIA,-158.1713889456587,0,1,4.0
13.0,52180,AGENT,-7.5396,1086.03,MIA,-158.1713889456587,0,1,4.0
13.1,52180,AGENT,-8.58403,1086.39,MIA,-158.1713889456587,0,1,4.0
13.2,52180,AGENT,-9.628,1086.76,MIA,-158.1713889456587,0,1,4.0
13.3,52180,AGENT,-10.6715,1087.13,MIA,-158.1713889456587,0,1,4.0
13.4,52180,AGENT,-11.7147,1087.51,MIA,-158.1713889456587,0,1,4.0
13.5,52180,AGENT,-12.7574,1087.88,MIA,-158.1713889456587,0,1,4.0
13.6,52180,AGENT,-13.7998,1088.25,MIA,-158.1713889456587,0,1,4.0
13.7,52180,AGENT,-14.8418,1088.63,MIA,-158.1713889456587,0,1,4.0
13.8,52180,AGENT,-15.8835,1089.0,MIA,-158.1713889456587,0,1,4.0
13.9,52180,AGENT,-16.9248,1089.38,MIA,-158.1713889456587,0,1,4.0
14.0,52180,AGENT,-17.9659,1089.76,MIA,-158.1713889456587,0,1,4.0
14.1,52180,AGENT,-19.0068,1090.13,MIA,-158.1713889456587,0,1,4.0
14.2,52180,AGENT,-20.0473,1090.51,MIA,-158.1713889456587,0,1,4.0
14.3,52180,AGENT,-21.0877,1090.89,MIA,-158.1713889456587,0,1,4.0
14.4,52180,AGENT,-22.1279,1091.27,MIA,-158.1713889456587,0,1,4.0
14.5,52180,AGENT,-23.1679,1091.65,MIA,-158.1713889456587,0,1,4.0
14.6,52180,AGENT,-24.2077,1092.03,MIA,-158.1713889456587,0,1,4.0
14.7,52180,AGENT,-25.2474,1092.41,MIA,-158.1713889456587,0,1,4.0
14.8,52180,AGENT,-26.287,1092.79,MIA,-158.1713889456587,0,1,4.0
14.9,52180,AGENT,-27.3264,1093.17,MIA,-158.1713889456587,0,1,4.0
15.0,52180,AGENT,-28.3657,1093.56,MIA,-158.1713889456587,0,1,4.0
15.1,52180,AGENT,-29.405,1093.94,MIA,-158.1713889456587,0,1,4.0
15.2,52180,AGENT,-30.4441,1094.32,MIA,-158.1713889456587,0,1,4.0
15.3,52180,AGENT,-31.4833,1094.7,MIA,-158.1713889456587,0,1,4.0
15.4,52180,AGENT,-32.5223,1095.09,MIA,-158.1713889456587,0,1,4.0
15.5,52180,AGENT,-33.5614,1095.47,MIA,-158.1713889456587,0,1,4.0
15.6,52180,AGENT,-34.6004,1095.85,MIA,-158.1713889456587,0,1,4.0
15.7,52180,AGENT,-35.6394,1096.23,MIA,-158.1713889456587,0,1,4.0
15.8,52180,AGENT,-36.6784,1096.62,MIA,-158.1713889456587,0,1,4.0
15.9,52180,AGENT,-37.7174,1097.0,MIA,-158.1713889456587,0,1,4.0
16.0,52180,AGENT,-38.7564,1097.38,MIA,-158.1713889456587,0,1,4.0
16.1,52180,AGENT,-39.7955,1097.77,MIA,-158.1713889456587,0,1,4.0
16.2,52180,AGENT,-40.8345,1098.15,MIA,-158.1713889456587,0,1,4.0
16.3,52180,AGENT,-41.8736,1098.53,MIA,-158.1713889456587,0,1,4.0
16.4,52180,AGENT,-42.9128,1098.91,MIA,-158.1713889456587,0,1,4.0
16.5,52180,AGENT,-43.952,1099.3,MIA,-158.1713889456587,0,1,4.0
16.6,52180,AGENT,-44.9912,1099.68,MIA,-158.1713889456587,0,1,4.0
16.7,52180,AGENT,-46.0351,1100.06,MIA,-158.1713889456587,0,1,4.0
16.8,52180,AGENT,-47.0844,1100.45,MIA,-158.1713889456587,0,1,4.0
16.9,52180,AGENT,-48.1344,1100.83,MIA,-158.1713889456587,0,1,4.0
