TIMESTAMP,TRACK_ID,OBJECT_TYPE,X,Y,CITY_NAME,REF_xmin,AUGMENT_TYPE,AUGMENT_DIRECTION,ATTACK_POWER_TYPE
12.0,52180,AGENT,1714.46,475.289,PIT,1614.3496382066946,0,0,6.0
12.1,52180,AGENT,1714.11,474.788,PIT,1614.3496382066946,0,0,6.0
12.2,52180,AGENT,1713.76,474.288,PIT,1614.3496382066946,0,0,6.0
12.3,52180,AGENT,1713.42,473.787,PIT,1614.3496382066946,0,0,6.0
12.4,52180,AGENT,1713.07,473.286,PIT,1614.3496382066946,0,0,6.0
12.5,52180,AGENT,1712.72,472.785,PIT,1614.3496382066946,0,0,6.0
12.6,52180,AGENT,1712.37,472.284,PIT,1614.3496382066946,0,0,6.0
12.7,52180,AGENT,1712.03,471.784,PIT,1614.3496382066946,0,0,6.0
12.8,52180,AGENT,1711.68,471.283,PIT,1614.3496382066946,0,0,6.0
12.9,52180,AGENT,1711.33,470.782,PIT,1614.3496382066946,0,0,6.0
13.0,52180,AGENT,1710.98,470.281,PIT,1614.3496382066946,0,0,6.0
13.1,52180,AGENT,1710.64,469.78,PIT,1614.3496382066946,0,0,6.0
13.2,52180,AGENT,1710.29,469.28,PIT,1614.3496382066946,0,0,6.0
13.3,52180,AGENT,1709.94,468.779,PIT,1614.3496382066946,0,0,6.0
13.4,52180,AGENT,1709.59,468.278,PIT,1614.3496382066946,0,0,6.0
13.5,52180,AGENT,1709.25,467.777,PIT,1614.3496382066946,0,0,6.0
13.6,52180,AGENT,1708.9,467.277,PIT,1614.3496382066946,0,0,6.0
13.7,52180,AGENT,1708.55,466.776,PIT,1614.3496382066946,0,0,6.0
13.8,52180,AGENT,1708.2,466.275,PIT,1614.3496382066946,0,0,6.0
13.9,52180,AGENT,1707.86,465.774,PIT,1614.3496382066946,0,0,6.0
14.0,52180,AGENT,1707.51,465.273,PIT,1614.3496382066946,0,0,6.0
14.1,52180,AGENT,1707.16,464.773,PIT,1614.3496382066946,0,0,6.0
14.2,52180,AGENT,1706.81,464.272,PIT,1614.3496382066946,0,0,6.0
14.3,52180,AGENT,1706.47,463.771,PIT,1614.3496382066946,0,0,6.0
14.4,52180,AGENT,1706.12,463.27,PIT,1614.3496382066946,0,0,6.0
14.5,52180,AGENT,1705.77,462.769,PIT,1614.3496382066946,0,0,6.0
14.6,52180,AGENT,1705.42,462.269,PIT,1614.3496382066946,0,0,6.0
14.7,52180,AGENT,1705.08,461.768,PIT,1614.3496382066946,0,0,6.0
14.8,52180,AGENT,1704.73,461.267,PIT,1614.3496382066946,0,0,6.0
14.9,52180,AGENT,1704.38,460.766,PIT,1614.3496382066946,0,0,6.0
15.0,52180,AGENT,1704.04,460.265,PIT,1614.3496382066946,0,0,6.0
15.1,52180,AGENT,1703.69,459.765,PIT,1614.3496382066946,0,0,6.0
15.2,52180,AGENT,1703.34,459.264,PIT,1614.3496382066946,0,0,6.0
15.3,52180,AGENT,1702.99,458.763,PIT,1614.3496382066946,0,0,6.0
15.4,52180,AGENT,1702.65,458.262,PIT,1614.3496382066946,0,0,6.0
15.5,52180,AGENT,1702.3,457.762,PIT,1614.3496382066946,0,0,6.0
15.6,52180,AGENT,1701.95,457.261,PIT,1614.3496382066946,0,0,6.0
15.7,52180,AGENT,1701.6,456.76,PIT,1614.3496382066946,0,0,6.0
15.8,52180,AGENT,1701.26,456.259,PIT,1614.3496382066946,0,0,6.0
15.9,52180,AGENT,1700.91,455.758,PIT,1614.3496382066946,0,0,6.0
16.0,52180,AGENT,1700.56,455.258,PIT,1614.3496382066946,0,0,6.0
16.1,52180,AGENT,1700.21,454.757,PIT,1614.3496382066946,0,0,6.0
16.2,52180,AGENT,1699.87,454.256,PIT,1614.3496382066946,0,0,6.0
16.3,52180,AGENT,1699.52,453.755,PIT,1614.3496382066946,0,0,6.0
16.4,52180,AGENT,1699.17,453.254,PIT,1614.3496382066946,0,0,6.0
16.5,52180,AGENT,1698.82,452.754,PIT,1614.3496382066946,0,0,6.0
16.6,52180,AGENT,1698.48,452.253,PIT,1614.3496382066946,0,0,6.0
16.7,52180,AGENT,1698.13,451.752,PIT,1614.3496382066946,0,0,6.0
16.8,52180,AGENT,1697.78,451.251,PIT,1614.3496382066946,0,0,6.0
16.9,52180,AGENT,1697.43,450.75,PIT,1614.3496382066946,0,0,6.0
