TIMESTAMP,TRACK_ID,OBJECT_TYPE,X,Y,CITY_NAME,REF_xmin,AUGMENT_TYPE,AUGMENT_DIRECTION,ATTACK_POWER_TYPE
10.0,52180,AGENT,692.918,972.124,MIA,630.0,0,1,2.0
10.1,52180,AGENT,692.924,971.377,MIA,630.0,0,1,2.0
10.2,52180,AGENT,692.931,970.64,MIA,630.0,0,1,2.0
10.3,52180,AGENT,692.939,969.913,MIA,630.0,0,1,2.0
10.4,52180,AGENT,692.947,969.193,MIA,630.0,0,1,2.0
10.5,52180,AGENT,692.956,968.482,MIA,630.0,0,1,2.0
10.6,52180,AGENT,692.965,967.779,MIA,630.0,0,1,2.0
10.7,52180,AGENT,692.975,967.084,MIA,630.0,0,1,2.0
10.8,52180,AGENT,692.985,966.396,MIA,630.0,0,1,2.0
10.9,52180,AGENT,692.996,965.717,MIA,630.0,0,1,2.0
11.0,52180,AGENT,693.007,965.045,MIA,630.0,0,1,2.0
11.1,52180,AGENT,693.019,964.378,MIA,630.0,0,1,2.0
11.2,52180,AGENT,693.031,963.71,MIA,630.0,0,1,2.0
11.3,52180,AGENT,693.044,963.037,MIA,630.0,0,1,2.0
11.4,52180,AGENT,693.059,962.357,MIA,630.0,0,1,2.0
11.5,52180,AGENT,693.075,961.675,MIA,630.0,0,1,2.0
11.6,52180,AGENT,693.092,960.991,MIA,630.0,0,1,2.0
11.7,52180,AGENT,693.109,960.307,MIA,630.0,0,1,2.0
11.8,52180,AGENT,693.125,959.621,MIA,630.0,0,1,2.0
11.9,52180,AGENT,693.14,958.933,MIA,630.0,0,1,2.0
12.0,52180,AGENT,693.154,958.244,MIA,630.0,0,1,2.0
12.1,52180,AGENT,693.165,957.554,MIA,630.0,0,1,2.0
12.2,52180,AGENT,693.174,956.865,MIA,630.0,0,1,2.0
12.3,52180,AGENT,693.18,956.178,MIA,630.0,0,1,2.0
12.4,52180,AGENT,693.18,955.492,MIA,630.0,0,1,2.0
12.5,52180,AGENT,693.175,954.811,MIA,630.0,0,1,2.0
12.6,52180,AGENT,693.166,954.14,MIA,630.0,0,1,2.0
12.7,52180,AGENT,693.152,953.478,MIA,630.0,0,1,2.0
12.8,52180,AGENT,693.131,952.826,MIA,630.0,0,1,2.0
12.9,52180,AGENT,693.103,952.186,MIA,630.0,0,1,2.0
13.0,52180,AGENT,693.068,951.556,MIA,630.0,0,1,2.0
13.1,52180,AGENT,693.023,950.938,MIA,630.0,0,1,2.0
13.2,52180,AGENT,692.967,950.331,MIA,630.0,0,1,2.0
13.3,52180,AGENT,692.899,949.737,MIA,630.0,0,1,2.0
13.4,52180,AGENT,692.819,949.157,MIA,630.0,0,1,2.0
13.5,52180,AGENT,692.726,948.592,MIA,630.0,0,1,2.0
13.6,52180,AGENT,692.62,948.043,MIA,630.0,0,1,2.0
13.7,52180,AGENT,692.5,947.51,MIA,630.0,0,1,2.0
13.8,52180,AGENT,692.365,946.994,MIA,630.0,0,1,2.0
13.9,52180,AGENT,692.215,946.497,MIA,630.0,0,1,2.0
14.0,52180,AGENT,692.046,946.018,MIA,630.0,0,1,2.0
14.1,52180,AGENT,691.856,945.557,MIA,630.0,0,1,2.0
14.2,52180,AGENT,691.644,945.115,MIA,630.0,0,1,2.0
14.3,52180,AGENT,691.413,944.693,MIA,630.0,0,1,2.0
14.4,52180,AGENT,691.163,944.292,MIA,630.0,0,1,2.0
14.5,52180,AGENT,690.896,943.912,MIA,630.0,0,1,2.0
14.6,52180,AGENT,690.613,943.553,MIA,630.0,0,1,2.0
14.7,52180,AGENT,690.311,943.215,MIA,630.0,0,1,2.0
14.8,52180,AGENT,689.986,942.899,MIA,630.0,0,1,2.0
14.9,52180,AGENT,689.64,942.605,MIA,630.0,0,1,2.0
