TIMESTAMP,TRACK_ID,OBJECT_TYPE,X,Y,CITY_NAME,REF_xmin,AUGMENT_TYPE,AUGMENT_DIRECTION,ATTACK_POWER_TYPE
28.0,52180,AGENT,1412.39,496.984,PIT,1387.5966375109274,0,0,3.0
28.1,52180,AGENT,1412.22,497.458,PIT,1387.5966375109274,0,0,3.0
28.2,52180,AGENT,1412.05,497.933,PIT,1387.5966375109274,0,0,3.0
28.3,52180,AGENT,1411.88,498.407,PIT,1387.5966375109274,0,0,3.0
28.4,52180,AGENT,1411.71,498.882,PIT,1387.5966375109274,0,0,3.0
28.5,52180,AGENT,1411.54,499.356,PIT,1387.5966375109274,0,0,3.0
28.6,52180,AGENT,1411.37,499.831,PIT,1387.5966375109274,0,0,3.0
28.7,52180,AGENT,1411.2,500.305,PIT,1387.5966375109274,0,0,3.0
28.8,52180,AGENT,1411.03,500.78,PIT,1387.5966375109274,0,0,3.0
28.9,52180,AGENT,1410.87,501.254,PIT,1387.5966375109274,0,0,3.0
29.0,52180,AGENT,1410.7,501.729,PIT,1387.5966375109274,0,0,3.0
29.1,52180,AGENT,1410.53,502.203,PIT,1387.5966375109274,0,0,3.0
29.2,52180,AGENT,1410.36,502.678,PIT,1387.5966375109274,0,0,3.0
29.3,52180,AGENT,1410.19,503.152,PIT,1387.5966375109274,0,0,3.0
29.4,52180,AGENT,1410.02,503.627,PIT,1387.5966375109274,0,0,3.0
29.5,52180,AGENT,1409.85,504.101,PIT,1387.5966375109274,0,0,3.0
29.6,52180,AGENT,1409.68,504.576,PIT,1387.5966375109274,0,0,3.0
29.7,52180,AGENT,1409.51,505.05,PIT,1387.5966375109274,0,0,3.0
29.8,52180,AGENT,1409.34,505.525,PIT,1387.5966375109274,0,0,3.0
29.9,52180,AGENT,1409.17,506.0,PIT,1387.5966375109274,0,0,3.0
30.0,52180,AGENT,1409.0,506.474,PIT,1387.5966375109274,0,0,3.0
30.1,52180,AGENT,1408.83,506.949,PIT,1387.5966375109274,0,0,3.0
30.2,52180,AGENT,1408.66,507.423,PIT,1387.5966375109274,0,0,3.0
30.3,52180,AGENT,1408.49,507.898,PIT,1387.5966375109274,0,0,3.0
30.4,52180,AGENT,1408.32,508.372,PIT,1387.5966375109274,0,0,3.0
30.5,52180,AGENT,1408.16,508.847,PIT,1387.5966375109274,0,0,3.0
30.6,52180,AGENT,1407.99,509.322,PIT,1387.5966375109274,0,0,3.0
30.7,52180,AGENT,1407.82,509.796,PIT,1387.5966375109274,0,0,3.0
30.8,52180,AGENT,1407.65,510.271,PIT,1387.5966375109274,0,0,3.0
30.9,52180,AGENT,1407.48,510.745,PIT,1387.5966375109274,0,0,3.0
31.0,52180,AGENT,1407.31,511.22,PIT,1387.5966375109274,0,0,3.0
31.1,52180,AGENT,1407.14,511.695,PIT,1387.5966375109274,0,0,3.0
31.2,52180,AGENT,1406.97,512.17,PIT,1387.5966375109274,0,0,3.0
31.3,52180,AGENT,1406.8,512.646,PIT,1387.5966375109274,0,0,3.0
31.4,52180,AGENT,1406.62,513.123,PIT,1387.5966375109274,0,0,3.0
31.5,52180,AGENT,1406.45,513.599,PIT,1387.5966375109274,0,0,3.0
31.6,52180,AGENT,1406.28,514.072,PIT,1387.5966375109274,0,0,3.0
31.7,52180,AGENT,1406.11,514.541,PIT,1387.5966375109274,0,0,3.0
31.8,52180,AGENT,1405.95,515.003,PIT,1387.5966375109274,0,0,3.0
31.9,52180,AGENT,1405.78,515.46,PIT,1387.5966375109274,0,0,3.0
32.0,52180,AGENT,1405.62,515.912,PIT,1387.5966375109274,0,0,3.0
32.1,52180,AGENT,1405.45,516.358,PIT,1387.5966375109274,0,0,3.0
32.2,52180,AGENT,1405.3,516.795,PIT,1387.5966375109274,0,0,3.0
32.3,52180,AGENT,1405.14,517.227,PIT,1387.5966375109274,0,0,3.0
32.4,52180,AGENT,1404.98,517.653,PIT,1387.5966375109274,0,0,3.0
32.5,52180,AGENT,1404.83,518.074,PIT,1387.5966375109274,0,0,3.0
32.6,52180,AGENT,1404.67,518.492,PIT,1387.5966375109274,0,0,3.0
32.7,52180,AGENT,1404.52,518.905,PIT,1387.5966375109274,0,0,3.0
32.8,52180,AGENT,1404.37,519.313,PIT,1387.5966375109274,0,0,3.0
32.9,52180,AGENT,1404.22,519.718,PIT,1387.5966375109274,0,0,3.0
