TIMESTAMP,TRACK_ID,OBJECT_TYPE,X,Y,CITY_NAME,REF_xmin,AUGMENT_TYPE,AUGMENT_DIRECTION,ATTACK_POWER_TYPE
0.0,52180,AGENT,527.61,1609.03,MIA,404.9803587635397,0,1,8.0
0.1,52180,AGENT,527.128,1609.39,MIA,404.9803587635397,0,1,8.0
0.2,52180,AGENT,526.638,1609.77,MIA,404.9803587635397,0,1,8.0
0.3,52180,AGENT,526.141,1610.14,MIA,404.9803587635397,0,1,8.0
0.4,52180,AGENT,525.637,1610.53,MIA,404.9803587635397,0,1,8.0
0.5,52180,AGENT,525.125,1610.91,MIA,404.9803587635397,0,1,8.0
0.6,52180,AGENT,524.605,1611.31,MIA,404.9803587635397,0,1,8.0
0.7,52180,AGENT,524.077,1611.71,MIA,404.9803587635397,0,1,8.0
0.8,52180,AGENT,523.543,1612.11,MIA,404.9803587635397,0,1,8.0
0.9,52180,AGENT,523.0,1612.53,MIA,404.9803587635397,0,1,8.0
1.0,52180,AGENT,522.45,1612.94,MIA,404.9803587635397,0,1,8.0
1.1,52180,AGENT,521.892,1613.37,MIA,404.9803587635397,0,1,8.0
1.2,52180,AGENT,521.331,1613.79,MIA,404.9803587635397,0,1,8.0
1.3,52180,AGENT,520.769,1614.22,MIA,404.9803587635397,0,1,8.0
1.4,52180,AGENT,520.208,1614.64,MIA,404.9803587635397,0,1,8.0
1.5,52180,AGENT,519.647,1615.07,MIA,404.9803587635397,0,1,8.0
1.6,52180,AGENT,519.085,1615.5,MIA,404.9803587635397,0,1,8.0
1.7,52180,AGENT,518.524,1615.92,MIA,404.9803587635397,0,1,8.0
1.8,52180,AGENT,517.963,1616.35,MIA,404.9803587635397,0,1,8.0
1.9,52180,AGENT,517.401,1616.77,MIA,404.9803587635397,0,1,8.0
2.0,52180,AGENT,516.84,1617.2,MIA,404.9803587635397,0,1,8.0
2.1,52180,AGENT,516.278,1617.62,MIA,404.9803587635397,0,1,8.0
2.2,52180,AGENT,515.717,1618.05,MIA,404.9803587635397,0,1,8.0
2.3,52180,AGENT,515.156,1618.48,MIA,404.9803587635397,0,1,8.0
2.4,52180,AGENT,514.594,1618.9,MIA,404.9803587635397,0,1,8.0
2.5,52180,AGENT,514.033,1619.33,MIA,404.9803587635397,0,1,8.0
2.6,52180,AGENT,513.472,1619.75,MIA,404.9803587635397,0,1,8.0
2.7,52180,AGENT,512.91,1620.18,MIA,404.9803587635397,0,1,8.0
2.8,52180,AGENT,512.349,1620.61,MIA,404.9803587635397,0,1,8.0
2.9,52180,AGENT,511.788,1621.03,MIA,404.9803587635397,0,1,8.0
3.0,52180,AGENT,511.226,1621.46,MIA,404.9803587635397,0,1,8.0
3.1,52180,AGENT,510.665,1621.88,MIA,404.9803587635397,0,1,8.0
3.2,52180,AGENT,510.104,1622.31,MIA,404.9803587635397,0,1,8.0
3.3,52180,AGENT,509.542,1622.74,MIA,404.9803587635397,0,1,8.0
3.4,52180,AGENT,508.981,1623.16,MIA,404.9803587635397,0,1,8.0
3.5,52180,AGENT,508.42,1623.59,MIA,404.9803587635397,0,1,8.0
3.6,52180,AGENT,507.859,1624.01,MIA,404.9803587635397,0,1,8.0
3.7,52180,AGENT,507.297,1624.44,MIA,404.9803587635397,0,1,8.0
3.8,52180,AGENT,506.736,1624.87,MIA,404.9803587635397,0,1,8.0
3.9,52180,AGENT,506.175,1625.29,MIA,404.9803587635397,0,1,8.0
4.0,52180,AGENT,505.614,1625.72,MIA,404.9803587635397,0,1,8.0
4.1,52180,AGENT,505.052,1626.14,MIA,404.9803587635397,0,1,8.0
4.2,52180,AGENT,504.491,1626.57,MIA,404.9803587635397,0,1,8.0
4.3,52180,AGENT,503.93,1627.0,MIA,404.9803587635397,0,1,8.0
4.4,52180,AGENT,503.369,1627.42,MIA,404.9803587635397,0,1,8.0
4.5,52180,AGENT,502.808,1627.85,MIA,404.9803587635397,0,1,8.0
4.6,52180,AGENT,502.246,1628.27,MIA,404.9803587635397,0,1,8.0
4.7,52180,AGENT,501.685,1628.7,MIA,404.9803587635397,0,1,8.0
4.8,52180,AGENT,501.124,1629.13,MIA,404.9803587635397,0,1,8.0
4.9,52180,AGENT,500.563,1629.55,MIA,404.9803587635397,0,1,8.0
