TIMESTAMP,TRACK_ID,OBJECT_TYPE,X,Y,CITY_NAME,REF_xmin,AUGMENT_TYPE,AUGMENT_DIRECTION,ATTACK_POWER_TYPE
2.0,52180,AGENT,4741.29,2675.3,PIT,4728.340106260672,1,1,5.0
2.1,52180,AGENT,4741.96,2675.46,PIT,4728.340106260672,1,1,5.0
2.2,52180,AGENT,4742.63,2675.63,PIT,4728.340106260672,1,1,5.0
2.3,52180,AGENT,4743.3,2675.8,PIT,4728.340106260672,1,1,5.0
2.4,52180,AGENT,4743.96,2675.96,PIT,4728.340106260672,1,1,5.0
2.5,52180,AGENT,4744.63,2676.13,PIT,4728.340106260672,1,1,5.0
2.6,52180,AGENT,4745.29,2676.29,PIT,4728.340106260672,1,1,5.0
2.7,52180,AGENT,4745.94,2676.45,PIT,4728.340106260672,1,1,5.0
2.8,52180,AGENT,4746.59,2676.61,PIT,4728.340106260672,1,1,5.0
2.9,52180,AGENT,4747.24,2676.77,PIT,4728.340106260672,1,1,5.0
3.0,52180,AGENT,4747.9,2676.93,PIT,4728.340106260672,1,1,5.0
3.1,52180,AGENT,4748.55,2677.09,PIT,4728.340106260672,1,1,5.0
3.2,52180,AGENT,4749.21,2677.25,PIT,4728.340106260672,1,1,5.0
3.3,52180,AGENT,4749.87,2677.41,PIT,4728.340106260672,1,1,5.0
3.4,52180,AGENT,4750.53,2677.57,PIT,4728.340106260672,1,1,5.0
3.5,52180,AGENT,4751.19,2677.73,PIT,4728.340106260672,1,1,5.0
3.6,52180,AGENT,4751.85,2677.89,PIT,4728.340106260672,1,1,5.0
3.7,52180,AGENT,4752.51,2678.05,PIT,4728.340106260672,1,1,5.0
3.8,52180,AGENT,4753.17,2678.21,PIT,4728.340106260672,1,1,5.0
3.9,52180,AGENT,4753.82,2678.37,PIT,4728.340106260672,1,1,5.0
4.0,52180,AGENT,4754.47,2678.53,PIT,4728.340106260672,1,1,5.0
4.1,52180,AGENT,4755.11,2678.68,PIT,4728.340106260672,1,1,5.0
4.2,52180,AGENT,4755.74,2678.84,PIT,4728.340106260672,1,1,5.0
4.3,52180,AGENT,4756.36,2678.98,PIT,4728.340106260672,1,1,5.0
4.4,52180,AGENT,4756.97,2679.13,PIT,4728.340106260672,1,1,5.0
4.5,52180,AGENT,4757.59,2679.28,PIT,4728.340106260672,1,1,5.0
4.6,52180,AGENT,4758.2,2679.43,PIT,4728.340106260672,1,1,5.0
4.7,52180,AGENT,4758.82,2679.58,PIT,4728.340106260672,1,1,5.0
4.8,52180,AGENT,4759.43,2679.73,PIT,4728.340106260672,1,1,5.0
4.9,52180,AGENT,4760.05,2679.88,PIT,4728.340106260672,1,1,5.0
5.0,52180,AGENT,4760.67,2680.03,PIT,4728.340106260672,1,1,5.0
5.1,52180,AGENT,4761.29,2680.19,PIT,4728.340106260672,1,1,5.0
5.2,52180,AGENT,4761.91,2680.34,PIT,4728.340106260672,1,1,5.0
5.3,52180,AGENT,4762.53,2680.49,PIT,4728.340106260672,1,1,5.0
5.4,52180,AGENT,4763.15,2680.64,PIT,4728.340106260672,1,1,5.0
5.5,52180,AGENT,4763.77,2680.79,PIT,4728.340106260672,1,1,5.0
5.6,52180,AGENT,4764.39,2680.94,PIT,4728.340106260672,1,1,5.0
5.7,52180,AGENT,4765.01,2681.09,PIT,4728.340106260672,1,1,5.0
5.8,52180,AGENT,4765.63,2681.23,PIT,4728.340106260672,1,1,5.0
5.9,52180,AGENT,4766.26,2681.38,PIT,4728.340106260672,1,1,5.0
6.0,52180,AGENT,4766.88,2681.51,PIT,4728.340106260672,1,1,5.0
6.1,52180,AGENT,4767.49,2681.65,PIT,4728.340106260672,1,1,5.0
6.2,52180,AGENT,4768.11,2681.78,PIT,4728.340106260672,1,1,5.0
6.3,52180,AGENT,4768.73,2681.91,PIT,4728.340106260672,1,1,5.0
6.4,52180,AGENT,4769.34,2682.03,PIT,4728.340106260672,1,1,5.0
6.5,52180,AGENT,4769.96,2682.14,PIT,4728.340106260672,1,1,5.0
6.6,52180,AGENT,4770.57,2682.25,PIT,4728.340106260672,1,1,5.0
6.7,52180,AGENT,4771.19,2682.34,PIT,4728.340106260672,1,1,5.0
6.8,52180,AGENT,4771.81,2682.43,PIT,4728.340106260672,1,1,5.0
6.9,52180,AGENT,4772.42,2682.51,PIT,4728.340106260672,1,1,5.0
