TIMESTAMP,TRACK_ID,OBJECT_TYPE,X,Y,CITY_NAME,REF_xmin,AUGMENT_TYPE,AUGMENT_DIRECTION,ATTACK_POWER_TYPE
6.0,52180,AGENT,134.0,2613.82,MIA,96.55899962148396,0,0,2.0
6.1,52180,AGENT,134.609,2613.8,MIA,96.55899962148396,0,0,2.0
6.2,52180,AGENT,135.205,2613.77,MIA,96.55899962148396,0,0,2.0
6.3,52180,AGENT,135.787,2613.73,MIA,96.55899962148396,0,0,2.0
6.4,52180,AGENT,136.355,2613.68,MIA,96.55899962148396,0,0,2.0
6.5,52180,AGENT,136.908,2613.62,MIA,96.55899962148396,0,0,2.0
6.6,52180,AGENT,137.444,2613.54,MIA,96.55899962148396,0,0,2.0
6.7,52180,AGENT,137.962,2613.45,MIA,96.55899962148396,0,0,2.0
6.8,52180,AGENT,138.461,2613.34,MIA,96.55899962148396,0,0,2.0
6.9,52180,AGENT,138.942,2613.22,MIA,96.55899962148396,0,0,2.0
7.0,52180,AGENT,139.402,2613.07,MIA,96.55899962148396,0,0,2.0
7.1,52180,AGENT,139.844,2612.91,MIA,96.55899962148396,0,0,2.0
7.2,52180,AGENT,140.266,2612.72,MIA,96.55899962148396,0,0,2.0
7.3,52180,AGENT,140.667,2612.51,MIA,96.55899962148396,0,0,2.0
7.4,52180,AGENT,141.047,2612.27,MIA,96.55899962148396,0,0,2.0
7.5,52180,AGENT,141.407,2612.01,MIA,96.55899962148396,0,0,2.0
7.6,52180,AGENT,141.746,2611.72,MIA,96.55899962148396,0,0,2.0
7.7,52180,AGENT,142.064,2611.4,MIA,96.55899962148396,0,0,2.0
7.8,52180,AGENT,142.362,2611.07,MIA,96.55899962148396,0,0,2.0
7.9,52180,AGENT,142.638,2610.71,MIA,96.55899962148396,0,0,2.0
8.0,52180,AGENT,142.895,2610.34,MIA,96.55899962148396,0,0,2.0
8.1,52180,AGENT,143.132,2609.94,MIA,96.55899962148396,0,0,2.0
8.2,52180,AGENT,143.35,2609.53,MIA,96.55899962148396,0,0,2.0
8.3,52180,AGENT,143.55,2609.1,MIA,96.55899962148396,0,0,2.0
8.4,52180,AGENT,143.733,2608.66,MIA,96.55899962148396,0,0,2.0
8.5,52180,AGENT,143.899,2608.2,MIA,96.55899962148396,0,0,2.0
8.6,52180,AGENT,144.049,2607.73,MIA,96.55899962148396,0,0,2.0
8.7,52180,AGENT,144.184,2607.25,MIA,96.55899962148396,0,0,2.0
8.8,52180,AGENT,144.305,2606.75,MIA,96.55899962148396,0,0,2.0
8.9,52180,AGENT,144.414,2606.25,MIA,96.55899962148396,0,0,2.0
9.0,52180,AGENT,144.51,2605.73,MIA,96.55899962148396,0,0,2.0
9.1,52180,AGENT,144.595,2605.2,MIA,96.55899962148396,0,0,2.0
9.2,52180,AGENT,144.67,2604.65,MIA,96.55899962148396,0,0,2.0
9.3,52180,AGENT,144.736,2604.1,MIA,96.55899962148396,0,0,2.0
9.4,52180,AGENT,144.792,2603.54,MIA,96.55899962148396,0,0,2.0
9.5,52180,AGENT,144.842,2602.96,MIA,96.55899962148396,0,0,2.0
9.6,52180,AGENT,144.884,2602.38,MIA,96.55899962148396,0,0,2.0
9.7,52180,AGENT,144.92,2601.78,MIA,96.55899962148396,0,0,2.0
9.8,52180,AGENT,144.951,2601.18,MIA,96.55899962148396,0,0,2.0
9.9,52180,AGENT,144.977,2600.56,MIA,96.55899962148396,0,0,2.0
10.0,52180,AGENT,144.999,2599.94,MIA,96.55899962148396,0,0,2.0
10.1,52180,AGENT,145.017,2599.3,MIA,96.55899962148396,0,0,2.0
10.2,52180,AGENT,145.032,2598.65,MIA,96.55899962148396,0,0,2.0
10.3,52180,AGENT,145.045,2598.0,MIA,96.55899962148396,0,0,2.0
10.4,52180,AGENT,145.055,2597.33,MIA,96.55899962148396,0,0,2.0
10.5,52180,AGENT,145.065,2596.65,MIA,96.55899962148396,0,0,2.0
10.6,52180,AGENT,145.073,2595.96,MIA,96.55899962148396,0,0,2.0
10.7,52180,AGENT,145.08,2595.26,MIA,96.55899962148396,0,0,2.0
10.8,52180,AGENT,145.086,2594.56,MIA,96.55899962148396,0,0,2.0
10.9,52180,AGENT,145.093,2593.84,MIA,96.55899962148396,0,0,2.0
