TIMESTAMP,TRACK_ID,OBJECT_TYPE,X,Y,CITY_NAME,REF_xmin,AUGMENT_TYPE,AUGMENT_DIRECTION,ATTACK_POWER_TYPE
10.0,52180,AGENT,217.134,1525.56,MIA,185.742975380912,1,0,2.0
10.1,52180,AGENT,217.621,1525.29,MIA,185.742975380912,1,0,2.0
10.2,52180,AGENT,218.106,1525.01,MIA,185.742975380912,1,0,2.0
10.3,52180,AGENT,218.591,1524.74,MIA,185.742975380912,1,0,2.0
10.4,52180,AGENT,219.073,1524.47,MIA,185.742975380912,1,0,2.0
10.5,52180,AGENT,219.555,1524.2,MIA,185.742975380912,1,0,2.0
10.6,52180,AGENT,220.035,1523.93,MIA,185.742975380912,1,0,2.0
10.7,52180,AGENT,220.513,1523.66,MIA,185.742975380912,1,0,2.0
10.8,52180,AGENT,220.99,1523.39,MIA,185.742975380912,1,0,2.0
10.9,52180,AGENT,221.465,1523.12,MIA,185.742975380912,1,0,2.0
11.0,52180,AGENT,221.937,1522.85,MIA,185.742975380912,1,0,2.0
11.1,52180,AGENT,222.408,1522.58,MIA,185.742975380912,1,0,2.0
11.2,52180,AGENT,222.876,1522.3,MIA,185.742975380912,1,0,2.0
11.3,52180,AGENT,223.341,1522.03,MIA,185.742975380912,1,0,2.0
11.4,52180,AGENT,223.803,1521.75,MIA,185.742975380912,1,0,2.0
11.5,52180,AGENT,224.262,1521.47,MIA,185.742975380912,1,0,2.0
11.6,52180,AGENT,224.718,1521.19,MIA,185.742975380912,1,0,2.0
11.7,52180,AGENT,225.168,1520.9,MIA,185.742975380912,1,0,2.0
11.8,52180,AGENT,225.612,1520.62,MIA,185.742975380912,1,0,2.0
11.9,52180,AGENT,226.053,1520.33,MIA,185.742975380912,1,0,2.0
12.0,52180,AGENT,226.487,1520.03,MIA,185.742975380912,1,0,2.0
12.1,52180,AGENT,226.913,1519.74,MIA,185.742975380912,1,0,2.0
12.2,52180,AGENT,227.335,1519.44,MIA,185.742975380912,1,0,2.0
12.3,52180,AGENT,227.751,1519.13,MIA,185.742975380912,1,0,2.0
12.4,52180,AGENT,228.161,1518.81,MIA,185.742975380912,1,0,2.0
12.5,52180,AGENT,228.565,1518.48,MIA,185.742975380912,1,0,2.0
12.6,52180,AGENT,228.961,1518.15,MIA,185.742975380912,1,0,2.0
12.7,52180,AGENT,229.35,1517.81,MIA,185.742975380912,1,0,2.0
12.8,52180,AGENT,229.73,1517.47,MIA,185.742975380912,1,0,2.0
12.9,52180,AGENT,230.102,1517.11,MIA,185.742975380912,1,0,2.0
13.0,52180,AGENT,230.464,1516.75,MIA,185.742975380912,1,0,2.0
13.1,52180,AGENT,230.816,1516.38,MIA,185.742975380912,1,0,2.0
13.2,52180,AGENT,231.158,1516.0,MIA,185.742975380912,1,0,2.0
13.3,52180,AGENT,231.49,1515.62,MIA,185.742975380912,1,0,2.0
13.4,52180,AGENT,231.81,1515.23,MIA,185.742975380912,1,0,2.0
13.5,52180,AGENT,232.119,1514.83,MIA,185.742975380912,1,0,2.0
13.6,52180,AGENT,232.416,1514.42,MIA,185.742975380912,1,0,2.0
13.7,52180,AGENT,232.702,1514.01,MIA,185.742975380912,1,0,2.0
13.8,52180,AGENT,232.976,1513.6,MIA,185.742975380912,1,0,2.0
13.9,52180,AGENT,233.237,1513.17,MIA,185.742975380912,1,0,2.0
14.0,52180,AGENT,233.487,1512.74,MIA,185.742975380912,1,0,2.0
14.1,52180,AGENT,233.725,1512.31,MIA,185.742975380912,1,0,2.0
14.2,52180,AGENT,233.95,1511.87,MIA,185.742975380912,1,0,2.0
14.3,52180,AGENT,234.164,1511.43,MIA,185.742975380912,1,0,2.0
14.4,52180,AGENT,234.366,1510.99,MIA,185.742975380912,1,0,2.0
14.5,52180,AGENT,234.556,1510.54,MIA,185.742975380912,1,0,2.0
14.6,52180,AGENT,234.735,1510.08,MIA,185.742975380912,1,0,2.0
14.7,52180,AGENT,234.902,1509.63,MIA,185.742975380912,1,0,2.0
14.8,52180,AGENT,235.06,1509.16,MIA,185.742975380912,1,0,2.0
14.9,52180,AGENT,235.206,1508.7,MIA,185.742975380912,1,0,2.0
