TIMESTAMP,TRACK_ID,OBJECT_TYPE,X,Y,CITY_NAME,REF_xmin,AUGMENT_TYPE,AUGMENT_DIRECTION,ATTACK_POWER_TYPE
24.0,52180,AGENT,-128.114,3252.41,MIA,-270.903219804226,1,0,5.0
24.1,52180,AGENT,-127.511,3252.43,MIA,-270.903219804226,1,0,5.0
24.2,52180,AGENT,-126.908,3252.45,MIA,-270.903219804226,1,0,5.0
24.3,52180,AGENT,-126.305,3252.48,MIA,-270.903219804226,1,0,5.0
24.4,52180,AGENT,-125.702,3252.5,MIA,-270.903219804226,1,0,5.0
24.5,52180,AGENT,-125.099,3252.52,MIA,-270.903219804226,1,0,5.0
24.6,52180,AGENT,-124.496,3252.55,MIA,-270.903219804226,1,0,5.0
24.7,52180,AGENT,-123.893,3252.57,MIA,-270.903219804226,1,0,5.0
24.8,52180,AGENT,-123.29,3252.59,MIA,-270.903219804226,1,0,5.0
24.9,52180,AGENT,-122.687,3252.61,MIA,-270.903219804226,1,0,5.0
25.0,52180,AGENT,-122.084,3252.64,MIA,-270.903219804226,1,0,5.0
25.1,52180,AGENT,-121.481,3252.66,MIA,-270.903219804226,1,0,5.0
25.2,52180,AGENT,-120.878,3252.68,MIA,-270.903219804226,1,0,5.0
25.3,52180,AGENT,-120.275,3252.71,MIA,-270.903219804226,1,0,5.0
25.4,52180,AGENT,-119.672,3252.73,MIA,-270.903219804226,1,0,5.0
25.5,52180,AGENT,-119.069,3252.75,MIA,-270.903219804226,1,0,5.0
25.6,52180,AGENT,-118.466,3252.78,MIA,-270.903219804226,1,0,5.0
25.7,52180,AGENT,-117.863,3252.8,MIA,-270.903219804226,1,0,5.0
25.8,52180,AGENT,-117.26,3252.82,MIA,-270.903219804226,1,0,5.0
25.9,52180,AGENT,-116.657,3252.84,MIA,-270.903219804226,1,0,5.0
26.0,52180,AGENT,-116.054,3252.87,MIA,-270.903219804226,1,0,5.0
26.1,52180,AGENT,-115.451,3252.89,MIA,-270.903219804226,1,0,5.0
26.2,52180,AGENT,-114.848,3252.91,MIA,-270.903219804226,1,0,5.0
26.3,52180,AGENT,-114.245,3252.93,MIA,-270.903219804226,1,0,5.0
26.4,52180,AGENT,-113.642,3252.96,MIA,-270.903219804226,1,0,5.0
26.5,52180,AGENT,-113.039,3252.98,MIA,-270.903219804226,1,0,5.0
26.6,52180,AGENT,-112.436,3253.0,MIA,-270.903219804226,1,0,5.0
26.7,52180,AGENT,-111.833,3253.03,MIA,-270.903219804226,1,0,5.0
26.8,52180,AGENT,-111.23,3253.05,MIA,-270.903219804226,1,0,5.0
26.9,52180,AGENT,-110.627,3253.07,MIA,-270.903219804226,1,0,5.0
27.0,52180,AGENT,-110.024,3253.09,MIA,-270.903219804226,1,0,5.0
27.1,52180,AGENT,-109.421,3253.12,MIA,-270.903219804226,1,0,5.0
27.2,52180,AGENT,-108.818,3253.14,MIA,-270.903219804226,1,0,5.0
27.3,52180,AGENT,-108.215,3253.16,MIA,-270.903219804226,1,0,5.0
27.4,52180,AGENT,-107.613,3253.18,MIA,-270.903219804226,1,0,5.0
27.5,52180,AGENT,-107.01,3253.21,MIA,-270.903219804226,1,0,5.0
27.6,52180,AGENT,-106.407,3253.23,MIA,-270.903219804226,1,0,5.0
27.7,52180,AGENT,-105.804,3253.25,MIA,-270.903219804226,1,0,5.0
27.8,52180,AGENT,-105.201,3253.27,MIA,-270.903219804226,1,0,5.0
27.9,52180,AGENT,-104.598,3253.3,MIA,-270.903219804226,1,0,5.0
28.0,52180,AGENT,-103.995,3253.32,MIA,-270.903219804226,1,0,5.0
28.1,52180,AGENT,-103.392,3253.34,MIA,-270.903219804226,1,0,5.0
28.2,52180,AGENT,-102.789,3253.36,MIA,-270.903219804226,1,0,5.0
28.3,52180,AGENT,-102.186,3253.39,MIA,-270.903219804226,1,0,5.0
28.4,52180,AGENT,-101.583,3253.41,MIA,-270.903219804226,1,0,5.0
28.5,52180,AGENT,-100.98,3253.43,MIA,-270.903219804226,1,0,5.0
28.6,52180,AGENT,-100.377,3253.45,MIA,-270.903219804226,1,0,5.0
28.7,52180,AGENT,-99.7736,3253.48,MIA,-270.903219804226,1,0,5.0
28.8,52180,AGENT,-99.1706,3253.5,MIA,-270.903219804226,1,0,5.0
28.9,52180,AGENT,-98.5676,3253.52,MIA,-270.903219804226,1,0,5.0
