TIMESTAMP,TRACK_ID,OBJECT_TYPE,X,Y,CITY_NAME,REF_xmin,AUGMENT_TYPE,AUGMENT_DIRECTION,ATTACK_POWER_TYPE
20.0,52180,AGENT,1552.72,378.289,PIT,1440.0,0,0,6.0
20.1,52180,AGENT,1553.23,378.776,PIT,1440.0,0,0,6.0
20.2,52180,AGENT,1553.74,379.262,PIT,1440.0,0,0,6.0
20.3,52180,AGENT,1554.25,379.749,PIT,1440.0,0,0,6.0
20.4,52180,AGENT,1554.76,380.235,PIT,1440.0,0,0,6.0
20.5,52180,AGENT,1555.27,380.722,PIT,1440.0,0,0,6.0
20.6,52180,AGENT,1555.78,381.208,PIT,1440.0,0,0,6.0
20.7,52180,AGENT,1556.29,381.694,PIT,1440.0,0,0,6.0
20.8,52180,AGENT,1556.8,382.18,PIT,1440.0,0,0,6.0
20.9,52180,AGENT,1557.31,382.666,PIT,1440.0,0,0,6.0
21.0,52180,AGENT,1557.82,383.152,PIT,1440.0,0,0,6.0
21.1,52180,AGENT,1558.33,383.638,PIT,1440.0,0,0,6.0
21.2,52180,AGENT,1558.84,384.124,PIT,1440.0,0,0,6.0
21.3,52180,AGENT,1559.35,384.609,PIT,1440.0,0,0,6.0
21.4,52180,AGENT,1559.86,385.095,PIT,1440.0,0,0,6.0
21.5,52180,AGENT,1560.37,385.58,PIT,1440.0,0,0,6.0
21.6,52180,AGENT,1560.88,386.066,PIT,1440.0,0,0,6.0
21.7,52180,AGENT,1561.39,386.551,PIT,1440.0,0,0,6.0
21.8,52180,AGENT,1561.9,387.036,PIT,1440.0,0,0,6.0
21.9,52180,AGENT,1562.41,387.522,PIT,1440.0,0,0,6.0
22.0,52180,AGENT,1562.92,388.007,PIT,1440.0,0,0,6.0
22.1,52180,AGENT,1563.43,388.493,PIT,1440.0,0,0,6.0
22.2,52180,AGENT,1563.94,388.978,PIT,1440.0,0,0,6.0
22.3,52180,AGENT,1564.45,389.463,PIT,1440.0,0,0,6.0
22.4,52180,AGENT,1564.97,389.949,PIT,1440.0,0,0,6.0
22.5,52180,AGENT,1565.48,390.434,PIT,1440.0,0,0,6.0
22.6,52180,AGENT,1565.99,390.92,PIT,1440.0,0,0,6.0
22.7,52180,AGENT,1566.5,391.406,PIT,1440.0,0,0,6.0
22.8,52180,AGENT,1567.01,391.891,PIT,1440.0,0,0,6.0
22.9,52180,AGENT,1567.52,392.377,PIT,1440.0,0,0,6.0
23.0,52180,AGENT,1568.03,392.863,PIT,1440.0,0,0,6.0
23.1,52180,AGENT,1568.54,393.348,PIT,1440.0,0,0,6.0
23.2,52180,AGENT,1569.05,393.834,PIT,1440.0,0,0,6.0
23.3,52180,AGENT,1569.56,394.32,PIT,1440.0,0,0,6.0
23.4,52180,AGENT,1570.07,394.806,PIT,1440.0,0,0,6.0
23.5,52180,AGENT,1570.58,395.292,PIT,1440.0,0,0,6.0
23.6,52180,AGENT,1571.09,395.779,PIT,1440.0,0,0,6.0
23.7,52180,AGENT,1571.6,396.265,PIT,1440.0,0,0,6.0
23.8,52180,AGENT,1572.11,396.751,PIT,1440.0,0,0,6.0
23.9,52180,AGENT,1572.62,397.238,PIT,1440.0,0,0,6.0
24.0,52180,AGENT,1573.13,397.724,PIT,1440.0,0,0,6.0
24.1,52180,AGENT,1573.64,398.21,PIT,1440.0,0,0,6.0
24.2,52180,AGENT,1574.15,398.697,PIT,1440.0,0,0,6.0
24.3,52180,AGENT,1574.66,399.184,PIT,1440.0,0,0,6.0
24.4,52180,AGENT,1575.17,399.67,PIT,1440.0,0,0,6.0
24.5,52180,AGENT,1575.68,400.157,PIT,1440.0,0,0,6.0
24.6,52180,AGENT,1576.19,400.644,PIT,1440.0,0,0,6.0
24.7,52180,AGENT,1576.69,401.131,PIT,1440.0,0,0,6.0
24.8,52180,AGENT,1577.2,401.618,PIT,1440.0,0,0,6.0
24.9,52180,AGENT,1577.71,402.105,PIT,1440.0,0,0,6.0
