TIMESTAMP,TRACK_ID,OBJECT_TYPE,X,Y,CITY_NAME,REF_xmin,AUGMENT_TYPE,AUGMENT_DIRECTION,ATTACK_POWER_TYPE
0.0,52180,AGENT,500.722,1454.66,MIA,396.6275572450832,1,1,10.0
0.1,52180,AGENT,500.743,1454.06,MIA,396.6275572450832,1,1,10.0
0.2,52180,AGENT,500.763,1453.44,MIA,396.6275572450832,1,1,10.0
0.3,52180,AGENT,500.784,1452.81,MIA,396.6275572450832,1,1,10.0
0.4,52180,AGENT,500.805,1452.18,MIA,396.6275572450832,1,1,10.0
0.5,52180,AGENT,500.827,1451.53,MIA,396.6275572450832,1,1,10.0
0.6,52180,AGENT,500.849,1450.87,MIA,396.6275572450832,1,1,10.0
0.7,52180,AGENT,500.872,1450.2,MIA,396.6275572450832,1,1,10.0
0.8,52180,AGENT,500.894,1449.52,MIA,396.6275572450832,1,1,10.0
0.9,52180,AGENT,500.918,1448.82,MIA,396.6275572450832,1,1,10.0
1.0,52180,AGENT,500.942,1448.12,MIA,396.6275572450832,1,1,10.0
1.1,52180,AGENT,500.966,1447.4,MIA,396.6275572450832,1,1,10.0
1.2,52180,AGENT,500.99,1446.67,MIA,396.6275572450832,1,1,10.0
1.3,52180,AGENT,501.016,1445.94,MIA,396.6275572450832,1,1,10.0
1.4,52180,AGENT,501.041,1445.18,MIA,396.6275572450832,1,1,10.0
1.5,52180,AGENT,501.067,1444.42,MIA,396.6275572450832,1,1,10.0
1.6,52180,AGENT,501.094,1443.65,MIA,396.6275572450832,1,1,10.0
1.7,52180,AGENT,501.121,1442.86,MIA,396.6275572450832,1,1,10.0
1.8,52180,AGENT,501.149,1442.07,MIA,396.6275572450832,1,1,10.0
1.9,52180,AGENT,501.177,1441.26,MIA,396.6275572450832,1,1,10.0
2.0,52180,AGENT,501.205,1440.44,MIA,396.6275572450832,1,1,10.0
2.1,52180,AGENT,501.234,1439.62,MIA,396.6275572450832,1,1,10.0
2.2,52180,AGENT,501.263,1438.78,MIA,396.6275572450832,1,1,10.0
2.3,52180,AGENT,501.293,1437.94,MIA,396.6275572450832,1,1,10.0
2.4,52180,AGENT,501.323,1437.09,MIA,396.6275572450832,1,1,10.0
2.5,52180,AGENT,501.354,1436.22,MIA,396.6275572450832,1,1,10.0
2.6,52180,AGENT,501.385,1435.35,MIA,396.6275572450832,1,1,10.0
2.7,52180,AGENT,501.417,1434.47,MIA,396.6275572450832,1,1,10.0
2.8,52180,AGENT,501.449,1433.58,MIA,396.6275572450832,1,1,10.0
2.9,52180,AGENT,501.481,1432.68,MIA,396.6275572450832,1,1,10.0
3.0,52180,AGENT,501.513,1431.77,MIA,396.6275572450832,1,1,10.0
3.1,52180,AGENT,501.546,1430.87,MIA,396.6275572450832,1,1,10.0
3.2,52180,AGENT,501.579,1429.96,MIA,396.6275572450832,1,1,10.0
3.3,52180,AGENT,501.611,1429.06,MIA,396.6275572450832,1,1,10.0
3.4,52180,AGENT,501.644,1428.15,MIA,396.6275572450832,1,1,10.0
3.5,52180,AGENT,501.677,1427.24,MIA,396.6275572450832,1,1,10.0
3.6,52180,AGENT,501.71,1426.34,MIA,396.6275572450832,1,1,10.0
3.7,52180,AGENT,501.742,1425.43,MIA,396.6275572450832,1,1,10.0
3.8,52180,AGENT,501.775,1424.53,MIA,396.6275572450832,1,1,10.0
3.9,52180,AGENT,501.808,1423.62,MIA,396.6275572450832,1,1,10.0
4.0,52180,AGENT,501.841,1422.72,MIA,396.6275572450832,1,1,10.0
4.1,52180,AGENT,501.873,1421.83,MIA,396.6275572450832,1,1,10.0
4.2,52180,AGENT,501.905,1420.95,MIA,396.6275572450832,1,1,10.0
4.3,52180,AGENT,501.936,1420.08,MIA,396.6275572450832,1,1,10.0
4.4,52180,AGENT,501.967,1419.22,MIA,396.6275572450832,1,1,10.0
4.5,52180,AGENT,501.998,1418.36,MIA,396.6275572450832,1,1,10.0
4.6,52180,AGENT,502.029,1417.52,MIA,396.6275572450832,1,1,10.0
4.7,52180,AGENT,502.059,1416.69,MIA,396.6275572450832,1,1,10.0
4.8,52180,AGENT,502.089,1415.86,MIA,396.6275572450832,1,1,10.0
4.9,52180,AGENT,502.119,1415.04,MIA,396.6275572450832,1,1,10.0
