TIMESTAMP,TRACK_ID,OBJECT_TYPE,X,Y,CITY_NAME,REF_xmin,AUGMENT_TYPE,AUGMENT_DIRECTION,ATTACK_POWER_TYPE
4.0,52180,AGENT,3513.61,2054.05,PIT,3503.4638371231194,0,0,5.0
4.1,52180,AGENT,3513.2,2053.67,PIT,3503.4638371231194,0,0,5.0
4.2,52180,AGENT,3512.79,2053.29,PIT,3503.4638371231194,0,0,5.0
4.3,52180,AGENT,3512.38,2052.9,PIT,3503.4638371231194,0,0,5.0
4.4,52180,AGENT,3511.97,2052.52,PIT,3503.4638371231194,0,0,5.0
4.5,52180,AGENT,3511.56,2052.13,PIT,3503.4638371231194,0,0,5.0
4.6,52180,AGENT,3511.16,2051.74,PIT,3503.4638371231194,0,0,5.0
4.7,52180,AGENT,3510.76,2051.35,PIT,3503.4638371231194,0,0,5.0
4.8,52180,AGENT,3510.36,2050.96,PIT,3503.4638371231194,0,0,5.0
4.9,52180,AGENT,3509.96,2050.57,PIT,3503.4638371231194,0,0,5.0
5.0,52180,AGENT,3509.58,2050.17,PIT,3503.4638371231194,0,0,5.0
5.1,52180,AGENT,3509.2,2049.78,PIT,3503.4638371231194,0,0,5.0
5.2,52180,AGENT,3508.83,2049.39,PIT,3503.4638371231194,0,0,5.0
5.3,52180,AGENT,3508.47,2049.0,PIT,3503.4638371231194,0,0,5.0
5.4,52180,AGENT,3508.12,2048.62,PIT,3503.4638371231194,0,0,5.0
5.5,52180,AGENT,3507.78,2048.23,PIT,3503.4638371231194,0,0,5.0
5.6,52180,AGENT,3507.45,2047.85,PIT,3503.4638371231194,0,0,5.0
5.7,52180,AGENT,3507.13,2047.46,PIT,3503.4638371231194,0,0,5.0
5.8,52180,AGENT,3506.82,2047.06,PIT,3503.4638371231194,0,0,5.0
5.9,52180,AGENT,3506.53,2046.65,PIT,3503.4638371231194,0,0,5.0
6.0,52180,AGENT,3506.24,2046.24,PIT,3503.4638371231194,0,0,5.0
6.1,52180,AGENT,3505.97,2045.83,PIT,3503.4638371231194,0,0,5.0
6.2,52180,AGENT,3505.71,2045.41,PIT,3503.4638371231194,0,0,5.0
6.3,52180,AGENT,3505.47,2044.99,PIT,3503.4638371231194,0,0,5.0
6.4,52180,AGENT,3505.24,2044.56,PIT,3503.4638371231194,0,0,5.0
6.5,52180,AGENT,3505.03,2044.13,PIT,3503.4638371231194,0,0,5.0
6.6,52180,AGENT,3504.84,2043.7,PIT,3503.4638371231194,0,0,5.0
6.7,52180,AGENT,3504.66,2043.26,PIT,3503.4638371231194,0,0,5.0
6.8,52180,AGENT,3504.5,2042.82,PIT,3503.4638371231194,0,0,5.0
6.9,52180,AGENT,3504.36,2042.37,PIT,3503.4638371231194,0,0,5.0
7.0,52180,AGENT,3504.24,2041.93,PIT,3503.4638371231194,0,0,5.0
7.1,52180,AGENT,3504.13,2041.48,PIT,3503.4638371231194,0,0,5.0
7.2,52180,AGENT,3504.05,2041.03,PIT,3503.4638371231194,0,0,5.0
7.3,52180,AGENT,3503.99,2040.58,PIT,3503.4638371231194,0,0,5.0
7.4,52180,AGENT,3503.94,2040.14,PIT,3503.4638371231194,0,0,5.0
7.5,52180,AGENT,3503.92,2039.69,PIT,3503.4638371231194,0,0,5.0
7.6,52180,AGENT,3503.91,2039.24,PIT,3503.4638371231194,0,0,5.0
7.7,52180,AGENT,3503.92,2038.8,PIT,3503.4638371231194,0,0,5.0
7.8,52180,AGENT,3503.95,2038.36,PIT,3503.4638371231194,0,0,5.0
7.9,52180,AGENT,3504.0,2037.91,PIT,3503.4638371231194,0,0,5.0
8.0,52180,AGENT,3504.07,2037.47,PIT,3503.4638371231194,0,0,5.0
8.1,52180,AGENT,3504.17,2037.02,PIT,3503.4638371231194,0,0,5.0
8.2,52180,AGENT,3504.29,2036.57,PIT,3503.4638371231194,0,0,5.0
8.3,52180,AGENT,3504.43,2036.11,PIT,3503.4638371231194,0,0,5.0
8.4,52180,AGENT,3504.58,2035.66,PIT,3503.4638371231194,0,0,5.0
8.5,52180,AGENT,3504.76,2035.21,PIT,3503.4638371231194,0,0,5.0
8.6,52180,AGENT,3504.95,2034.75,PIT,3503.4638371231194,0,0,5.0
8.7,52180,AGENT,3505.16,2034.3,PIT,3503.4638371231194,0,0,5.0
8.8,52180,AGENT,3505.39,2033.85,PIT,3503.4638371231194,0,0,5.0
8.9,52180,AGENT,3505.62,2033.41,PIT,3503.4638371231194,0,0,5.0
