TIMESTAMP,TRACK_ID,OBJECT_TYPE,X,Y,CITY_NAME,REF_xmin,AUGMENT_TYPE,AUGMENT_DIRECTION,ATTACK_POWER_TYPE
16.0,52180,AGENT,187.955,3677.67,MIA,172.02789927365316,1,0,6.0
16.1,52180,AGENT,187.382,3677.36,MIA,172.02789927365316,1,0,6.0
16.2,52180,AGENT,186.816,3677.03,MIA,172.02789927365316,1,0,6.0
16.3,52180,AGENT,186.258,3676.69,MIA,172.02789927365316,1,0,6.0
16.4,52180,AGENT,185.707,3676.33,MIA,172.02789927365316,1,0,6.0
16.5,52180,AGENT,185.165,3675.97,MIA,172.02789927365316,1,0,6.0
16.6,52180,AGENT,184.631,3675.59,MIA,172.02789927365316,1,0,6.0
16.7,52180,AGENT,184.105,3675.21,MIA,172.02789927365316,1,0,6.0
16.8,52180,AGENT,183.588,3674.81,MIA,172.02789927365316,1,0,6.0
16.9,52180,AGENT,183.079,3674.4,MIA,172.02789927365316,1,0,6.0
17.0,52180,AGENT,182.579,3673.98,MIA,172.02789927365316,1,0,6.0
17.1,52180,AGENT,182.087,3673.55,MIA,172.02789927365316,1,0,6.0
17.2,52180,AGENT,181.605,3673.11,MIA,172.02789927365316,1,0,6.0
17.3,52180,AGENT,181.131,3672.67,MIA,172.02789927365316,1,0,6.0
17.4,52180,AGENT,180.667,3672.21,MIA,172.02789927365316,1,0,6.0
17.5,52180,AGENT,180.213,3671.74,MIA,172.02789927365316,1,0,6.0
17.6,52180,AGENT,179.767,3671.27,MIA,172.02789927365316,1,0,6.0
17.7,52180,AGENT,179.332,3670.78,MIA,172.02789927365316,1,0,6.0
17.8,52180,AGENT,178.907,3670.29,MIA,172.02789927365316,1,0,6.0
17.9,52180,AGENT,178.492,3669.79,MIA,172.02789927365316,1,0,6.0
18.0,52180,AGENT,178.087,3669.28,MIA,172.02789927365316,1,0,6.0
18.1,52180,AGENT,177.694,3668.76,MIA,172.02789927365316,1,0,6.0
18.2,52180,AGENT,177.311,3668.24,MIA,172.02789927365316,1,0,6.0
18.3,52180,AGENT,176.94,3667.71,MIA,172.02789927365316,1,0,6.0
18.4,52180,AGENT,176.581,3667.17,MIA,172.02789927365316,1,0,6.0
18.5,52180,AGENT,176.234,3666.62,MIA,172.02789927365316,1,0,6.0
18.6,52180,AGENT,175.899,3666.07,MIA,172.02789927365316,1,0,6.0
18.7,52180,AGENT,175.576,3665.51,MIA,172.02789927365316,1,0,6.0
18.8,52180,AGENT,175.266,3664.95,MIA,172.02789927365316,1,0,6.0
18.9,52180,AGENT,174.969,3664.38,MIA,172.02789927365316,1,0,6.0
19.0,52180,AGENT,174.686,3663.81,MIA,172.02789927365316,1,0,6.0
19.1,52180,AGENT,174.416,3663.23,MIA,172.02789927365316,1,0,6.0
19.2,52180,AGENT,174.159,3662.64,MIA,172.02789927365316,1,0,6.0
19.3,52180,AGENT,173.916,3662.05,MIA,172.02789927365316,1,0,6.0
19.4,52180,AGENT,173.687,3661.46,MIA,172.02789927365316,1,0,6.0
19.5,52180,AGENT,173.471,3660.86,MIA,172.02789927365316,1,0,6.0
19.6,52180,AGENT,173.27,3660.26,MIA,172.02789927365316,1,0,6.0
19.7,52180,AGENT,173.082,3659.66,MIA,172.02789927365316,1,0,6.0
19.8,52180,AGENT,172.908,3659.05,MIA,172.02789927365316,1,0,6.0
19.9,52180,AGENT,172.747,3658.43,MIA,172.02789927365316,1,0,6.0
20.0,52180,AGENT,172.6,3657.82,MIA,172.02789927365316,1,0,6.0
20.1,52180,AGENT,172.466,3657.2,MIA,172.02789927365316,1,0,6.0
20.2,52180,AGENT,172.345,3656.58,MIA,172.02789927365316,1,0,6.0
20.3,52180,AGENT,172.237,3655.96,MIA,172.02789927365316,1,0,6.0
20.4,52180,AGENT,172.141,3655.33,MIA,172.02789927365316,1,0,6.0
20.5,52180,AGENT,172.057,3654.71,MIA,172.02789927365316,1,0,6.0
20.6,52180,AGENT,171.985,3654.08,MIA,172.02789927365316,1,0,6.0
20.7,52180,AGENT,171.927,3653.46,MIA,172.02789927365316,1,0,6.0
20.8,52180,AGENT,171.88,3652.83,MIA,172.02789927365316,1,0,6.0
20.9,52180,AGENT,171.846,3652.2,MIA,172.02789927365316,1,0,6.0
