TIMESTAMP,TRACK_ID,OBJECT_TYPE,X,Y,CITY_NAME,REF_xmin,AUGMENT_TYPE,AUGMENT_DIRECTION,ATTACK_POWER_TYPE
16.0,52180,AGENT,485.51,612.853,MIA,442.6143324028235,1,1,5.0
16.1,52180,AGENT,484.774,612.897,MIA,442.6143324028235,1,1,5.0
16.2,52180,AGENT,484.038,612.933,MIA,442.6143324028235,1,1,5.0
16.3,52180,AGENT,483.3,612.962,MIA,442.6143324028235,1,1,5.0
16.4,52180,AGENT,482.561,612.984,MIA,442.6143324028235,1,1,5.0
16.5,52180,AGENT,481.815,612.998,MIA,442.6143324028235,1,1,5.0
16.6,52180,AGENT,481.055,613.004,MIA,442.6143324028235,1,1,5.0
16.7,52180,AGENT,480.284,613.002,MIA,442.6143324028235,1,1,5.0
16.8,52180,AGENT,479.506,612.995,MIA,442.6143324028235,1,1,5.0
16.9,52180,AGENT,478.726,612.982,MIA,442.6143324028235,1,1,5.0
17.0,52180,AGENT,477.944,612.964,MIA,442.6143324028235,1,1,5.0
17.1,52180,AGENT,477.16,612.941,MIA,442.6143324028235,1,1,5.0
17.2,52180,AGENT,476.375,612.915,MIA,442.6143324028235,1,1,5.0
17.3,52180,AGENT,475.591,612.886,MIA,442.6143324028235,1,1,5.0
17.4,52180,AGENT,474.808,612.855,MIA,442.6143324028235,1,1,5.0
17.5,52180,AGENT,474.016,612.822,MIA,442.6143324028235,1,1,5.0
17.6,52180,AGENT,473.208,612.787,MIA,442.6143324028235,1,1,5.0
17.7,52180,AGENT,472.391,612.752,MIA,442.6143324028235,1,1,5.0
17.8,52180,AGENT,471.569,612.717,MIA,442.6143324028235,1,1,5.0
17.9,52180,AGENT,470.744,612.682,MIA,442.6143324028235,1,1,5.0
18.0,52180,AGENT,469.919,612.649,MIA,442.6143324028235,1,1,5.0
18.1,52180,AGENT,469.096,612.617,MIA,442.6143324028235,1,1,5.0
18.2,52180,AGENT,468.28,612.588,MIA,442.6143324028235,1,1,5.0
18.3,52180,AGENT,467.472,612.562,MIA,442.6143324028235,1,1,5.0
18.4,52180,AGENT,466.67,612.541,MIA,442.6143324028235,1,1,5.0
18.5,52180,AGENT,465.871,612.526,MIA,442.6143324028235,1,1,5.0
18.6,52180,AGENT,465.07,612.523,MIA,442.6143324028235,1,1,5.0
18.7,52180,AGENT,464.264,612.534,MIA,442.6143324028235,1,1,5.0
18.8,52180,AGENT,463.456,612.559,MIA,442.6143324028235,1,1,5.0
18.9,52180,AGENT,462.652,612.598,MIA,442.6143324028235,1,1,5.0
19.0,52180,AGENT,461.856,612.649,MIA,442.6143324028235,1,1,5.0
19.1,52180,AGENT,461.072,612.712,MIA,442.6143324028235,1,1,5.0
19.2,52180,AGENT,460.301,612.787,MIA,442.6143324028235,1,1,5.0
19.3,52180,AGENT,459.542,612.875,MIA,442.6143324028235,1,1,5.0
19.4,52180,AGENT,458.797,612.979,MIA,442.6143324028235,1,1,5.0
19.5,52180,AGENT,458.065,613.099,MIA,442.6143324028235,1,1,5.0
19.6,52180,AGENT,457.349,613.234,MIA,442.6143324028235,1,1,5.0
19.7,52180,AGENT,456.65,613.387,MIA,442.6143324028235,1,1,5.0
19.8,52180,AGENT,455.968,613.556,MIA,442.6143324028235,1,1,5.0
19.9,52180,AGENT,455.301,613.746,MIA,442.6143324028235,1,1,5.0
20.0,52180,AGENT,454.649,613.96,MIA,442.6143324028235,1,1,5.0
20.1,52180,AGENT,454.012,614.2,MIA,442.6143324028235,1,1,5.0
20.2,52180,AGENT,453.391,614.463,MIA,442.6143324028235,1,1,5.0
20.3,52180,AGENT,452.788,614.75,MIA,442.6143324028235,1,1,5.0
20.4,52180,AGENT,452.202,615.06,MIA,442.6143324028235,1,1,5.0
20.5,52180,AGENT,451.633,615.396,MIA,442.6143324028235,1,1,5.0
20.6,52180,AGENT,451.079,615.763,MIA,442.6143324028235,1,1,5.0
20.7,52180,AGENT,450.542,616.158,MIA,442.6143324028235,1,1,5.0
20.8,52180,AGENT,450.021,616.581,MIA,442.6143324028235,1,1,5.0
20.9,52180,AGENT,449.517,617.03,MIA,442.6143324028235,1,1,5.0
