TIMESTAMP,TRACK_ID,OBJECT_TYPE,X,Y,CITY_NAME,REF_xmin,AUGMENT_TYPE,AUGMENT_DIRECTION,ATTACK_POWER_TYPE
6.0,52180,AGENT,411.437,1504.11,MIA,411.17007989268245,0,1,4.0
6.1,52180,AGENT,411.448,1504.78,MIA,411.17007989268245,0,1,4.0
6.2,52180,AGENT,411.458,1505.46,MIA,411.17007989268245,0,1,4.0
6.3,52180,AGENT,411.47,1506.13,MIA,411.17007989268245,0,1,4.0
6.4,52180,AGENT,411.481,1506.81,MIA,411.17007989268245,0,1,4.0
6.5,52180,AGENT,411.494,1507.48,MIA,411.17007989268245,0,1,4.0
6.6,52180,AGENT,411.507,1508.16,MIA,411.17007989268245,0,1,4.0
6.7,52180,AGENT,411.522,1508.82,MIA,411.17007989268245,0,1,4.0
6.8,52180,AGENT,411.539,1509.49,MIA,411.17007989268245,0,1,4.0
6.9,52180,AGENT,411.558,1510.16,MIA,411.17007989268245,0,1,4.0
7.0,52180,AGENT,411.581,1510.82,MIA,411.17007989268245,0,1,4.0
7.1,52180,AGENT,411.607,1511.49,MIA,411.17007989268245,0,1,4.0
7.2,52180,AGENT,411.638,1512.15,MIA,411.17007989268245,0,1,4.0
7.3,52180,AGENT,411.674,1512.82,MIA,411.17007989268245,0,1,4.0
7.4,52180,AGENT,411.715,1513.49,MIA,411.17007989268245,0,1,4.0
7.5,52180,AGENT,411.761,1514.15,MIA,411.17007989268245,0,1,4.0
7.6,52180,AGENT,411.812,1514.81,MIA,411.17007989268245,0,1,4.0
7.7,52180,AGENT,411.868,1515.46,MIA,411.17007989268245,0,1,4.0
7.8,52180,AGENT,411.93,1516.11,MIA,411.17007989268245,0,1,4.0
7.9,52180,AGENT,411.998,1516.75,MIA,411.17007989268245,0,1,4.0
8.0,52180,AGENT,412.072,1517.37,MIA,411.17007989268245,0,1,4.0
8.1,52180,AGENT,412.155,1517.99,MIA,411.17007989268245,0,1,4.0
8.2,52180,AGENT,412.247,1518.6,MIA,411.17007989268245,0,1,4.0
8.3,52180,AGENT,412.353,1519.2,MIA,411.17007989268245,0,1,4.0
8.4,52180,AGENT,412.47,1519.8,MIA,411.17007989268245,0,1,4.0
8.5,52180,AGENT,412.596,1520.38,MIA,411.17007989268245,0,1,4.0
8.6,52180,AGENT,412.732,1520.96,MIA,411.17007989268245,0,1,4.0
8.7,52180,AGENT,412.881,1521.52,MIA,411.17007989268245,0,1,4.0
8.8,52180,AGENT,413.047,1522.07,MIA,411.17007989268245,0,1,4.0
8.9,52180,AGENT,413.23,1522.61,MIA,411.17007989268245,0,1,4.0
9.0,52180,AGENT,413.431,1523.14,MIA,411.17007989268245,0,1,4.0
9.1,52180,AGENT,413.648,1523.66,MIA,411.17007989268245,0,1,4.0
9.2,52180,AGENT,413.884,1524.16,MIA,411.17007989268245,0,1,4.0
9.3,52180,AGENT,414.137,1524.65,MIA,411.17007989268245,0,1,4.0
9.4,52180,AGENT,414.408,1525.12,MIA,411.17007989268245,0,1,4.0
9.5,52180,AGENT,414.696,1525.58,MIA,411.17007989268245,0,1,4.0
9.6,52180,AGENT,415.0,1526.02,MIA,411.17007989268245,0,1,4.0
9.7,52180,AGENT,415.321,1526.45,MIA,411.17007989268245,0,1,4.0
9.8,52180,AGENT,415.655,1526.85,MIA,411.17007989268245,0,1,4.0
9.9,52180,AGENT,416.005,1527.24,MIA,411.17007989268245,0,1,4.0
10.0,52180,AGENT,416.367,1527.61,MIA,411.17007989268245,0,1,4.0
10.1,52180,AGENT,416.742,1527.96,MIA,411.17007989268245,0,1,4.0
10.2,52180,AGENT,417.128,1528.29,MIA,411.17007989268245,0,1,4.0
10.3,52180,AGENT,417.53,1528.61,MIA,411.17007989268245,0,1,4.0
10.4,52180,AGENT,417.951,1528.9,MIA,411.17007989268245,0,1,4.0
10.5,52180,AGENT,418.391,1529.18,MIA,411.17007989268245,0,1,4.0
10.6,52180,AGENT,418.849,1529.44,MIA,411.17007989268245,0,1,4.0
10.7,52180,AGENT,419.324,1529.68,MIA,411.17007989268245,0,1,4.0
10.8,52180,AGENT,419.816,1529.9,MIA,411.17007989268245,0,1,4.0
10.9,52180,AGENT,420.324,1530.11,MIA,411.17007989268245,0,1,4.0
