TIMESTAMP,TRACK_ID,OBJECT_TYPE,X,Y,CITY_NAME,REF_xmin,AUGMENT_TYPE,AUGMENT_DIRECTION,ATTACK_POWER_TYPE
0.0,52180,AGENT,65.8557,926.208,MIA,65.85569733427837,0,0,6.0
0.1,52180,AGENT,65.8896,925.608,MIA,65.85569733427837,0,0,6.0
0.2,52180,AGENT,65.9274,925.01,MIA,65.85569733427837,0,0,6.0
0.3,52180,AGENT,65.9675,924.417,MIA,65.85569733427837,0,0,6.0
0.4,52180,AGENT,66.0087,923.834,MIA,65.85569733427837,0,0,6.0
0.5,52180,AGENT,66.0519,923.262,MIA,65.85569733427837,0,0,6.0
0.6,52180,AGENT,66.0982,922.701,MIA,65.85569733427837,0,0,6.0
0.7,52180,AGENT,66.1495,922.151,MIA,65.85569733427837,0,0,6.0
0.8,52180,AGENT,66.2077,921.612,MIA,65.85569733427837,0,0,6.0
0.9,52180,AGENT,66.2735,921.083,MIA,65.85569733427837,0,0,6.0
1.0,52180,AGENT,66.3478,920.567,MIA,65.85569733427837,0,0,6.0
1.1,52180,AGENT,66.431,920.063,MIA,65.85569733427837,0,0,6.0
1.2,52180,AGENT,66.5239,919.572,MIA,65.85569733427837,0,0,6.0
1.3,52180,AGENT,66.6263,919.096,MIA,65.85569733427837,0,0,6.0
1.4,52180,AGENT,66.7386,918.634,MIA,65.85569733427837,0,0,6.0
1.5,52180,AGENT,66.8663,918.186,MIA,65.85569733427837,0,0,6.0
1.6,52180,AGENT,67.0146,917.749,MIA,65.85569733427837,0,0,6.0
1.7,52180,AGENT,67.183,917.325,MIA,65.85569733427837,0,0,6.0
1.8,52180,AGENT,67.3709,916.914,MIA,65.85569733427837,0,0,6.0
1.9,52180,AGENT,67.5775,916.519,MIA,65.85569733427837,0,0,6.0
2.0,52180,AGENT,67.8021,916.139,MIA,65.85569733427837,0,0,6.0
2.1,52180,AGENT,68.0435,915.775,MIA,65.85569733427837,0,0,6.0
2.2,52180,AGENT,68.301,915.427,MIA,65.85569733427837,0,0,6.0
2.3,52180,AGENT,68.5733,915.097,MIA,65.85569733427837,0,0,6.0
2.4,52180,AGENT,68.8595,914.783,MIA,65.85569733427837,0,0,6.0
2.5,52180,AGENT,69.1585,914.487,MIA,65.85569733427837,0,0,6.0
2.6,52180,AGENT,69.4734,914.208,MIA,65.85569733427837,0,0,6.0
2.7,52180,AGENT,69.8073,913.946,MIA,65.85569733427837,0,0,6.0
2.8,52180,AGENT,70.1598,913.701,MIA,65.85569733427837,0,0,6.0
2.9,52180,AGENT,70.5298,913.475,MIA,65.85569733427837,0,0,6.0
3.0,52180,AGENT,70.9165,913.266,MIA,65.85569733427837,0,0,6.0
3.1,52180,AGENT,71.3193,913.073,MIA,65.85569733427837,0,0,6.0
3.2,52180,AGENT,71.7376,912.898,MIA,65.85569733427837,0,0,6.0
3.3,52180,AGENT,72.1707,912.738,MIA,65.85569733427837,0,0,6.0
3.4,52180,AGENT,72.6185,912.594,MIA,65.85569733427837,0,0,6.0
3.5,52180,AGENT,73.0791,912.465,MIA,65.85569733427837,0,0,6.0
3.6,52180,AGENT,73.5505,912.35,MIA,65.85569733427837,0,0,6.0
3.7,52180,AGENT,74.0284,912.248,MIA,65.85569733427837,0,0,6.0
3.8,52180,AGENT,74.5138,912.16,MIA,65.85569733427837,0,0,6.0
3.9,52180,AGENT,75.0109,912.083,MIA,65.85569733427837,0,0,6.0
4.0,52180,AGENT,75.5195,912.016,MIA,65.85569733427837,0,0,6.0
4.1,52180,AGENT,76.0382,911.961,MIA,65.85569733427837,0,0,6.0
4.2,52180,AGENT,76.566,911.914,MIA,65.85569733427837,0,0,6.0
4.3,52180,AGENT,77.1026,911.877,MIA,65.85569733427837,0,0,6.0
4.4,52180,AGENT,77.648,911.846,MIA,65.85569733427837,0,0,6.0
4.5,52180,AGENT,78.2008,911.822,MIA,65.85569733427837,0,0,6.0
4.6,52180,AGENT,78.7556,911.805,MIA,65.85569733427837,0,0,6.0
4.7,52180,AGENT,79.309,911.793,MIA,65.85569733427837,0,0,6.0
4.8,52180,AGENT,79.8609,911.785,MIA,65.85569733427837,0,0,6.0
4.9,52180,AGENT,80.4116,911.781,MIA,65.85569733427837,0,0,6.0
