TIMESTAMP,TRACK_ID,OBJECT_TYPE,X,Y,CITY_NAME,REF_xmin,AUGMENT_TYPE,AUGMENT_DIRECTION,ATTACK_POWER_TYPE
32.0,52180,AGENT,-142.358,2025.34,MIA,-194.2550235490609,0,0,1.0
32.1,52180,AGENT,-141.906,2025.4,MIA,-194.2550235490609,0,0,1.0
32.2,52180,AGENT,-141.458,2025.47,MIA,-194.2550235490609,0,0,1.0
32.3,52180,AGENT,-141.017,2025.54,MIA,-194.2550235490609,0,0,1.0
32.4,52180,AGENT,-140.576,2025.61,MIA,-194.2550235490609,0,0,1.0
32.5,52180,AGENT,-140.134,2025.68,MIA,-194.2550235490609,0,0,1.0
32.6,52180,AGENT,-139.691,2025.76,MIA,-194.2550235490609,0,0,1.0
32.7,52180,AGENT,-139.248,2025.84,MIA,-194.2550235490609,0,0,1.0
32.8,52180,AGENT,-138.803,2025.93,MIA,-194.2550235490609,0,0,1.0
32.9,52180,AGENT,-138.357,2026.02,MIA,-194.2550235490609,0,0,1.0
33.0,52180,AGENT,-137.909,2026.11,MIA,-194.2550235490609,0,0,1.0
33.1,52180,AGENT,-137.46,2026.21,MIA,-194.2550235490609,0,0,1.0
33.2,52180,AGENT,-137.011,2026.31,MIA,-194.2550235490609,0,0,1.0
33.3,52180,AGENT,-136.562,2026.41,MIA,-194.2550235490609,0,0,1.0
33.4,52180,AGENT,-136.114,2026.51,MIA,-194.2550235490609,0,0,1.0
33.5,52180,AGENT,-135.667,2026.61,MIA,-194.2550235490609,0,0,1.0
33.6,52180,AGENT,-135.219,2026.71,MIA,-194.2550235490609,0,0,1.0
33.7,52180,AGENT,-134.772,2026.82,MIA,-194.2550235490609,0,0,1.0
33.8,52180,AGENT,-134.324,2026.92,MIA,-194.2550235490609,0,0,1.0
33.9,52180,AGENT,-133.876,2027.02,MIA,-194.2550235490609,0,0,1.0
34.0,52180,AGENT,-133.427,2027.11,MIA,-194.2550235490609,0,0,1.0
34.1,52180,AGENT,-132.978,2027.21,MIA,-194.2550235490609,0,0,1.0
34.2,52180,AGENT,-132.528,2027.3,MIA,-194.2550235490609,0,0,1.0
34.3,52180,AGENT,-132.077,2027.38,MIA,-194.2550235490609,0,0,1.0
34.4,52180,AGENT,-131.627,2027.46,MIA,-194.2550235490609,0,0,1.0
34.5,52180,AGENT,-131.177,2027.53,MIA,-194.2550235490609,0,0,1.0
34.6,52180,AGENT,-130.732,2027.59,MIA,-194.2550235490609,0,0,1.0
34.7,52180,AGENT,-130.294,2027.64,MIA,-194.2550235490609,0,0,1.0
34.8,52180,AGENT,-129.864,2027.69,MIA,-194.2550235490609,0,0,1.0
34.9,52180,AGENT,-129.443,2027.73,MIA,-194.2550235490609,0,0,1.0
35.0,52180,AGENT,-129.031,2027.76,MIA,-194.2550235490609,0,0,1.0
35.1,52180,AGENT,-128.629,2027.78,MIA,-194.2550235490609,0,0,1.0
35.2,52180,AGENT,-128.236,2027.79,MIA,-194.2550235490609,0,0,1.0
35.3,52180,AGENT,-127.851,2027.79,MIA,-194.2550235490609,0,0,1.0
35.4,52180,AGENT,-127.472,2027.77,MIA,-194.2550235490609,0,0,1.0
35.5,52180,AGENT,-127.099,2027.73,MIA,-194.2550235490609,0,0,1.0
35.6,52180,AGENT,-126.734,2027.67,MIA,-194.2550235490609,0,0,1.0
35.7,52180,AGENT,-126.378,2027.6,MIA,-194.2550235490609,0,0,1.0
35.8,52180,AGENT,-126.031,2027.51,MIA,-194.2550235490609,0,0,1.0
35.9,52180,AGENT,-125.694,2027.4,MIA,-194.2550235490609,0,0,1.0
36.0,52180,AGENT,-125.369,2027.27,MIA,-194.2550235490609,0,0,1.0
36.1,52180,AGENT,-125.056,2027.13,MIA,-194.2550235490609,0,0,1.0
36.2,52180,AGENT,-124.755,2026.97,MIA,-194.2550235490609,0,0,1.0
36.3,52180,AGENT,-124.467,2026.8,MIA,-194.2550235490609,0,0,1.0
36.4,52180,AGENT,-124.192,2026.61,MIA,-194.2550235490609,0,0,1.0
36.5,52180,AGENT,-123.93,2026.39,MIA,-194.2550235490609,0,0,1.0
36.6,52180,AGENT,-123.68,2026.16,MIA,-194.2550235490609,0,0,1.0
36.7,52180,AGENT,-123.443,2025.9,MIA,-194.2550235490609,0,0,1.0
36.8,52180,AGENT,-123.22,2025.63,MIA,-194.2550235490609,0,0,1.0
36.9,52180,AGENT,-123.01,2025.34,MIA,-194.2550235490609,0,0,1.0
