TIMESTAMP,TRACK_ID,OBJECT_TYPE,X,Y,CITY_NAME,REF_xmin,AUGMENT_TYPE,AUGMENT_DIRECTION,ATTACK_POWER_TYPE
0.0,52180,AGENT,182.519,1664.08,MIA,182.51903580874205,1,0,4.0
0.1,52180,AGENT,182.541,1663.48,MIA,182.51903580874205,1,0,4.0
0.2,52180,AGENT,182.563,1662.88,MIA,182.51903580874205,1,0,4.0
0.3,52180,AGENT,182.585,1662.28,MIA,182.51903580874205,1,0,4.0
0.4,52180,AGENT,182.608,1661.68,MIA,182.51903580874205,1,0,4.0
0.5,52180,AGENT,182.634,1661.07,MIA,182.51903580874205,1,0,4.0
0.6,52180,AGENT,182.665,1660.47,MIA,182.51903580874205,1,0,4.0
0.7,52180,AGENT,182.701,1659.87,MIA,182.51903580874205,1,0,4.0
0.8,52180,AGENT,182.741,1659.27,MIA,182.51903580874205,1,0,4.0
0.9,52180,AGENT,182.783,1658.69,MIA,182.51903580874205,1,0,4.0
1.0,52180,AGENT,182.83,1658.11,MIA,182.51903580874205,1,0,4.0
1.1,52180,AGENT,182.883,1657.55,MIA,182.51903580874205,1,0,4.0
1.2,52180,AGENT,182.943,1656.99,MIA,182.51903580874205,1,0,4.0
1.3,52180,AGENT,183.011,1656.45,MIA,182.51903580874205,1,0,4.0
1.4,52180,AGENT,183.088,1655.92,MIA,182.51903580874205,1,0,4.0
1.5,52180,AGENT,183.174,1655.4,MIA,182.51903580874205,1,0,4.0
1.6,52180,AGENT,183.27,1654.89,MIA,182.51903580874205,1,0,4.0
1.7,52180,AGENT,183.377,1654.4,MIA,182.51903580874205,1,0,4.0
1.8,52180,AGENT,183.497,1653.92,MIA,182.51903580874205,1,0,4.0
1.9,52180,AGENT,183.628,1653.46,MIA,182.51903580874205,1,0,4.0
2.0,52180,AGENT,183.777,1653.02,MIA,182.51903580874205,1,0,4.0
2.1,52180,AGENT,183.945,1652.58,MIA,182.51903580874205,1,0,4.0
2.2,52180,AGENT,184.134,1652.17,MIA,182.51903580874205,1,0,4.0
2.3,52180,AGENT,184.341,1651.76,MIA,182.51903580874205,1,0,4.0
2.4,52180,AGENT,184.566,1651.38,MIA,182.51903580874205,1,0,4.0
2.5,52180,AGENT,184.808,1651.01,MIA,182.51903580874205,1,0,4.0
2.6,52180,AGENT,185.066,1650.66,MIA,182.51903580874205,1,0,4.0
2.7,52180,AGENT,185.344,1650.32,MIA,182.51903580874205,1,0,4.0
2.8,52180,AGENT,185.644,1650.01,MIA,182.51903580874205,1,0,4.0
2.9,52180,AGENT,185.966,1649.71,MIA,182.51903580874205,1,0,4.0
3.0,52180,AGENT,186.309,1649.43,MIA,182.51903580874205,1,0,4.0
3.1,52180,AGENT,186.67,1649.17,MIA,182.51903580874205,1,0,4.0
3.2,52180,AGENT,187.05,1648.92,MIA,182.51903580874205,1,0,4.0
3.3,52180,AGENT,187.447,1648.7,MIA,182.51903580874205,1,0,4.0
3.4,52180,AGENT,187.86,1648.49,MIA,182.51903580874205,1,0,4.0
3.5,52180,AGENT,188.288,1648.3,MIA,182.51903580874205,1,0,4.0
3.6,52180,AGENT,188.731,1648.12,MIA,182.51903580874205,1,0,4.0
3.7,52180,AGENT,189.188,1647.97,MIA,182.51903580874205,1,0,4.0
3.8,52180,AGENT,189.658,1647.82,MIA,182.51903580874205,1,0,4.0
3.9,52180,AGENT,190.14,1647.7,MIA,182.51903580874205,1,0,4.0
4.0,52180,AGENT,190.635,1647.58,MIA,182.51903580874205,1,0,4.0
4.1,52180,AGENT,191.142,1647.48,MIA,182.51903580874205,1,0,4.0
4.2,52180,AGENT,191.662,1647.4,MIA,182.51903580874205,1,0,4.0
4.3,52180,AGENT,192.193,1647.32,MIA,182.51903580874205,1,0,4.0
4.4,52180,AGENT,192.736,1647.26,MIA,182.51903580874205,1,0,4.0
4.5,52180,AGENT,193.29,1647.21,MIA,182.51903580874205,1,0,4.0
4.6,52180,AGENT,193.852,1647.16,MIA,182.51903580874205,1,0,4.0
4.7,52180,AGENT,194.424,1647.13,MIA,182.51903580874205,1,0,4.0
4.8,52180,AGENT,195.006,1647.11,MIA,182.51903580874205,1,0,4.0
4.9,52180,AGENT,195.597,1647.09,MIA,182.51903580874205,1,0,4.0
