TIMESTAMP,TRACK_ID,OBJECT_TYPE,X,Y,CITY_NAME,REF_xmin,AUGMENT_TYPE,AUGMENT_DIRECTION,ATTACK_POWER_TYPE
8.0,52180,AGENT,723.776,-140.402,PIT,693.3485599155667,1,0,7.0
8.1,52180,AGENT,724.196,-139.567,PIT,693.3485599155667,1,0,7.0
8.2,52180,AGENT,724.615,-138.732,PIT,693.3485599155667,1,0,7.0
8.3,52180,AGENT,725.035,-137.897,PIT,693.3485599155667,1,0,7.0
8.4,52180,AGENT,725.455,-137.062,PIT,693.3485599155667,1,0,7.0
8.5,52180,AGENT,725.875,-136.227,PIT,693.3485599155667,1,0,7.0
8.6,52180,AGENT,726.298,-135.388,PIT,693.3485599155667,1,0,7.0
8.7,52180,AGENT,726.725,-134.54,PIT,693.3485599155667,1,0,7.0
8.8,52180,AGENT,727.155,-133.689,PIT,693.3485599155667,1,0,7.0
8.9,52180,AGENT,727.585,-132.838,PIT,693.3485599155667,1,0,7.0
9.0,52180,AGENT,728.015,-131.987,PIT,693.3485599155667,1,0,7.0
9.1,52180,AGENT,728.446,-131.136,PIT,693.3485599155667,1,0,7.0
9.2,52180,AGENT,728.877,-130.285,PIT,693.3485599155667,1,0,7.0
9.3,52180,AGENT,729.309,-129.434,PIT,693.3485599155667,1,0,7.0
9.4,52180,AGENT,729.74,-128.584,PIT,693.3485599155667,1,0,7.0
9.5,52180,AGENT,730.173,-127.733,PIT,693.3485599155667,1,0,7.0
9.6,52180,AGENT,730.605,-126.883,PIT,693.3485599155667,1,0,7.0
9.7,52180,AGENT,731.038,-126.032,PIT,693.3485599155667,1,0,7.0
9.8,52180,AGENT,731.471,-125.182,PIT,693.3485599155667,1,0,7.0
9.9,52180,AGENT,731.904,-124.332,PIT,693.3485599155667,1,0,7.0
10.0,52180,AGENT,732.337,-123.482,PIT,693.3485599155667,1,0,7.0
10.1,52180,AGENT,732.77,-122.631,PIT,693.3485599155667,1,0,7.0
10.2,52180,AGENT,733.203,-121.781,PIT,693.3485599155667,1,0,7.0
10.3,52180,AGENT,733.636,-120.93,PIT,693.3485599155667,1,0,7.0
10.4,52180,AGENT,734.066,-120.084,PIT,693.3485599155667,1,0,7.0
10.5,52180,AGENT,734.492,-119.247,PIT,693.3485599155667,1,0,7.0
10.6,52180,AGENT,734.917,-118.409,PIT,693.3485599155667,1,0,7.0
10.7,52180,AGENT,735.344,-117.562,PIT,693.3485599155667,1,0,7.0
10.8,52180,AGENT,735.775,-116.705,PIT,693.3485599155667,1,0,7.0
10.9,52180,AGENT,736.206,-115.844,PIT,693.3485599155667,1,0,7.0
11.0,52180,AGENT,736.635,-114.982,PIT,693.3485599155667,1,0,7.0
11.1,52180,AGENT,737.063,-114.119,PIT,693.3485599155667,1,0,7.0
11.2,52180,AGENT,737.489,-113.255,PIT,693.3485599155667,1,0,7.0
11.3,52180,AGENT,737.913,-112.391,PIT,693.3485599155667,1,0,7.0
11.4,52180,AGENT,738.332,-111.53,PIT,693.3485599155667,1,0,7.0
11.5,52180,AGENT,738.747,-110.672,PIT,693.3485599155667,1,0,7.0
11.6,52180,AGENT,739.16,-109.813,PIT,693.3485599155667,1,0,7.0
11.7,52180,AGENT,739.569,-108.953,PIT,693.3485599155667,1,0,7.0
11.8,52180,AGENT,739.976,-108.091,PIT,693.3485599155667,1,0,7.0
11.9,52180,AGENT,740.38,-107.222,PIT,693.3485599155667,1,0,7.0
12.0,52180,AGENT,740.782,-106.347,PIT,693.3485599155667,1,0,7.0
12.1,52180,AGENT,741.181,-105.47,PIT,693.3485599155667,1,0,7.0
12.2,52180,AGENT,741.576,-104.591,PIT,693.3485599155667,1,0,7.0
12.3,52180,AGENT,741.966,-103.711,PIT,693.3485599155667,1,0,7.0
12.4,52180,AGENT,742.353,-102.829,PIT,693.3485599155667,1,0,7.0
12.5,52180,AGENT,742.735,-101.945,PIT,693.3485599155667,1,0,7.0
12.6,52180,AGENT,743.113,-101.06,PIT,693.3485599155667,1,0,7.0
12.7,52180,AGENT,743.488,-100.173,PIT,693.3485599155667,1,0,7.0
12.8,52180,AGENT,743.859,-99.2848,PIT,693.3485599155667,1,0,7.0
12.9,52180,AGENT,744.228,-98.392,PIT,693.3485599155667,1,0,7.0
