TIMESTAMP,TRACK_ID,OBJECT_TYPE,X,Y,CITY_NAME,REF_xmin,AUGMENT_TYPE,AUGMENT_DIRECTION,ATTACK_POWER_TYPE
14.0,52180,AGENT,502.026,1364.43,MIA,414.9922289194656,0,1,6.0
14.1,52180,AGENT,501.837,1364.23,MIA,414.9922289194656,0,1,6.0
14.2,52180,AGENT,501.638,1364.04,MIA,414.9922289194656,0,1,6.0
14.3,52180,AGENT,501.426,1363.87,MIA,414.9922289194656,0,1,6.0
14.4,52180,AGENT,501.199,1363.72,MIA,414.9922289194656,0,1,6.0
14.5,52180,AGENT,500.956,1363.59,MIA,414.9922289194656,0,1,6.0
14.6,52180,AGENT,500.701,1363.47,MIA,414.9922289194656,0,1,6.0
14.7,52180,AGENT,500.434,1363.38,MIA,414.9922289194656,0,1,6.0
14.8,52180,AGENT,500.156,1363.31,MIA,414.9922289194656,0,1,6.0
14.9,52180,AGENT,499.869,1363.25,MIA,414.9922289194656,0,1,6.0
15.0,52180,AGENT,499.572,1363.21,MIA,414.9922289194656,0,1,6.0
15.1,52180,AGENT,499.268,1363.19,MIA,414.9922289194656,0,1,6.0
15.2,52180,AGENT,498.956,1363.19,MIA,414.9922289194656,0,1,6.0
15.3,52180,AGENT,498.637,1363.21,MIA,414.9922289194656,0,1,6.0
15.4,52180,AGENT,498.311,1363.24,MIA,414.9922289194656,0,1,6.0
15.5,52180,AGENT,497.979,1363.28,MIA,414.9922289194656,0,1,6.0
15.6,52180,AGENT,497.64,1363.35,MIA,414.9922289194656,0,1,6.0
15.7,52180,AGENT,497.294,1363.43,MIA,414.9922289194656,0,1,6.0
15.8,52180,AGENT,496.943,1363.52,MIA,414.9922289194656,0,1,6.0
15.9,52180,AGENT,496.585,1363.62,MIA,414.9922289194656,0,1,6.0
16.0,52180,AGENT,496.221,1363.74,MIA,414.9922289194656,0,1,6.0
16.1,52180,AGENT,495.851,1363.88,MIA,414.9922289194656,0,1,6.0
16.2,52180,AGENT,495.475,1364.02,MIA,414.9922289194656,0,1,6.0
16.3,52180,AGENT,495.093,1364.18,MIA,414.9922289194656,0,1,6.0
16.4,52180,AGENT,494.703,1364.35,MIA,414.9922289194656,0,1,6.0
16.5,52180,AGENT,494.307,1364.53,MIA,414.9922289194656,0,1,6.0
16.6,52180,AGENT,493.904,1364.72,MIA,414.9922289194656,0,1,6.0
16.7,52180,AGENT,493.496,1364.92,MIA,414.9922289194656,0,1,6.0
16.8,52180,AGENT,493.082,1365.13,MIA,414.9922289194656,0,1,6.0
16.9,52180,AGENT,492.662,1365.35,MIA,414.9922289194656,0,1,6.0
17.0,52180,AGENT,492.239,1365.57,MIA,414.9922289194656,0,1,6.0
17.1,52180,AGENT,491.816,1365.8,MIA,414.9922289194656,0,1,6.0
17.2,52180,AGENT,491.394,1366.03,MIA,414.9922289194656,0,1,6.0
17.3,52180,AGENT,490.974,1366.26,MIA,414.9922289194656,0,1,6.0
17.4,52180,AGENT,490.556,1366.49,MIA,414.9922289194656,0,1,6.0
17.5,52180,AGENT,490.14,1366.73,MIA,414.9922289194656,0,1,6.0
17.6,52180,AGENT,489.724,1366.97,MIA,414.9922289194656,0,1,6.0
17.7,52180,AGENT,489.309,1367.2,MIA,414.9922289194656,0,1,6.0
17.8,52180,AGENT,488.895,1367.44,MIA,414.9922289194656,0,1,6.0
17.9,52180,AGENT,488.482,1367.68,MIA,414.9922289194656,0,1,6.0
18.0,52180,AGENT,488.069,1367.92,MIA,414.9922289194656,0,1,6.0
18.1,52180,AGENT,487.656,1368.17,MIA,414.9922289194656,0,1,6.0
18.2,52180,AGENT,487.239,1368.41,MIA,414.9922289194656,0,1,6.0
18.3,52180,AGENT,486.814,1368.66,MIA,414.9922289194656,0,1,6.0
18.4,52180,AGENT,486.381,1368.92,MIA,414.9922289194656,0,1,6.0
18.5,52180,AGENT,485.944,1369.17,MIA,414.9922289194656,0,1,6.0
18.6,52180,AGENT,485.501,1369.43,MIA,414.9922289194656,0,1,6.0
18.7,52180,AGENT,485.05,1369.7,MIA,414.9922289194656,0,1,6.0
18.8,52180,AGENT,484.59,1369.98,MIA,414.9922289194656,0,1,6.0
18.9,52180,AGENT,484.122,1370.26,MIA,414.9922289194656,0,1,6.0
