TIMESTAMP,TRACK_ID,OBJECT_TYPE,X,Y,CITY_NAME,REF_xmin,AUGMENT_TYPE,AUGMENT_DIRECTION,ATTACK_POWER_TYPE
2.0,52180,AGENT,2155.58,913.992,PIT,1984.6963816523407,0,0,8.0
2.1,52180,AGENT,2155.17,913.293,PIT,1984.6963816523407,0,0,8.0
2.2,52180,AGENT,2154.76,912.585,PIT,1984.6963816523407,0,0,8.0
2.3,52180,AGENT,2154.34,911.867,PIT,1984.6963816523407,0,0,8.0
2.4,52180,AGENT,2153.92,911.14,PIT,1984.6963816523407,0,0,8.0
2.5,52180,AGENT,2153.5,910.402,PIT,1984.6963816523407,0,0,8.0
2.6,52180,AGENT,2153.08,909.654,PIT,1984.6963816523407,0,0,8.0
2.7,52180,AGENT,2152.65,908.896,PIT,1984.6963816523407,0,0,8.0
2.8,52180,AGENT,2152.22,908.129,PIT,1984.6963816523407,0,0,8.0
2.9,52180,AGENT,2151.78,907.352,PIT,1984.6963816523407,0,0,8.0
3.0,52180,AGENT,2151.34,906.565,PIT,1984.6963816523407,0,0,8.0
3.1,52180,AGENT,2150.9,905.768,PIT,1984.6963816523407,0,0,8.0
3.2,52180,AGENT,2150.45,904.962,PIT,1984.6963816523407,0,0,8.0
3.3,52180,AGENT,2150.0,904.146,PIT,1984.6963816523407,0,0,8.0
3.4,52180,AGENT,2149.54,903.32,PIT,1984.6963816523407,0,0,8.0
3.5,52180,AGENT,2149.08,902.484,PIT,1984.6963816523407,0,0,8.0
3.6,52180,AGENT,2148.62,901.638,PIT,1984.6963816523407,0,0,8.0
3.7,52180,AGENT,2148.15,900.782,PIT,1984.6963816523407,0,0,8.0
3.8,52180,AGENT,2147.68,899.916,PIT,1984.6963816523407,0,0,8.0
3.9,52180,AGENT,2147.2,899.041,PIT,1984.6963816523407,0,0,8.0
4.0,52180,AGENT,2146.71,898.156,PIT,1984.6963816523407,0,0,8.0
4.1,52180,AGENT,2146.22,897.261,PIT,1984.6963816523407,0,0,8.0
4.2,52180,AGENT,2145.73,896.358,PIT,1984.6963816523407,0,0,8.0
4.3,52180,AGENT,2145.23,895.445,PIT,1984.6963816523407,0,0,8.0
4.4,52180,AGENT,2144.72,894.523,PIT,1984.6963816523407,0,0,8.0
4.5,52180,AGENT,2144.21,893.592,PIT,1984.6963816523407,0,0,8.0
4.6,52180,AGENT,2143.69,892.651,PIT,1984.6963816523407,0,0,8.0
4.7,52180,AGENT,2143.17,891.701,PIT,1984.6963816523407,0,0,8.0
4.8,52180,AGENT,2142.63,890.742,PIT,1984.6963816523407,0,0,8.0
4.9,52180,AGENT,2142.09,889.773,PIT,1984.6963816523407,0,0,8.0
5.0,52180,AGENT,2141.55,888.795,PIT,1984.6963816523407,0,0,8.0
5.1,52180,AGENT,2141.0,887.808,PIT,1984.6963816523407,0,0,8.0
5.2,52180,AGENT,2140.43,886.811,PIT,1984.6963816523407,0,0,8.0
5.3,52180,AGENT,2139.87,885.806,PIT,1984.6963816523407,0,0,8.0
5.4,52180,AGENT,2139.29,884.792,PIT,1984.6963816523407,0,0,8.0
5.5,52180,AGENT,2138.71,883.769,PIT,1984.6963816523407,0,0,8.0
5.6,52180,AGENT,2138.11,882.737,PIT,1984.6963816523407,0,0,8.0
5.7,52180,AGENT,2137.52,881.697,PIT,1984.6963816523407,0,0,8.0
5.8,52180,AGENT,2136.91,880.65,PIT,1984.6963816523407,0,0,8.0
5.9,52180,AGENT,2136.3,879.596,PIT,1984.6963816523407,0,0,8.0
6.0,52180,AGENT,2135.68,878.535,PIT,1984.6963816523407,0,0,8.0
6.1,52180,AGENT,2135.05,877.467,PIT,1984.6963816523407,0,0,8.0
6.2,52180,AGENT,2134.42,876.392,PIT,1984.6963816523407,0,0,8.0
6.3,52180,AGENT,2133.78,875.309,PIT,1984.6963816523407,0,0,8.0
6.4,52180,AGENT,2133.14,874.22,PIT,1984.6963816523407,0,0,8.0
6.5,52180,AGENT,2132.48,873.123,PIT,1984.6963816523407,0,0,8.0
6.6,52180,AGENT,2131.83,872.019,PIT,1984.6963816523407,0,0,8.0
6.7,52180,AGENT,2131.16,870.908,PIT,1984.6963816523407,0,0,8.0
6.8,52180,AGENT,2130.49,869.789,PIT,1984.6963816523407,0,0,8.0
6.9,52180,AGENT,2129.81,868.667,PIT,1984.6963816523407,0,0,8.0
