TIMESTAMP,TRACK_ID,OBJECT_TYPE,X,Y,CITY_NAME,REF_xmin,AUGMENT_TYPE,AUGMENT_DIRECTION,ATTACK_POWER_TYPE
18.0,52180,AGENT,-298.394,2495.47,MIA,-408.47090919764014,0,0,5.0
18.1,52180,AGENT,-297.497,2495.95,MIA,-408.47090919764014,0,0,5.0
18.2,52180,AGENT,-296.614,2496.42,MIA,-408.47090919764014,0,0,5.0
18.3,52180,AGENT,-295.75,2496.88,MIA,-408.47090919764014,0,0,5.0
18.4,52180,AGENT,-294.9,2497.34,MIA,-408.47090919764014,0,0,5.0
18.5,52180,AGENT,-294.064,2497.79,MIA,-408.47090919764014,0,0,5.0
18.6,52180,AGENT,-293.246,2498.22,MIA,-408.47090919764014,0,0,5.0
18.7,52180,AGENT,-292.448,2498.65,MIA,-408.47090919764014,0,0,5.0
18.8,52180,AGENT,-291.663,2499.07,MIA,-408.47090919764014,0,0,5.0
18.9,52180,AGENT,-290.892,2499.48,MIA,-408.47090919764014,0,0,5.0
19.0,52180,AGENT,-290.136,2499.88,MIA,-408.47090919764014,0,0,5.0
19.1,52180,AGENT,-289.389,2500.28,MIA,-408.47090919764014,0,0,5.0
19.2,52180,AGENT,-288.651,2500.67,MIA,-408.47090919764014,0,0,5.0
19.3,52180,AGENT,-287.923,2501.06,MIA,-408.47090919764014,0,0,5.0
19.4,52180,AGENT,-287.205,2501.45,MIA,-408.47090919764014,0,0,5.0
19.5,52180,AGENT,-286.497,2501.83,MIA,-408.47090919764014,0,0,5.0
19.6,52180,AGENT,-285.798,2502.2,MIA,-408.47090919764014,0,0,5.0
19.7,52180,AGENT,-285.109,2502.57,MIA,-408.47090919764014,0,0,5.0
19.8,52180,AGENT,-284.429,2502.93,MIA,-408.47090919764014,0,0,5.0
19.9,52180,AGENT,-283.759,2503.29,MIA,-408.47090919764014,0,0,5.0
20.0,52180,AGENT,-283.099,2503.65,MIA,-408.47090919764014,0,0,5.0
20.1,52180,AGENT,-282.449,2504.0,MIA,-408.47090919764014,0,0,5.0
20.2,52180,AGENT,-281.808,2504.34,MIA,-408.47090919764014,0,0,5.0
20.3,52180,AGENT,-281.177,2504.68,MIA,-408.47090919764014,0,0,5.0
20.4,52180,AGENT,-280.555,2505.01,MIA,-408.47090919764014,0,0,5.0
20.5,52180,AGENT,-279.936,2505.35,MIA,-408.47090919764014,0,0,5.0
20.6,52180,AGENT,-279.322,2505.68,MIA,-408.47090919764014,0,0,5.0
20.7,52180,AGENT,-278.715,2506.01,MIA,-408.47090919764014,0,0,5.0
20.8,52180,AGENT,-278.115,2506.34,MIA,-408.47090919764014,0,0,5.0
20.9,52180,AGENT,-277.522,2506.66,MIA,-408.47090919764014,0,0,5.0
21.0,52180,AGENT,-276.936,2506.98,MIA,-408.47090919764014,0,0,5.0
21.1,52180,AGENT,-276.359,2507.3,MIA,-408.47090919764014,0,0,5.0
21.2,52180,AGENT,-275.781,2507.62,MIA,-408.47090919764014,0,0,5.0
21.3,52180,AGENT,-275.194,2507.95,MIA,-408.47090919764014,0,0,5.0
21.4,52180,AGENT,-274.601,2508.28,MIA,-408.47090919764014,0,0,5.0
21.5,52180,AGENT,-274.005,2508.61,MIA,-408.47090919764014,0,0,5.0
21.6,52180,AGENT,-273.408,2508.95,MIA,-408.47090919764014,0,0,5.0
21.7,52180,AGENT,-272.813,2509.28,MIA,-408.47090919764014,0,0,5.0
21.8,52180,AGENT,-272.225,2509.61,MIA,-408.47090919764014,0,0,5.0
21.9,52180,AGENT,-271.644,2509.94,MIA,-408.47090919764014,0,0,5.0
22.0,52180,AGENT,-271.067,2510.27,MIA,-408.47090919764014,0,0,5.0
22.1,52180,AGENT,-270.49,2510.59,MIA,-408.47090919764014,0,0,5.0
22.2,52180,AGENT,-269.912,2510.91,MIA,-408.47090919764014,0,0,5.0
22.3,52180,AGENT,-269.332,2511.23,MIA,-408.47090919764014,0,0,5.0
22.4,52180,AGENT,-268.751,2511.55,MIA,-408.47090919764014,0,0,5.0
22.5,52180,AGENT,-268.167,2511.85,MIA,-408.47090919764014,0,0,5.0
22.6,52180,AGENT,-267.585,2512.15,MIA,-408.47090919764014,0,0,5.0
22.7,52180,AGENT,-267.008,2512.45,MIA,-408.47090919764014,0,0,5.0
22.8,52180,AGENT,-266.436,2512.73,MIA,-408.47090919764014,0,0,5.0
22.9,52180,AGENT,-265.869,2513.0,MIA,-408.47090919764014,0,0,5.0
