TIMESTAMP,TRACK_ID,OBJECT_TYPE,X,Y,CITY_NAME,REF_xmin,AUGMENT_TYPE,AUGMENT_DIRECTION,ATTACK_POWER_TYPE
16.0,52180,AGENT,3024.97,1510.97,PIT,2847.1588305925707,0,0,2.0
16.1,52180,AGENT,3024.57,1510.52,PIT,2847.1588305925707,0,0,2.0
16.2,52180,AGENT,3024.16,1510.06,PIT,2847.1588305925707,0,0,2.0
16.3,52180,AGENT,3023.76,1509.61,PIT,2847.1588305925707,0,0,2.0
16.4,52180,AGENT,3023.35,1509.15,PIT,2847.1588305925707,0,0,2.0
16.5,52180,AGENT,3022.95,1508.7,PIT,2847.1588305925707,0,0,2.0
16.6,52180,AGENT,3022.54,1508.24,PIT,2847.1588305925707,0,0,2.0
16.7,52180,AGENT,3022.13,1507.79,PIT,2847.1588305925707,0,0,2.0
16.8,52180,AGENT,3021.73,1507.33,PIT,2847.1588305925707,0,0,2.0
16.9,52180,AGENT,3021.32,1506.88,PIT,2847.1588305925707,0,0,2.0
17.0,52180,AGENT,3020.92,1506.42,PIT,2847.1588305925707,0,0,2.0
17.1,52180,AGENT,3020.51,1505.97,PIT,2847.1588305925707,0,0,2.0
17.2,52180,AGENT,3020.11,1505.51,PIT,2847.1588305925707,0,0,2.0
17.3,52180,AGENT,3019.7,1505.06,PIT,2847.1588305925707,0,0,2.0
17.4,52180,AGENT,3019.29,1504.61,PIT,2847.1588305925707,0,0,2.0
17.5,52180,AGENT,3018.89,1504.15,PIT,2847.1588305925707,0,0,2.0
17.6,52180,AGENT,3018.48,1503.7,PIT,2847.1588305925707,0,0,2.0
17.7,52180,AGENT,3018.08,1503.24,PIT,2847.1588305925707,0,0,2.0
17.8,52180,AGENT,3017.67,1502.79,PIT,2847.1588305925707,0,0,2.0
17.9,52180,AGENT,3017.27,1502.33,PIT,2847.1588305925707,0,0,2.0
18.0,52180,AGENT,3016.86,1501.88,PIT,2847.1588305925707,0,0,2.0
18.1,52180,AGENT,3016.45,1501.42,PIT,2847.1588305925707,0,0,2.0
18.2,52180,AGENT,3016.05,1500.97,PIT,2847.1588305925707,0,0,2.0
18.3,52180,AGENT,3015.64,1500.51,PIT,2847.1588305925707,0,0,2.0
18.4,52180,AGENT,3015.24,1500.06,PIT,2847.1588305925707,0,0,2.0
18.5,52180,AGENT,3014.83,1499.6,PIT,2847.1588305925707,0,0,2.0
18.6,52180,AGENT,3014.43,1499.15,PIT,2847.1588305925707,0,0,2.0
18.7,52180,AGENT,3014.02,1498.69,PIT,2847.1588305925707,0,0,2.0
18.8,52180,AGENT,3013.61,1498.24,PIT,2847.1588305925707,0,0,2.0
18.9,52180,AGENT,3013.21,1497.78,PIT,2847.1588305925707,0,0,2.0
19.0,52180,AGENT,3012.8,1497.33,PIT,2847.1588305925707,0,0,2.0
19.1,52180,AGENT,3012.4,1496.87,PIT,2847.1588305925707,0,0,2.0
19.2,52180,AGENT,3011.99,1496.42,PIT,2847.1588305925707,0,0,2.0
19.3,52180,AGENT,3011.59,1495.96,PIT,2847.1588305925707,0,0,2.0
19.4,52180,AGENT,3011.18,1495.51,PIT,2847.1588305925707,0,0,2.0
19.5,52180,AGENT,3010.77,1495.05,PIT,2847.1588305925707,0,0,2.0
19.6,52180,AGENT,3010.37,1494.6,PIT,2847.1588305925707,0,0,2.0
19.7,52180,AGENT,3009.96,1494.14,PIT,2847.1588305925707,0,0,2.0
19.8,52180,AGENT,3009.56,1493.69,PIT,2847.1588305925707,0,0,2.0
19.9,52180,AGENT,3009.15,1493.23,PIT,2847.1588305925707,0,0,2.0
20.0,52180,AGENT,3008.75,1492.78,PIT,2847.1588305925707,0,0,2.0
20.1,52180,AGENT,3008.34,1492.32,PIT,2847.1588305925707,0,0,2.0
20.2,52180,AGENT,3007.93,1491.87,PIT,2847.1588305925707,0,0,2.0
20.3,52180,AGENT,3007.53,1491.41,PIT,2847.1588305925707,0,0,2.0
20.4,52180,AGENT,3007.12,1490.96,PIT,2847.1588305925707,0,0,2.0
20.5,52180,AGENT,3006.72,1490.5,PIT,2847.1588305925707,0,0,2.0
20.6,52180,AGENT,3006.31,1490.05,PIT,2847.1588305925707,0,0,2.0
20.7,52180,AGENT,3005.91,1489.59,PIT,2847.1588305925707,0,0,2.0
20.8,52180,AGENT,3005.5,1489.14,PIT,2847.1588305925707,0,0,2.0
20.9,52180,AGENT,3005.09,1488.68,PIT,2847.1588305925707,0,0,2.0
