TIMESTAMP,TRACK_ID,OBJECT_TYPE,X,Y,CITY_NAME,REF_xmin,AUGMENT_TYPE,AUGMENT_DIRECTION,ATTACK_POWER_TYPE
6.0,52180,AGENT,-302.339,1498.07,MIA,-336.7309272255516,0,0,6.0
6.1,52180,AGENT,-301.781,1498.09,MIA,-336.7309272255516,0,0,6.0
6.2,52180,AGENT,-301.222,1498.11,MIA,-336.7309272255516,0,0,6.0
6.3,52180,AGENT,-300.663,1498.12,MIA,-336.7309272255516,0,0,6.0
6.4,52180,AGENT,-300.104,1498.14,MIA,-336.7309272255516,0,0,6.0
6.5,52180,AGENT,-299.55,1498.16,MIA,-336.7309272255516,0,0,6.0
6.6,52180,AGENT,-299.006,1498.17,MIA,-336.7309272255516,0,0,6.0
6.7,52180,AGENT,-298.47,1498.19,MIA,-336.7309272255516,0,0,6.0
6.8,52180,AGENT,-297.94,1498.21,MIA,-336.7309272255516,0,0,6.0
6.9,52180,AGENT,-297.412,1498.23,MIA,-336.7309272255516,0,0,6.0
7.0,52180,AGENT,-296.883,1498.25,MIA,-336.7309272255516,0,0,6.0
7.1,52180,AGENT,-296.354,1498.27,MIA,-336.7309272255516,0,0,6.0
7.2,52180,AGENT,-295.825,1498.3,MIA,-336.7309272255516,0,0,6.0
7.3,52180,AGENT,-295.297,1498.33,MIA,-336.7309272255516,0,0,6.0
7.4,52180,AGENT,-294.77,1498.37,MIA,-336.7309272255516,0,0,6.0
7.5,52180,AGENT,-294.244,1498.42,MIA,-336.7309272255516,0,0,6.0
7.6,52180,AGENT,-293.723,1498.46,MIA,-336.7309272255516,0,0,6.0
7.7,52180,AGENT,-293.214,1498.51,MIA,-336.7309272255516,0,0,6.0
7.8,52180,AGENT,-292.71,1498.56,MIA,-336.7309272255516,0,0,6.0
7.9,52180,AGENT,-292.209,1498.62,MIA,-336.7309272255516,0,0,6.0
8.0,52180,AGENT,-291.71,1498.69,MIA,-336.7309272255516,0,0,6.0
8.1,52180,AGENT,-291.213,1498.77,MIA,-336.7309272255516,0,0,6.0
8.2,52180,AGENT,-290.719,1498.86,MIA,-336.7309272255516,0,0,6.0
8.3,52180,AGENT,-290.228,1498.95,MIA,-336.7309272255516,0,0,6.0
8.4,52180,AGENT,-289.74,1499.05,MIA,-336.7309272255516,0,0,6.0
8.5,52180,AGENT,-289.256,1499.17,MIA,-336.7309272255516,0,0,6.0
8.6,52180,AGENT,-288.775,1499.29,MIA,-336.7309272255516,0,0,6.0
8.7,52180,AGENT,-288.297,1499.42,MIA,-336.7309272255516,0,0,6.0
8.8,52180,AGENT,-287.824,1499.57,MIA,-336.7309272255516,0,0,6.0
8.9,52180,AGENT,-287.354,1499.72,MIA,-336.7309272255516,0,0,6.0
9.0,52180,AGENT,-286.888,1499.88,MIA,-336.7309272255516,0,0,6.0
9.1,52180,AGENT,-286.426,1500.05,MIA,-336.7309272255516,0,0,6.0
9.2,52180,AGENT,-285.968,1500.23,MIA,-336.7309272255516,0,0,6.0
9.3,52180,AGENT,-285.509,1500.41,MIA,-336.7309272255516,0,0,6.0
9.4,52180,AGENT,-285.05,1500.61,MIA,-336.7309272255516,0,0,6.0
9.5,52180,AGENT,-284.595,1500.82,MIA,-336.7309272255516,0,0,6.0
9.6,52180,AGENT,-284.143,1501.03,MIA,-336.7309272255516,0,0,6.0
9.7,52180,AGENT,-283.691,1501.25,MIA,-336.7309272255516,0,0,6.0
9.8,52180,AGENT,-283.238,1501.48,MIA,-336.7309272255516,0,0,6.0
9.9,52180,AGENT,-282.788,1501.71,MIA,-336.7309272255516,0,0,6.0
10.0,52180,AGENT,-282.341,1501.95,MIA,-336.7309272255516,0,0,6.0
10.1,52180,AGENT,-281.897,1502.2,MIA,-336.7309272255516,0,0,6.0
10.2,52180,AGENT,-281.455,1502.45,MIA,-336.7309272255516,0,0,6.0
10.3,52180,AGENT,-281.016,1502.7,MIA,-336.7309272255516,0,0,6.0
10.4,52180,AGENT,-280.579,1502.95,MIA,-336.7309272255516,0,0,6.0
10.5,52180,AGENT,-280.144,1503.21,MIA,-336.7309272255516,0,0,6.0
10.6,52180,AGENT,-279.711,1503.47,MIA,-336.7309272255516,0,0,6.0
10.7,52180,AGENT,-279.28,1503.74,MIA,-336.7309272255516,0,0,6.0
10.8,52180,AGENT,-278.85,1504.01,MIA,-336.7309272255516,0,0,6.0
10.9,52180,AGENT,-278.421,1504.28,MIA,-336.7309272255516,0,0,6.0
