TIMESTAMP,TRACK_ID,OBJECT_TYPE,X,Y,CITY_NAME,REF_xmin,AUGMENT_TYPE,AUGMENT_DIRECTION,ATTACK_POWER_TYPE
2.0,52180,AGENT,-102.502,2992.76,MIA,-274.6859880636156,1,0,5.0
2.1,52180,AGENT,-103.311,2992.73,MIA,-274.6859880636156,1,0,5.0
2.2,52180,AGENT,-104.131,2992.7,MIA,-274.6859880636156,1,0,5.0
2.3,52180,AGENT,-104.962,2992.67,MIA,-274.6859880636156,1,0,5.0
2.4,52180,AGENT,-105.803,2992.64,MIA,-274.6859880636156,1,0,5.0
2.5,52180,AGENT,-106.655,2992.6,MIA,-274.6859880636156,1,0,5.0
2.6,52180,AGENT,-107.519,2992.57,MIA,-274.6859880636156,1,0,5.0
2.7,52180,AGENT,-108.392,2992.53,MIA,-274.6859880636156,1,0,5.0
2.8,52180,AGENT,-109.277,2992.5,MIA,-274.6859880636156,1,0,5.0
2.9,52180,AGENT,-110.173,2992.46,MIA,-274.6859880636156,1,0,5.0
3.0,52180,AGENT,-111.079,2992.42,MIA,-274.6859880636156,1,0,5.0
3.1,52180,AGENT,-111.996,2992.39,MIA,-274.6859880636156,1,0,5.0
3.2,52180,AGENT,-112.924,2992.35,MIA,-274.6859880636156,1,0,5.0
3.3,52180,AGENT,-113.863,2992.31,MIA,-274.6859880636156,1,0,5.0
3.4,52180,AGENT,-114.813,2992.27,MIA,-274.6859880636156,1,0,5.0
3.5,52180,AGENT,-115.774,2992.23,MIA,-274.6859880636156,1,0,5.0
3.6,52180,AGENT,-116.746,2992.19,MIA,-274.6859880636156,1,0,5.0
3.7,52180,AGENT,-117.729,2992.15,MIA,-274.6859880636156,1,0,5.0
3.8,52180,AGENT,-118.724,2992.11,MIA,-274.6859880636156,1,0,5.0
3.9,52180,AGENT,-119.731,2992.06,MIA,-274.6859880636156,1,0,5.0
4.0,52180,AGENT,-120.749,2992.02,MIA,-274.6859880636156,1,0,5.0
4.1,52180,AGENT,-121.779,2991.98,MIA,-274.6859880636156,1,0,5.0
4.2,52180,AGENT,-122.82,2991.93,MIA,-274.6859880636156,1,0,5.0
4.3,52180,AGENT,-123.873,2991.89,MIA,-274.6859880636156,1,0,5.0
4.4,52180,AGENT,-124.938,2991.84,MIA,-274.6859880636156,1,0,5.0
4.5,52180,AGENT,-126.014,2991.8,MIA,-274.6859880636156,1,0,5.0
4.6,52180,AGENT,-127.1,2991.75,MIA,-274.6859880636156,1,0,5.0
4.7,52180,AGENT,-128.197,2991.7,MIA,-274.6859880636156,1,0,5.0
4.8,52180,AGENT,-129.302,2991.66,MIA,-274.6859880636156,1,0,5.0
4.9,52180,AGENT,-130.417,2991.61,MIA,-274.6859880636156,1,0,5.0
5.0,52180,AGENT,-131.542,2991.56,MIA,-274.6859880636156,1,0,5.0
5.1,52180,AGENT,-132.676,2991.51,MIA,-274.6859880636156,1,0,5.0
5.2,52180,AGENT,-133.82,2991.47,MIA,-274.6859880636156,1,0,5.0
5.3,52180,AGENT,-134.973,2991.42,MIA,-274.6859880636156,1,0,5.0
5.4,52180,AGENT,-136.132,2991.37,MIA,-274.6859880636156,1,0,5.0
5.5,52180,AGENT,-137.292,2991.32,MIA,-274.6859880636156,1,0,5.0
5.6,52180,AGENT,-138.452,2991.27,MIA,-274.6859880636156,1,0,5.0
5.7,52180,AGENT,-139.612,2991.22,MIA,-274.6859880636156,1,0,5.0
5.8,52180,AGENT,-140.771,2991.17,MIA,-274.6859880636156,1,0,5.0
5.9,52180,AGENT,-141.936,2991.12,MIA,-274.6859880636156,1,0,5.0
6.0,52180,AGENT,-143.109,2991.07,MIA,-274.6859880636156,1,0,5.0
6.1,52180,AGENT,-144.289,2991.03,MIA,-274.6859880636156,1,0,5.0
6.2,52180,AGENT,-145.468,2990.98,MIA,-274.6859880636156,1,0,5.0
6.3,52180,AGENT,-146.648,2990.93,MIA,-274.6859880636156,1,0,5.0
6.4,52180,AGENT,-147.827,2990.88,MIA,-274.6859880636156,1,0,5.0
6.5,52180,AGENT,-149.007,2990.83,MIA,-274.6859880636156,1,0,5.0
6.6,52180,AGENT,-150.187,2990.78,MIA,-274.6859880636156,1,0,5.0
6.7,52180,AGENT,-151.366,2990.73,MIA,-274.6859880636156,1,0,5.0
6.8,52180,AGENT,-152.539,2990.68,MIA,-274.6859880636156,1,0,5.0
6.9,52180,AGENT,-153.714,2990.63,MIA,-274.6859880636156,1,0,5.0
