TIMESTAMP,TRACK_ID,OBJECT_TYPE,X,Y,CITY_NAME,REF_xmin,AUGMENT_TYPE,AUGMENT_DIRECTION,ATTACK_POWER_TYPE
26.0,52180,AGENT,422.201,1597.87,MIA,420.0383095975849,1,0,9.0
26.1,52180,AGENT,422.175,1598.87,MIA,420.0383095975849,1,0,9.0
26.2,52180,AGENT,422.148,1599.87,MIA,420.0383095975849,1,0,9.0
26.3,52180,AGENT,422.121,1600.88,MIA,420.0383095975849,1,0,9.0
26.4,52180,AGENT,422.092,1601.88,MIA,420.0383095975849,1,0,9.0
26.5,52180,AGENT,422.063,1602.88,MIA,420.0383095975849,1,0,9.0
26.6,52180,AGENT,422.033,1603.89,MIA,420.0383095975849,1,0,9.0
26.7,52180,AGENT,422.003,1604.89,MIA,420.0383095975849,1,0,9.0
26.8,52180,AGENT,421.973,1605.9,MIA,420.0383095975849,1,0,9.0
26.9,52180,AGENT,421.941,1606.9,MIA,420.0383095975849,1,0,9.0
27.0,52180,AGENT,421.91,1607.9,MIA,420.0383095975849,1,0,9.0
27.1,52180,AGENT,421.878,1608.91,MIA,420.0383095975849,1,0,9.0
27.2,52180,AGENT,421.847,1609.91,MIA,420.0383095975849,1,0,9.0
27.3,52180,AGENT,421.815,1610.91,MIA,420.0383095975849,1,0,9.0
27.4,52180,AGENT,421.783,1611.92,MIA,420.0383095975849,1,0,9.0
27.5,52180,AGENT,421.75,1612.92,MIA,420.0383095975849,1,0,9.0
27.6,52180,AGENT,421.718,1613.92,MIA,420.0383095975849,1,0,9.0
27.7,52180,AGENT,421.686,1614.93,MIA,420.0383095975849,1,0,9.0
27.8,52180,AGENT,421.653,1615.93,MIA,420.0383095975849,1,0,9.0
27.9,52180,AGENT,421.621,1616.93,MIA,420.0383095975849,1,0,9.0
28.0,52180,AGENT,421.589,1617.94,MIA,420.0383095975849,1,0,9.0
28.1,52180,AGENT,421.557,1618.94,MIA,420.0383095975849,1,0,9.0
28.2,52180,AGENT,421.525,1619.95,MIA,420.0383095975849,1,0,9.0
28.3,52180,AGENT,421.493,1620.95,MIA,420.0383095975849,1,0,9.0
28.4,52180,AGENT,421.461,1621.95,MIA,420.0383095975849,1,0,9.0
28.5,52180,AGENT,421.429,1622.96,MIA,420.0383095975849,1,0,9.0
28.6,52180,AGENT,421.398,1623.96,MIA,420.0383095975849,1,0,9.0
28.7,52180,AGENT,421.366,1624.96,MIA,420.0383095975849,1,0,9.0
28.8,52180,AGENT,421.335,1625.97,MIA,420.0383095975849,1,0,9.0
28.9,52180,AGENT,421.303,1626.97,MIA,420.0383095975849,1,0,9.0
29.0,52180,AGENT,421.272,1627.97,MIA,420.0383095975849,1,0,9.0
29.1,52180,AGENT,421.241,1628.98,MIA,420.0383095975849,1,0,9.0
29.2,52180,AGENT,421.21,1629.98,MIA,420.0383095975849,1,0,9.0
29.3,52180,AGENT,421.179,1630.98,MIA,420.0383095975849,1,0,9.0
29.4,52180,AGENT,421.149,1631.99,MIA,420.0383095975849,1,0,9.0
29.5,52180,AGENT,421.118,1632.99,MIA,420.0383095975849,1,0,9.0
29.6,52180,AGENT,421.088,1634.0,MIA,420.0383095975849,1,0,9.0
29.7,52180,AGENT,421.057,1635.0,MIA,420.0383095975849,1,0,9.0
29.8,52180,AGENT,421.027,1636.0,MIA,420.0383095975849,1,0,9.0
29.9,52180,AGENT,420.997,1637.01,MIA,420.0383095975849,1,0,9.0
30.0,52180,AGENT,420.967,1638.01,MIA,420.0383095975849,1,0,9.0
30.1,52180,AGENT,420.937,1639.01,MIA,420.0383095975849,1,0,9.0
30.2,52180,AGENT,420.907,1640.02,MIA,420.0383095975849,1,0,9.0
30.3,52180,AGENT,420.877,1641.02,MIA,420.0383095975849,1,0,9.0
30.4,52180,AGENT,420.847,1642.02,MIA,420.0383095975849,1,0,9.0
30.5,52180,AGENT,420.818,1643.03,MIA,420.0383095975849,1,0,9.0
30.6,52180,AGENT,420.788,1644.03,MIA,420.0383095975849,1,0,9.0
30.7,52180,AGENT,420.758,1645.04,MIA,420.0383095975849,1,0,9.0
30.8,52180,AGENT,420.729,1646.04,MIA,420.0383095975849,1,0,9.0
30.9,52180,AGENT,420.699,1647.04,MIA,420.0383095975849,1,0,9.0
