TIMESTAMP,TRACK_ID,OBJECT_TYPE,X,Y,CITY_NAME,REF_xmin,AUGMENT_TYPE,AUGMENT_DIRECTION,ATTACK_POWER_TYPE
12.0,52180,AGENT,451.968,1536.38,MIA,420.4127293074853,1,1,5.0
12.1,52180,AGENT,451.29,1536.35,MIA,420.4127293074853,1,1,5.0
12.2,52180,AGENT,450.62,1536.32,MIA,420.4127293074853,1,1,5.0
12.3,52180,AGENT,449.96,1536.29,MIA,420.4127293074853,1,1,5.0
12.4,52180,AGENT,449.308,1536.25,MIA,420.4127293074853,1,1,5.0
12.5,52180,AGENT,448.665,1536.22,MIA,420.4127293074853,1,1,5.0
12.6,52180,AGENT,448.026,1536.19,MIA,420.4127293074853,1,1,5.0
12.7,52180,AGENT,447.389,1536.15,MIA,420.4127293074853,1,1,5.0
12.8,52180,AGENT,446.757,1536.11,MIA,420.4127293074853,1,1,5.0
12.9,52180,AGENT,446.133,1536.08,MIA,420.4127293074853,1,1,5.0
13.0,52180,AGENT,445.514,1536.04,MIA,420.4127293074853,1,1,5.0
13.1,52180,AGENT,444.899,1536.0,MIA,420.4127293074853,1,1,5.0
13.2,52180,AGENT,444.293,1535.96,MIA,420.4127293074853,1,1,5.0
13.3,52180,AGENT,443.695,1535.93,MIA,420.4127293074853,1,1,5.0
13.4,52180,AGENT,443.102,1535.89,MIA,420.4127293074853,1,1,5.0
13.5,52180,AGENT,442.509,1535.85,MIA,420.4127293074853,1,1,5.0
13.6,52180,AGENT,441.916,1535.82,MIA,420.4127293074853,1,1,5.0
13.7,52180,AGENT,441.325,1535.78,MIA,420.4127293074853,1,1,5.0
13.8,52180,AGENT,440.733,1535.75,MIA,420.4127293074853,1,1,5.0
13.9,52180,AGENT,440.142,1535.72,MIA,420.4127293074853,1,1,5.0
14.0,52180,AGENT,439.551,1535.69,MIA,420.4127293074853,1,1,5.0
14.1,52180,AGENT,438.961,1535.66,MIA,420.4127293074853,1,1,5.0
14.2,52180,AGENT,438.37,1535.64,MIA,420.4127293074853,1,1,5.0
14.3,52180,AGENT,437.779,1535.62,MIA,420.4127293074853,1,1,5.0
14.4,52180,AGENT,437.189,1535.6,MIA,420.4127293074853,1,1,5.0
14.5,52180,AGENT,436.598,1535.59,MIA,420.4127293074853,1,1,5.0
14.6,52180,AGENT,436.008,1535.58,MIA,420.4127293074853,1,1,5.0
14.7,52180,AGENT,435.418,1535.58,MIA,420.4127293074853,1,1,5.0
14.8,52180,AGENT,434.829,1535.59,MIA,420.4127293074853,1,1,5.0
14.9,52180,AGENT,434.24,1535.61,MIA,420.4127293074853,1,1,5.0
15.0,52180,AGENT,433.657,1535.64,MIA,420.4127293074853,1,1,5.0
15.1,52180,AGENT,433.082,1535.67,MIA,420.4127293074853,1,1,5.0
15.2,52180,AGENT,432.516,1535.72,MIA,420.4127293074853,1,1,5.0
15.3,52180,AGENT,431.959,1535.77,MIA,420.4127293074853,1,1,5.0
15.4,52180,AGENT,431.413,1535.83,MIA,420.4127293074853,1,1,5.0
15.5,52180,AGENT,430.876,1535.9,MIA,420.4127293074853,1,1,5.0
15.6,52180,AGENT,430.347,1535.98,MIA,420.4127293074853,1,1,5.0
15.7,52180,AGENT,429.823,1536.08,MIA,420.4127293074853,1,1,5.0
15.8,52180,AGENT,429.304,1536.19,MIA,420.4127293074853,1,1,5.0
15.9,52180,AGENT,428.793,1536.33,MIA,420.4127293074853,1,1,5.0
16.0,52180,AGENT,428.29,1536.48,MIA,420.4127293074853,1,1,5.0
16.1,52180,AGENT,427.797,1536.64,MIA,420.4127293074853,1,1,5.0
16.2,52180,AGENT,427.315,1536.83,MIA,420.4127293074853,1,1,5.0
16.3,52180,AGENT,426.846,1537.03,MIA,420.4127293074853,1,1,5.0
16.4,52180,AGENT,426.389,1537.25,MIA,420.4127293074853,1,1,5.0
16.5,52180,AGENT,425.947,1537.48,MIA,420.4127293074853,1,1,5.0
16.6,52180,AGENT,425.52,1537.73,MIA,420.4127293074853,1,1,5.0
16.7,52180,AGENT,425.109,1537.99,MIA,420.4127293074853,1,1,5.0
16.8,52180,AGENT,424.716,1538.27,MIA,420.4127293074853,1,1,5.0
16.9,52180,AGENT,424.339,1538.57,MIA,420.4127293074853,1,1,5.0
