TIMESTAMP,TRACK_ID,OBJECT_TYPE,X,Y,CITY_NAME,REF_xmin,AUGMENT_TYPE,AUGMENT_DIRECTION,ATTACK_POWER_TYPE
16.0,52180,AGENT,3182.43,1753.27,PIT,3029.1372111549754,0,0,1.0
16.1,52180,AGENT,3181.8,1752.63,PIT,3029.1372111549754,0,0,1.0
16.2,52180,AGENT,3181.17,1751.98,PIT,3029.1372111549754,0,0,1.0
16.3,52180,AGENT,3180.54,1751.34,PIT,3029.1372111549754,0,0,1.0
16.4,52180,AGENT,3179.91,1750.69,PIT,3029.1372111549754,0,0,1.0
16.5,52180,AGENT,3179.28,1750.05,PIT,3029.1372111549754,0,0,1.0
16.6,52180,AGENT,3178.65,1749.4,PIT,3029.1372111549754,0,0,1.0
16.7,52180,AGENT,3178.02,1748.76,PIT,3029.1372111549754,0,0,1.0
16.8,52180,AGENT,3177.39,1748.11,PIT,3029.1372111549754,0,0,1.0
16.9,52180,AGENT,3176.76,1747.46,PIT,3029.1372111549754,0,0,1.0
17.0,52180,AGENT,3176.13,1746.82,PIT,3029.1372111549754,0,0,1.0
17.1,52180,AGENT,3175.5,1746.17,PIT,3029.1372111549754,0,0,1.0
17.2,52180,AGENT,3174.87,1745.53,PIT,3029.1372111549754,0,0,1.0
17.3,52180,AGENT,3174.25,1744.88,PIT,3029.1372111549754,0,0,1.0
17.4,52180,AGENT,3173.62,1744.23,PIT,3029.1372111549754,0,0,1.0
17.5,52180,AGENT,3172.99,1743.59,PIT,3029.1372111549754,0,0,1.0
17.6,52180,AGENT,3172.36,1742.94,PIT,3029.1372111549754,0,0,1.0
17.7,52180,AGENT,3171.73,1742.29,PIT,3029.1372111549754,0,0,1.0
17.8,52180,AGENT,3171.1,1741.65,PIT,3029.1372111549754,0,0,1.0
17.9,52180,AGENT,3170.48,1741.0,PIT,3029.1372111549754,0,0,1.0
18.0,52180,AGENT,3169.85,1740.35,PIT,3029.1372111549754,0,0,1.0
18.1,52180,AGENT,3169.22,1739.7,PIT,3029.1372111549754,0,0,1.0
18.2,52180,AGENT,3168.59,1739.06,PIT,3029.1372111549754,0,0,1.0
18.3,52180,AGENT,3167.96,1738.41,PIT,3029.1372111549754,0,0,1.0
18.4,52180,AGENT,3167.33,1737.76,PIT,3029.1372111549754,0,0,1.0
18.5,52180,AGENT,3166.71,1737.12,PIT,3029.1372111549754,0,0,1.0
18.6,52180,AGENT,3166.08,1736.47,PIT,3029.1372111549754,0,0,1.0
18.7,52180,AGENT,3165.45,1735.82,PIT,3029.1372111549754,0,0,1.0
18.8,52180,AGENT,3164.82,1735.18,PIT,3029.1372111549754,0,0,1.0
18.9,52180,AGENT,3164.2,1734.53,PIT,3029.1372111549754,0,0,1.0
19.0,52180,AGENT,3163.57,1733.88,PIT,3029.1372111549754,0,0,1.0
19.1,52180,AGENT,3162.94,1733.23,PIT,3029.1372111549754,0,0,1.0
19.2,52180,AGENT,3162.31,1732.59,PIT,3029.1372111549754,0,0,1.0
19.3,52180,AGENT,3161.68,1731.94,PIT,3029.1372111549754,0,0,1.0
19.4,52180,AGENT,3161.05,1731.29,PIT,3029.1372111549754,0,0,1.0
19.5,52180,AGENT,3160.43,1730.65,PIT,3029.1372111549754,0,0,1.0
19.6,52180,AGENT,3159.8,1730.0,PIT,3029.1372111549754,0,0,1.0
19.7,52180,AGENT,3159.17,1729.35,PIT,3029.1372111549754,0,0,1.0
19.8,52180,AGENT,3158.54,1728.71,PIT,3029.1372111549754,0,0,1.0
19.9,52180,AGENT,3157.91,1728.06,PIT,3029.1372111549754,0,0,1.0
20.0,52180,AGENT,3157.28,1727.42,PIT,3029.1372111549754,0,0,1.0
20.1,52180,AGENT,3156.65,1726.77,PIT,3029.1372111549754,0,0,1.0
20.2,52180,AGENT,3156.02,1726.12,PIT,3029.1372111549754,0,0,1.0
20.3,52180,AGENT,3155.39,1725.48,PIT,3029.1372111549754,0,0,1.0
20.4,52180,AGENT,3154.76,1724.83,PIT,3029.1372111549754,0,0,1.0
20.5,52180,AGENT,3154.13,1724.19,PIT,3029.1372111549754,0,0,1.0
20.6,52180,AGENT,3153.5,1723.54,PIT,3029.1372111549754,0,0,1.0
20.7,52180,AGENT,3152.87,1722.9,PIT,3029.1372111549754,0,0,1.0
20.8,52180,AGENT,3152.24,1722.25,PIT,3029.1372111549754,0,0,1.0
20.9,52180,AGENT,3151.61,1721.61,PIT,3029.1372111549754,0,0,1.0
