TIMESTAMP,TRACK_ID,OBJECT_TYPE,X,Y,CITY_NAME,REF_xmin,AUGMENT_TYPE,AUGMENT_DIRECTION,ATTACK_POWER_TYPE
22.0,52180,AGENT,3315.91,1775.94,PIT,3250.0757581187063,0,0,5.0
22.1,52180,AGENT,3315.59,1776.16,PIT,3250.0757581187063,0,0,5.0
22.2,52180,AGENT,3315.26,1776.37,PIT,3250.0757581187063,0,0,5.0
22.3,52180,AGENT,3314.93,1776.58,PIT,3250.0757581187063,0,0,5.0
22.4,52180,AGENT,3314.61,1776.78,PIT,3250.0757581187063,0,0,5.0
22.5,52180,AGENT,3314.28,1776.98,PIT,3250.0757581187063,0,0,5.0
22.6,52180,AGENT,3313.94,1777.18,PIT,3250.0757581187063,0,0,5.0
22.7,52180,AGENT,3313.61,1777.38,PIT,3250.0757581187063,0,0,5.0
22.8,52180,AGENT,3313.28,1777.58,PIT,3250.0757581187063,0,0,5.0
22.9,52180,AGENT,3312.94,1777.77,PIT,3250.0757581187063,0,0,5.0
23.0,52180,AGENT,3312.61,1777.96,PIT,3250.0757581187063,0,0,5.0
23.1,52180,AGENT,3312.27,1778.15,PIT,3250.0757581187063,0,0,5.0
23.2,52180,AGENT,3311.93,1778.34,PIT,3250.0757581187063,0,0,5.0
23.3,52180,AGENT,3311.59,1778.53,PIT,3250.0757581187063,0,0,5.0
23.4,52180,AGENT,3311.25,1778.72,PIT,3250.0757581187063,0,0,5.0
23.5,52180,AGENT,3310.91,1778.91,PIT,3250.0757581187063,0,0,5.0
23.6,52180,AGENT,3310.57,1779.1,PIT,3250.0757581187063,0,0,5.0
23.7,52180,AGENT,3310.23,1779.29,PIT,3250.0757581187063,0,0,5.0
23.8,52180,AGENT,3309.89,1779.48,PIT,3250.0757581187063,0,0,5.0
23.9,52180,AGENT,3309.55,1779.67,PIT,3250.0757581187063,0,0,5.0
24.0,52180,AGENT,3309.21,1779.86,PIT,3250.0757581187063,0,0,5.0
24.1,52180,AGENT,3308.86,1780.05,PIT,3250.0757581187063,0,0,5.0
24.2,52180,AGENT,3308.52,1780.24,PIT,3250.0757581187063,0,0,5.0
24.3,52180,AGENT,3308.18,1780.43,PIT,3250.0757581187063,0,0,5.0
24.4,52180,AGENT,3307.83,1780.63,PIT,3250.0757581187063,0,0,5.0
24.5,52180,AGENT,3307.49,1780.82,PIT,3250.0757581187063,0,0,5.0
24.6,52180,AGENT,3307.15,1781.02,PIT,3250.0757581187063,0,0,5.0
24.7,52180,AGENT,3306.8,1781.22,PIT,3250.0757581187063,0,0,5.0
24.8,52180,AGENT,3306.46,1781.42,PIT,3250.0757581187063,0,0,5.0
24.9,52180,AGENT,3306.11,1781.62,PIT,3250.0757581187063,0,0,5.0
25.0,52180,AGENT,3305.77,1781.83,PIT,3250.0757581187063,0,0,5.0
25.1,52180,AGENT,3305.42,1782.04,PIT,3250.0757581187063,0,0,5.0
25.2,52180,AGENT,3305.08,1782.25,PIT,3250.0757581187063,0,0,5.0
25.3,52180,AGENT,3304.73,1782.46,PIT,3250.0757581187063,0,0,5.0
25.4,52180,AGENT,3304.39,1782.67,PIT,3250.0757581187063,0,0,5.0
25.5,52180,AGENT,3304.05,1782.89,PIT,3250.0757581187063,0,0,5.0
25.6,52180,AGENT,3303.71,1783.1,PIT,3250.0757581187063,0,0,5.0
25.7,52180,AGENT,3303.36,1783.32,PIT,3250.0757581187063,0,0,5.0
25.8,52180,AGENT,3303.02,1783.54,PIT,3250.0757581187063,0,0,5.0
25.9,52180,AGENT,3302.67,1783.76,PIT,3250.0757581187063,0,0,5.0
26.0,52180,AGENT,3302.33,1783.98,PIT,3250.0757581187063,0,0,5.0
26.1,52180,AGENT,3301.98,1784.2,PIT,3250.0757581187063,0,0,5.0
26.2,52180,AGENT,3301.63,1784.42,PIT,3250.0757581187063,0,0,5.0
26.3,52180,AGENT,3301.28,1784.64,PIT,3250.0757581187063,0,0,5.0
26.4,52180,AGENT,3300.93,1784.86,PIT,3250.0757581187063,0,0,5.0
26.5,52180,AGENT,3300.58,1785.07,PIT,3250.0757581187063,0,0,5.0
26.6,52180,AGENT,3300.22,1785.28,PIT,3250.0757581187063,0,0,5.0
26.7,52180,AGENT,3299.86,1785.48,PIT,3250.0757581187063,0,0,5.0
26.8,52180,AGENT,3299.5,1785.67,PIT,3250.0757581187063,0,0,5.0
26.9,52180,AGENT,3299.13,1785.85,PIT,3250.0757581187063,0,0,5.0
