TIMESTAMP,TRACK_ID,OBJECT_TYPE,X,Y,CITY_NAME,REF_xmin,AUGMENT_TYPE,AUGMENT_DIRECTION,ATTACK_POWER_TYPE
12.0,52180,AGENT,1940.94,850.037,PIT,1930.020412105,0,1,2.0
12.1,52180,AGENT,1940.65,850.372,PIT,1930.020412105,0,1,2.0
12.2,52180,AGENT,1940.37,850.707,PIT,1930.020412105,0,1,2.0
12.3,52180,AGENT,1940.08,851.043,PIT,1930.020412105,0,1,2.0
12.4,52180,AGENT,1939.8,851.38,PIT,1930.020412105,0,1,2.0
12.5,52180,AGENT,1939.51,851.717,PIT,1930.020412105,0,1,2.0
12.6,52180,AGENT,1939.22,852.054,PIT,1930.020412105,0,1,2.0
12.7,52180,AGENT,1938.93,852.393,PIT,1930.020412105,0,1,2.0
12.8,52180,AGENT,1938.64,852.731,PIT,1930.020412105,0,1,2.0
12.9,52180,AGENT,1938.35,853.071,PIT,1930.020412105,0,1,2.0
13.0,52180,AGENT,1938.05,853.411,PIT,1930.020412105,0,1,2.0
13.1,52180,AGENT,1937.76,853.753,PIT,1930.020412105,0,1,2.0
13.2,52180,AGENT,1937.46,854.096,PIT,1930.020412105,0,1,2.0
13.3,52180,AGENT,1937.17,854.44,PIT,1930.020412105,0,1,2.0
13.4,52180,AGENT,1936.87,854.785,PIT,1930.020412105,0,1,2.0
13.5,52180,AGENT,1936.57,855.13,PIT,1930.020412105,0,1,2.0
13.6,52180,AGENT,1936.28,855.474,PIT,1930.020412105,0,1,2.0
13.7,52180,AGENT,1935.98,855.818,PIT,1930.020412105,0,1,2.0
13.8,52180,AGENT,1935.69,856.163,PIT,1930.020412105,0,1,2.0
13.9,52180,AGENT,1935.4,856.508,PIT,1930.020412105,0,1,2.0
14.0,52180,AGENT,1935.11,856.854,PIT,1930.020412105,0,1,2.0
14.1,52180,AGENT,1934.83,857.202,PIT,1930.020412105,0,1,2.0
14.2,52180,AGENT,1934.55,857.55,PIT,1930.020412105,0,1,2.0
14.3,52180,AGENT,1934.27,857.899,PIT,1930.020412105,0,1,2.0
14.4,52180,AGENT,1934.0,858.251,PIT,1930.020412105,0,1,2.0
14.5,52180,AGENT,1933.73,858.6,PIT,1930.020412105,0,1,2.0
14.6,52180,AGENT,1933.47,858.945,PIT,1930.020412105,0,1,2.0
14.7,52180,AGENT,1933.22,859.284,PIT,1930.020412105,0,1,2.0
14.8,52180,AGENT,1932.98,859.619,PIT,1930.020412105,0,1,2.0
14.9,52180,AGENT,1932.75,859.948,PIT,1930.020412105,0,1,2.0
15.0,52180,AGENT,1932.53,860.278,PIT,1930.020412105,0,1,2.0
15.1,52180,AGENT,1932.32,860.613,PIT,1930.020412105,0,1,2.0
15.2,52180,AGENT,1932.12,860.951,PIT,1930.020412105,0,1,2.0
15.3,52180,AGENT,1931.93,861.294,PIT,1930.020412105,0,1,2.0
15.4,52180,AGENT,1931.76,861.64,PIT,1930.020412105,0,1,2.0
15.5,52180,AGENT,1931.59,861.989,PIT,1930.020412105,0,1,2.0
15.6,52180,AGENT,1931.45,862.341,PIT,1930.020412105,0,1,2.0
15.7,52180,AGENT,1931.31,862.695,PIT,1930.020412105,0,1,2.0
15.8,52180,AGENT,1931.19,863.05,PIT,1930.020412105,0,1,2.0
15.9,52180,AGENT,1931.09,863.406,PIT,1930.020412105,0,1,2.0
16.0,52180,AGENT,1931.0,863.763,PIT,1930.020412105,0,1,2.0
16.1,52180,AGENT,1930.92,864.12,PIT,1930.020412105,0,1,2.0
16.2,52180,AGENT,1930.87,864.476,PIT,1930.020412105,0,1,2.0
16.3,52180,AGENT,1930.82,864.832,PIT,1930.020412105,0,1,2.0
16.4,52180,AGENT,1930.79,865.188,PIT,1930.020412105,0,1,2.0
16.5,52180,AGENT,1930.78,865.544,PIT,1930.020412105,0,1,2.0
16.6,52180,AGENT,1930.79,865.9,PIT,1930.020412105,0,1,2.0
16.7,52180,AGENT,1930.81,866.254,PIT,1930.020412105,0,1,2.0
16.8,52180,AGENT,1930.84,866.607,PIT,1930.020412105,0,1,2.0
16.9,52180,AGENT,1930.89,866.959,PIT,1930.020412105,0,1,2.0
