TIMESTAMP,TRACK_ID,OBJECT_TYPE,X,Y,CITY_NAME,REF_xmin,AUGMENT_TYPE,AUGMENT_DIRECTION,ATTACK_POWER_TYPE
48.0,52180,AGENT,-48.782,1119.11,MIA,-86.08651780697983,0,0,8.0
48.1,52180,AGENT,-49.4879,1119.07,MIA,-86.08651780697983,0,0,8.0
48.2,52180,AGENT,-50.1939,1119.03,MIA,-86.08651780697983,0,0,8.0
48.3,52180,AGENT,-50.9,1119.0,MIA,-86.08651780697983,0,0,8.0
48.4,52180,AGENT,-51.6062,1118.97,MIA,-86.08651780697983,0,0,8.0
48.5,52180,AGENT,-52.3125,1118.95,MIA,-86.08651780697983,0,0,8.0
48.6,52180,AGENT,-53.0188,1118.92,MIA,-86.08651780697983,0,0,8.0
48.7,52180,AGENT,-53.7251,1118.9,MIA,-86.08651780697983,0,0,8.0
48.8,52180,AGENT,-54.4314,1118.88,MIA,-86.08651780697983,0,0,8.0
48.9,52180,AGENT,-55.1378,1118.86,MIA,-86.08651780697983,0,0,8.0
49.0,52180,AGENT,-55.8442,1118.85,MIA,-86.08651780697983,0,0,8.0
49.1,52180,AGENT,-56.5506,1118.83,MIA,-86.08651780697983,0,0,8.0
49.2,52180,AGENT,-57.257,1118.81,MIA,-86.08651780697983,0,0,8.0
49.3,52180,AGENT,-57.9634,1118.79,MIA,-86.08651780697983,0,0,8.0
49.4,52180,AGENT,-58.6698,1118.78,MIA,-86.08651780697983,0,0,8.0
49.5,52180,AGENT,-59.3762,1118.76,MIA,-86.08651780697983,0,0,8.0
49.6,52180,AGENT,-60.0826,1118.75,MIA,-86.08651780697983,0,0,8.0
49.7,52180,AGENT,-60.789,1118.73,MIA,-86.08651780697983,0,0,8.0
49.8,52180,AGENT,-61.4953,1118.71,MIA,-86.08651780697983,0,0,8.0
49.9,52180,AGENT,-62.2017,1118.7,MIA,-86.08651780697983,0,0,8.0
50.0,52180,AGENT,-62.908,1118.68,MIA,-86.08651780697983,0,0,8.0
50.1,52180,AGENT,-63.6144,1118.66,MIA,-86.08651780697983,0,0,8.0
50.2,52180,AGENT,-64.3207,1118.65,MIA,-86.08651780697983,0,0,8.0
50.3,52180,AGENT,-65.027,1118.63,MIA,-86.08651780697983,0,0,8.0
50.4,52180,AGENT,-65.7333,1118.61,MIA,-86.08651780697983,0,0,8.0
50.5,52180,AGENT,-66.4396,1118.59,MIA,-86.08651780697983,0,0,8.0
50.6,52180,AGENT,-67.1459,1118.57,MIA,-86.08651780697983,0,0,8.0
50.7,52180,AGENT,-67.8522,1118.55,MIA,-86.08651780697983,0,0,8.0
50.8,52180,AGENT,-68.5584,1118.53,MIA,-86.08651780697983,0,0,8.0
50.9,52180,AGENT,-69.2646,1118.51,MIA,-86.08651780697983,0,0,8.0
51.0,52180,AGENT,-69.9708,1118.49,MIA,-86.08651780697983,0,0,8.0
51.1,52180,AGENT,-70.677,1118.47,MIA,-86.08651780697983,0,0,8.0
51.2,52180,AGENT,-71.3832,1118.45,MIA,-86.08651780697983,0,0,8.0
51.3,52180,AGENT,-72.0894,1118.42,MIA,-86.08651780697983,0,0,8.0
51.4,52180,AGENT,-72.7956,1118.4,MIA,-86.08651780697983,0,0,8.0
51.5,52180,AGENT,-73.5017,1118.38,MIA,-86.08651780697983,0,0,8.0
51.6,52180,AGENT,-74.2078,1118.35,MIA,-86.08651780697983,0,0,8.0
51.7,52180,AGENT,-74.914,1118.33,MIA,-86.08651780697983,0,0,8.0
51.8,52180,AGENT,-75.6201,1118.31,MIA,-86.08651780697983,0,0,8.0
51.9,52180,AGENT,-76.3262,1118.28,MIA,-86.08651780697983,0,0,8.0
52.0,52180,AGENT,-77.0323,1118.26,MIA,-86.08651780697983,0,0,8.0
52.1,52180,AGENT,-77.7383,1118.23,MIA,-86.08651780697983,0,0,8.0
52.2,52180,AGENT,-78.4444,1118.21,MIA,-86.08651780697983,0,0,8.0
52.3,52180,AGENT,-79.1505,1118.18,MIA,-86.08651780697983,0,0,8.0
52.4,52180,AGENT,-79.8565,1118.16,MIA,-86.08651780697983,0,0,8.0
52.5,52180,AGENT,-80.5626,1118.13,MIA,-86.08651780697983,0,0,8.0
52.6,52180,AGENT,-81.2686,1118.1,MIA,-86.08651780697983,0,0,8.0
52.7,52180,AGENT,-81.9747,1118.08,MIA,-86.08651780697983,0,0,8.0
52.8,52180,AGENT,-82.6807,1118.05,MIA,-86.08651780697983,0,0,8.0
52.9,52180,AGENT,-83.3868,1118.02,MIA,-86.08651780697983,0,0,8.0
