TIMESTAMP,TRACK_ID,OBJECT_TYPE,X,Y,CITY_NAME,REF_xmin,AUGMENT_TYPE,AUGMENT_DIRECTION,ATTACK_POWER_TYPE
32.0,52180,AGENT,421.565,1618.06,MIA,420.4127293074853,1,1,5.0
32.1,52180,AGENT,421.544,1618.72,MIA,420.4127293074853,1,1,5.0
32.2,52180,AGENT,421.524,1619.38,MIA,420.4127293074853,1,1,5.0
32.3,52180,AGENT,421.504,1620.02,MIA,420.4127293074853,1,1,5.0
32.4,52180,AGENT,421.484,1620.66,MIA,420.4127293074853,1,1,5.0
32.5,52180,AGENT,421.465,1621.29,MIA,420.4127293074853,1,1,5.0
32.6,52180,AGENT,421.446,1621.9,MIA,420.4127293074853,1,1,5.0
32.7,52180,AGENT,421.428,1622.51,MIA,420.4127293074853,1,1,5.0
32.8,52180,AGENT,421.409,1623.11,MIA,420.4127293074853,1,1,5.0
32.9,52180,AGENT,421.391,1623.7,MIA,420.4127293074853,1,1,5.0
33.0,52180,AGENT,421.374,1624.28,MIA,420.4127293074853,1,1,5.0
33.1,52180,AGENT,421.357,1624.85,MIA,420.4127293074853,1,1,5.0
33.2,52180,AGENT,421.34,1625.41,MIA,420.4127293074853,1,1,5.0
33.3,52180,AGENT,421.323,1625.96,MIA,420.4127293074853,1,1,5.0
33.4,52180,AGENT,421.306,1626.52,MIA,420.4127293074853,1,1,5.0
33.5,52180,AGENT,421.289,1627.08,MIA,420.4127293074853,1,1,5.0
33.6,52180,AGENT,421.271,1627.64,MIA,420.4127293074853,1,1,5.0
33.7,52180,AGENT,421.254,1628.19,MIA,420.4127293074853,1,1,5.0
33.8,52180,AGENT,421.237,1628.75,MIA,420.4127293074853,1,1,5.0
33.9,52180,AGENT,421.219,1629.3,MIA,420.4127293074853,1,1,5.0
34.0,52180,AGENT,421.202,1629.85,MIA,420.4127293074853,1,1,5.0
34.1,52180,AGENT,421.185,1630.39,MIA,420.4127293074853,1,1,5.0
34.2,52180,AGENT,421.168,1630.92,MIA,420.4127293074853,1,1,5.0
34.3,52180,AGENT,421.151,1631.45,MIA,420.4127293074853,1,1,5.0
34.4,52180,AGENT,421.135,1631.97,MIA,420.4127293074853,1,1,5.0
34.5,52180,AGENT,421.118,1632.48,MIA,420.4127293074853,1,1,5.0
34.6,52180,AGENT,421.101,1632.99,MIA,420.4127293074853,1,1,5.0
34.7,52180,AGENT,421.085,1633.49,MIA,420.4127293074853,1,1,5.0
34.8,52180,AGENT,421.068,1633.98,MIA,420.4127293074853,1,1,5.0
34.9,52180,AGENT,421.051,1634.47,MIA,420.4127293074853,1,1,5.0
35.0,52180,AGENT,421.034,1634.97,MIA,420.4127293074853,1,1,5.0
35.1,52180,AGENT,421.016,1635.47,MIA,420.4127293074853,1,1,5.0
35.2,52180,AGENT,420.997,1635.97,MIA,420.4127293074853,1,1,5.0
35.3,52180,AGENT,420.978,1636.47,MIA,420.4127293074853,1,1,5.0
35.4,52180,AGENT,420.958,1636.97,MIA,420.4127293074853,1,1,5.0
35.5,52180,AGENT,420.937,1637.48,MIA,420.4127293074853,1,1,5.0
35.6,52180,AGENT,420.916,1637.98,MIA,420.4127293074853,1,1,5.0
35.7,52180,AGENT,420.893,1638.49,MIA,420.4127293074853,1,1,5.0
35.8,52180,AGENT,420.87,1639.0,MIA,420.4127293074853,1,1,5.0
35.9,52180,AGENT,420.846,1639.52,MIA,420.4127293074853,1,1,5.0
36.0,52180,AGENT,420.822,1640.03,MIA,420.4127293074853,1,1,5.0
36.1,52180,AGENT,420.799,1640.54,MIA,420.4127293074853,1,1,5.0
36.2,52180,AGENT,420.776,1641.06,MIA,420.4127293074853,1,1,5.0
36.3,52180,AGENT,420.754,1641.57,MIA,420.4127293074853,1,1,5.0
36.4,52180,AGENT,420.734,1642.09,MIA,420.4127293074853,1,1,5.0
36.5,52180,AGENT,420.715,1642.6,MIA,420.4127293074853,1,1,5.0
36.6,52180,AGENT,420.7,1643.11,MIA,420.4127293074853,1,1,5.0
36.7,52180,AGENT,420.689,1643.63,MIA,420.4127293074853,1,1,5.0
36.8,52180,AGENT,420.682,1644.14,MIA,420.4127293074853,1,1,5.0
36.9,52180,AGENT,420.681,1644.65,MIA,420.4127293074853,1,1,5.0
