TIMESTAMP,TRACK_ID,OBJECT_TYPE,X,Y,CITY_NAME,REF_xmin,AUGMENT_TYPE,AUGMENT_DIRECTION,ATTACK_POWER_TYPE
12.0,52180,AGENT,991.778,-58.547,PIT,900.0,1,0,6.0
12.1,52180,AGENT,990.631,-57.9881,PIT,900.0,1,0,6.0
12.2,52180,AGENT,989.476,-57.4289,PIT,900.0,1,0,6.0
12.3,52180,AGENT,988.319,-56.8721,PIT,900.0,1,0,6.0
12.4,52180,AGENT,987.164,-56.3195,PIT,900.0,1,0,6.0
12.5,52180,AGENT,986.017,-55.7726,PIT,900.0,1,0,6.0
12.6,52180,AGENT,984.878,-55.2316,PIT,900.0,1,0,6.0
12.7,52180,AGENT,983.748,-54.6966,PIT,900.0,1,0,6.0
12.8,52180,AGENT,982.632,-54.17,PIT,900.0,1,0,6.0
12.9,52180,AGENT,981.534,-53.6533,PIT,900.0,1,0,6.0
13.0,52180,AGENT,980.454,-53.1466,PIT,900.0,1,0,6.0
13.1,52180,AGENT,979.395,-52.6504,PIT,900.0,1,0,6.0
13.2,52180,AGENT,978.356,-52.1649,PIT,900.0,1,0,6.0
13.3,52180,AGENT,977.321,-51.6887,PIT,900.0,1,0,6.0
13.4,52180,AGENT,976.273,-51.2213,PIT,900.0,1,0,6.0
13.5,52180,AGENT,975.212,-50.7639,PIT,900.0,1,0,6.0
13.6,52180,AGENT,974.146,-50.3177,PIT,900.0,1,0,6.0
13.7,52180,AGENT,973.084,-49.8841,PIT,900.0,1,0,6.0
13.8,52180,AGENT,972.03,-49.464,PIT,900.0,1,0,6.0
13.9,52180,AGENT,970.989,-49.0581,PIT,900.0,1,0,6.0
14.0,52180,AGENT,969.968,-48.6669,PIT,900.0,1,0,6.0
14.1,52180,AGENT,968.967,-48.2904,PIT,900.0,1,0,6.0
14.2,52180,AGENT,967.988,-47.9292,PIT,900.0,1,0,6.0
14.3,52180,AGENT,967.032,-47.5837,PIT,900.0,1,0,6.0
14.4,52180,AGENT,966.098,-47.2545,PIT,900.0,1,0,6.0
14.5,52180,AGENT,965.17,-46.9386,PIT,900.0,1,0,6.0
14.6,52180,AGENT,964.232,-46.6324,PIT,900.0,1,0,6.0
14.7,52180,AGENT,963.284,-46.3356,PIT,900.0,1,0,6.0
14.8,52180,AGENT,962.326,-46.0476,PIT,900.0,1,0,6.0
14.9,52180,AGENT,961.363,-45.7696,PIT,900.0,1,0,6.0
15.0,52180,AGENT,960.403,-45.5042,PIT,900.0,1,0,6.0
15.1,52180,AGENT,959.455,-45.2534,PIT,900.0,1,0,6.0
15.2,52180,AGENT,958.524,-45.0177,PIT,900.0,1,0,6.0
15.3,52180,AGENT,957.61,-44.7959,PIT,900.0,1,0,6.0
15.4,52180,AGENT,956.709,-44.5845,PIT,900.0,1,0,6.0
15.5,52180,AGENT,955.813,-44.3781,PIT,900.0,1,0,6.0
15.6,52180,AGENT,954.913,-44.1709,PIT,900.0,1,0,6.0
15.7,52180,AGENT,954.006,-43.9591,PIT,900.0,1,0,6.0
15.8,52180,AGENT,953.092,-43.7409,PIT,900.0,1,0,6.0
15.9,52180,AGENT,952.171,-43.5145,PIT,900.0,1,0,6.0
16.0,52180,AGENT,951.243,-43.2787,PIT,900.0,1,0,6.0
16.1,52180,AGENT,950.308,-43.0321,PIT,900.0,1,0,6.0
16.2,52180,AGENT,949.367,-42.7739,PIT,900.0,1,0,6.0
16.3,52180,AGENT,948.419,-42.5035,PIT,900.0,1,0,6.0
16.4,52180,AGENT,947.465,-42.2202,PIT,900.0,1,0,6.0
16.5,52180,AGENT,946.504,-41.9237,PIT,900.0,1,0,6.0
16.6,52180,AGENT,945.538,-41.6137,PIT,900.0,1,0,6.0
16.7,52180,AGENT,944.565,-41.2903,PIT,900.0,1,0,6.0
16.8,52180,AGENT,943.586,-40.9534,PIT,900.0,1,0,6.0
16.9,52180,AGENT,942.6,-40.6031,PIT,900.0,1,0,6.0
