TIMESTAMP,TRACK_ID,OBJECT_TYPE,X,Y,CITY_NAME,REF_xmin,AUGMENT_TYPE,AUGMENT_DIRECTION,ATTACK_POWER_TYPE
0.0,52180,AGENT,-168.362,3812.35,MIA,-311.7918955718633,0,1,8.0
0.1,52180,AGENT,-168.841,3812.71,MIA,-311.7918955718633,0,1,8.0
0.2,52180,AGENT,-169.321,3813.07,MIA,-311.7918955718633,0,1,8.0
0.3,52180,AGENT,-169.8,3813.43,MIA,-311.7918955718633,0,1,8.0
0.4,52180,AGENT,-170.28,3813.79,MIA,-311.7918955718633,0,1,8.0
0.5,52180,AGENT,-170.759,3814.15,MIA,-311.7918955718633,0,1,8.0
0.6,52180,AGENT,-171.238,3814.51,MIA,-311.7918955718633,0,1,8.0
0.7,52180,AGENT,-171.718,3814.87,MIA,-311.7918955718633,0,1,8.0
0.8,52180,AGENT,-172.197,3815.23,MIA,-311.7918955718633,0,1,8.0
0.9,52180,AGENT,-172.677,3815.59,MIA,-311.7918955718633,0,1,8.0
1.0,52180,AGENT,-173.156,3815.96,MIA,-311.7918955718633,0,1,8.0
1.1,52180,AGENT,-173.635,3816.32,MIA,-311.7918955718633,0,1,8.0
1.2,52180,AGENT,-174.115,3816.68,MIA,-311.7918955718633,0,1,8.0
1.3,52180,AGENT,-174.594,3817.04,MIA,-311.7918955718633,0,1,8.0
1.4,52180,AGENT,-175.073,3817.4,MIA,-311.7918955718633,0,1,8.0
1.5,52180,AGENT,-175.557,3817.76,MIA,-311.7918955718633,0,1,8.0
1.6,52180,AGENT,-176.043,3818.13,MIA,-311.7918955718633,0,1,8.0
1.7,52180,AGENT,-176.53,3818.5,MIA,-311.7918955718633,0,1,8.0
1.8,52180,AGENT,-177.017,3818.86,MIA,-311.7918955718633,0,1,8.0
1.9,52180,AGENT,-177.504,3819.23,MIA,-311.7918955718633,0,1,8.0
2.0,52180,AGENT,-177.991,3819.6,MIA,-311.7918955718633,0,1,8.0
2.1,52180,AGENT,-178.477,3819.96,MIA,-311.7918955718633,0,1,8.0
2.2,52180,AGENT,-178.964,3820.33,MIA,-311.7918955718633,0,1,8.0
2.3,52180,AGENT,-179.451,3820.7,MIA,-311.7918955718633,0,1,8.0
2.4,52180,AGENT,-179.938,3821.06,MIA,-311.7918955718633,0,1,8.0
2.5,52180,AGENT,-180.424,3821.43,MIA,-311.7918955718633,0,1,8.0
2.6,52180,AGENT,-180.911,3821.8,MIA,-311.7918955718633,0,1,8.0
2.7,52180,AGENT,-181.397,3822.17,MIA,-311.7918955718633,0,1,8.0
2.8,52180,AGENT,-181.884,3822.53,MIA,-311.7918955718633,0,1,8.0
2.9,52180,AGENT,-182.37,3822.9,MIA,-311.7918955718633,0,1,8.0
3.0,52180,AGENT,-182.857,3823.27,MIA,-311.7918955718633,0,1,8.0
3.1,52180,AGENT,-183.343,3823.63,MIA,-311.7918955718633,0,1,8.0
3.2,52180,AGENT,-183.83,3824.0,MIA,-311.7918955718633,0,1,8.0
3.3,52180,AGENT,-184.316,3824.37,MIA,-311.7918955718633,0,1,8.0
3.4,52180,AGENT,-184.802,3824.74,MIA,-311.7918955718633,0,1,8.0
3.5,52180,AGENT,-185.289,3825.1,MIA,-311.7918955718633,0,1,8.0
3.6,52180,AGENT,-185.775,3825.47,MIA,-311.7918955718633,0,1,8.0
3.7,52180,AGENT,-186.262,3825.84,MIA,-311.7918955718633,0,1,8.0
3.8,52180,AGENT,-186.748,3826.21,MIA,-311.7918955718633,0,1,8.0
3.9,52180,AGENT,-187.235,3826.57,MIA,-311.7918955718633,0,1,8.0
4.0,52180,AGENT,-187.721,3826.94,MIA,-311.7918955718633,0,1,8.0
4.1,52180,AGENT,-188.208,3827.31,MIA,-311.7918955718633,0,1,8.0
4.2,52180,AGENT,-188.694,3827.67,MIA,-311.7918955718633,0,1,8.0
4.3,52180,AGENT,-189.181,3828.04,MIA,-311.7918955718633,0,1,8.0
4.4,52180,AGENT,-189.667,3828.41,MIA,-311.7918955718633,0,1,8.0
4.5,52180,AGENT,-190.154,3828.78,MIA,-311.7918955718633,0,1,8.0
4.6,52180,AGENT,-190.641,3829.14,MIA,-311.7918955718633,0,1,8.0
4.7,52180,AGENT,-191.127,3829.51,MIA,-311.7918955718633,0,1,8.0
4.8,52180,AGENT,-191.614,3829.88,MIA,-311.7918955718633,0,1,8.0
4.9,52180,AGENT,-192.101,3830.24,MIA,-311.7918955718633,0,1,8.0
