TIMESTAMP,TRACK_ID,OBJECT_TYPE,X,Y,CITY_NAME,REF_xmin,AUGMENT_TYPE,AUGMENT_DIRECTION,ATTACK_POWER_TYPE
12.0,52180,AGENT,1756.63,372.533,PIT,1668.6478728759685,1,0,1.0
12.1,52180,AGENT,1757.49,373.25,PIT,1668.6478728759685,1,0,1.0
12.2,52180,AGENT,1758.35,373.966,PIT,1668.6478728759685,1,0,1.0
12.3,52180,AGENT,1759.21,374.682,PIT,1668.6478728759685,1,0,1.0
12.4,52180,AGENT,1760.08,375.398,PIT,1668.6478728759685,1,0,1.0
12.5,52180,AGENT,1760.94,376.115,PIT,1668.6478728759685,1,0,1.0
12.6,52180,AGENT,1761.8,376.831,PIT,1668.6478728759685,1,0,1.0
12.7,52180,AGENT,1762.66,377.547,PIT,1668.6478728759685,1,0,1.0
12.8,52180,AGENT,1763.52,378.264,PIT,1668.6478728759685,1,0,1.0
12.9,52180,AGENT,1764.38,378.98,PIT,1668.6478728759685,1,0,1.0
13.0,52180,AGENT,1765.25,379.697,PIT,1668.6478728759685,1,0,1.0
13.1,52180,AGENT,1766.11,380.413,PIT,1668.6478728759685,1,0,1.0
13.2,52180,AGENT,1766.97,381.13,PIT,1668.6478728759685,1,0,1.0
13.3,52180,AGENT,1767.83,381.847,PIT,1668.6478728759685,1,0,1.0
13.4,52180,AGENT,1768.69,382.564,PIT,1668.6478728759685,1,0,1.0
13.5,52180,AGENT,1769.55,383.281,PIT,1668.6478728759685,1,0,1.0
13.6,52180,AGENT,1770.41,383.998,PIT,1668.6478728759685,1,0,1.0
13.7,52180,AGENT,1771.28,384.715,PIT,1668.6478728759685,1,0,1.0
13.8,52180,AGENT,1772.14,385.432,PIT,1668.6478728759685,1,0,1.0
13.9,52180,AGENT,1773.0,386.15,PIT,1668.6478728759685,1,0,1.0
14.0,52180,AGENT,1773.86,386.867,PIT,1668.6478728759685,1,0,1.0
14.1,52180,AGENT,1774.72,387.585,PIT,1668.6478728759685,1,0,1.0
14.2,52180,AGENT,1775.58,388.303,PIT,1668.6478728759685,1,0,1.0
14.3,52180,AGENT,1776.44,389.021,PIT,1668.6478728759685,1,0,1.0
14.4,52180,AGENT,1777.3,389.739,PIT,1668.6478728759685,1,0,1.0
14.5,52180,AGENT,1778.16,390.458,PIT,1668.6478728759685,1,0,1.0
14.6,52180,AGENT,1779.02,391.177,PIT,1668.6478728759685,1,0,1.0
14.7,52180,AGENT,1779.88,391.896,PIT,1668.6478728759685,1,0,1.0
14.8,52180,AGENT,1780.74,392.615,PIT,1668.6478728759685,1,0,1.0
14.9,52180,AGENT,1781.6,393.335,PIT,1668.6478728759685,1,0,1.0
15.0,52180,AGENT,1782.46,394.054,PIT,1668.6478728759685,1,0,1.0
15.1,52180,AGENT,1783.31,394.774,PIT,1668.6478728759685,1,0,1.0
15.2,52180,AGENT,1784.17,395.495,PIT,1668.6478728759685,1,0,1.0
15.3,52180,AGENT,1785.03,396.215,PIT,1668.6478728759685,1,0,1.0
15.4,52180,AGENT,1785.89,396.936,PIT,1668.6478728759685,1,0,1.0
15.5,52180,AGENT,1786.75,397.658,PIT,1668.6478728759685,1,0,1.0
15.6,52180,AGENT,1787.6,398.379,PIT,1668.6478728759685,1,0,1.0
15.7,52180,AGENT,1788.46,399.102,PIT,1668.6478728759685,1,0,1.0
15.8,52180,AGENT,1789.32,399.824,PIT,1668.6478728759685,1,0,1.0
15.9,52180,AGENT,1790.17,400.547,PIT,1668.6478728759685,1,0,1.0
16.0,52180,AGENT,1791.03,401.27,PIT,1668.6478728759685,1,0,1.0
16.1,52180,AGENT,1791.88,401.993,PIT,1668.6478728759685,1,0,1.0
16.2,52180,AGENT,1792.74,402.717,PIT,1668.6478728759685,1,0,1.0
16.3,52180,AGENT,1793.59,403.441,PIT,1668.6478728759685,1,0,1.0
16.4,52180,AGENT,1794.45,404.166,PIT,1668.6478728759685,1,0,1.0
16.5,52180,AGENT,1795.3,404.891,PIT,1668.6478728759685,1,0,1.0
16.6,52180,AGENT,1796.16,405.616,PIT,1668.6478728759685,1,0,1.0
16.7,52180,AGENT,1797.01,406.342,PIT,1668.6478728759685,1,0,1.0
16.8,52180,AGENT,1797.87,407.068,PIT,1668.6478728759685,1,0,1.0
16.9,52180,AGENT,1798.72,407.794,PIT,1668.6478728759685,1,0,1.0
