TIMESTAMP,TRACK_ID,OBJECT_TYPE,X,Y,CITY_NAME,REF_xmin,AUGMENT_TYPE,AUGMENT_DIRECTION,ATTACK_POWER_TYPE
4.0,52180,AGENT,-67.6954,2343.85,MIA,-139.39125681802398,0,0,9.0
4.1,52180,AGENT,-68.3181,2343.23,MIA,-139.39125681802398,0,0,9.0
4.2,52180,AGENT,-68.9372,2342.62,MIA,-139.39125681802398,0,0,9.0
4.3,52180,AGENT,-69.5519,2342.02,MIA,-139.39125681802398,0,0,9.0
4.4,52180,AGENT,-70.1599,2341.42,MIA,-139.39125681802398,0,0,9.0
4.5,52180,AGENT,-70.7615,2340.83,MIA,-139.39125681802398,0,0,9.0
4.6,52180,AGENT,-71.354,2340.24,MIA,-139.39125681802398,0,0,9.0
4.7,52180,AGENT,-71.9368,2339.67,MIA,-139.39125681802398,0,0,9.0
4.8,52180,AGENT,-72.5209,2339.1,MIA,-139.39125681802398,0,0,9.0
4.9,52180,AGENT,-73.1143,2338.52,MIA,-139.39125681802398,0,0,9.0
5.0,52180,AGENT,-73.7163,2337.93,MIA,-139.39125681802398,0,0,9.0
5.1,52180,AGENT,-74.3234,2337.33,MIA,-139.39125681802398,0,0,9.0
5.2,52180,AGENT,-74.9325,2336.74,MIA,-139.39125681802398,0,0,9.0
5.3,52180,AGENT,-75.5401,2336.14,MIA,-139.39125681802398,0,0,9.0
5.4,52180,AGENT,-76.1428,2335.55,MIA,-139.39125681802398,0,0,9.0
5.5,52180,AGENT,-76.7395,2334.97,MIA,-139.39125681802398,0,0,9.0
5.6,52180,AGENT,-77.3275,2334.4,MIA,-139.39125681802398,0,0,9.0
5.7,52180,AGENT,-77.9035,2333.84,MIA,-139.39125681802398,0,0,9.0
5.8,52180,AGENT,-78.4667,2333.3,MIA,-139.39125681802398,0,0,9.0
5.9,52180,AGENT,-79.0201,2332.76,MIA,-139.39125681802398,0,0,9.0
6.0,52180,AGENT,-79.5755,2332.23,MIA,-139.39125681802398,0,0,9.0
6.1,52180,AGENT,-80.1428,2331.71,MIA,-139.39125681802398,0,0,9.0
6.2,52180,AGENT,-80.7249,2331.19,MIA,-139.39125681802398,0,0,9.0
6.3,52180,AGENT,-81.323,2330.67,MIA,-139.39125681802398,0,0,9.0
6.4,52180,AGENT,-81.932,2330.17,MIA,-139.39125681802398,0,0,9.0
6.5,52180,AGENT,-82.542,2329.67,MIA,-139.39125681802398,0,0,9.0
6.6,52180,AGENT,-83.1439,2329.19,MIA,-139.39125681802398,0,0,9.0
6.7,52180,AGENT,-83.7331,2328.72,MIA,-139.39125681802398,0,0,9.0
6.8,52180,AGENT,-84.31,2328.27,MIA,-139.39125681802398,0,0,9.0
6.9,52180,AGENT,-84.8793,2327.83,MIA,-139.39125681802398,0,0,9.0
7.0,52180,AGENT,-85.4457,2327.42,MIA,-139.39125681802398,0,0,9.0
7.1,52180,AGENT,-86.0092,2327.01,MIA,-139.39125681802398,0,0,9.0
7.2,52180,AGENT,-86.57,2326.63,MIA,-139.39125681802398,0,0,9.0
7.3,52180,AGENT,-87.1331,2326.26,MIA,-139.39125681802398,0,0,9.0
7.4,52180,AGENT,-87.7032,2325.91,MIA,-139.39125681802398,0,0,9.0
7.5,52180,AGENT,-88.2803,2325.58,MIA,-139.39125681802398,0,0,9.0
7.6,52180,AGENT,-88.8696,2325.27,MIA,-139.39125681802398,0,0,9.0
7.7,52180,AGENT,-89.4757,2324.98,MIA,-139.39125681802398,0,0,9.0
7.8,52180,AGENT,-90.0981,2324.7,MIA,-139.39125681802398,0,0,9.0
7.9,52180,AGENT,-90.7364,2324.44,MIA,-139.39125681802398,0,0,9.0
8.0,52180,AGENT,-91.3901,2324.2,MIA,-139.39125681802398,0,0,9.0
8.1,52180,AGENT,-92.0588,2323.98,MIA,-139.39125681802398,0,0,9.0
8.2,52180,AGENT,-92.7419,2323.77,MIA,-139.39125681802398,0,0,9.0
8.3,52180,AGENT,-93.439,2323.58,MIA,-139.39125681802398,0,0,9.0
8.4,52180,AGENT,-94.1497,2323.41,MIA,-139.39125681802398,0,0,9.0
8.5,52180,AGENT,-94.8736,2323.25,MIA,-139.39125681802398,0,0,9.0
8.6,52180,AGENT,-95.6104,2323.1,MIA,-139.39125681802398,0,0,9.0
8.7,52180,AGENT,-96.3597,2322.97,MIA,-139.39125681802398,0,0,9.0
8.8,52180,AGENT,-97.1212,2322.84,MIA,-139.39125681802398,0,0,9.0
8.9,52180,AGENT,-97.8952,2322.73,MIA,-139.39125681802398,0,0,9.0
