TIMESTAMP,TRACK_ID,OBJECT_TYPE,X,Y,CITY_NAME,REF_xmin,AUGMENT_TYPE,AUGMENT_DIRECTION,ATTACK_POWER_TYPE
0.0,52180,AGENT,1449.29,365.556,PIT,1387.5966375109274,0,0,3.0
0.1,52180,AGENT,1449.7,365.989,PIT,1387.5966375109274,0,0,3.0
0.2,52180,AGENT,1450.11,366.43,PIT,1387.5966375109274,0,0,3.0
0.3,52180,AGENT,1450.51,366.879,PIT,1387.5966375109274,0,0,3.0
0.4,52180,AGENT,1450.9,367.336,PIT,1387.5966375109274,0,0,3.0
0.5,52180,AGENT,1451.28,367.8,PIT,1387.5966375109274,0,0,3.0
0.6,52180,AGENT,1451.65,368.266,PIT,1387.5966375109274,0,0,3.0
0.7,52180,AGENT,1452.0,368.732,PIT,1387.5966375109274,0,0,3.0
0.8,52180,AGENT,1452.33,369.201,PIT,1387.5966375109274,0,0,3.0
0.9,52180,AGENT,1452.65,369.676,PIT,1387.5966375109274,0,0,3.0
1.0,52180,AGENT,1452.95,370.158,PIT,1387.5966375109274,0,0,3.0
1.1,52180,AGENT,1453.24,370.646,PIT,1387.5966375109274,0,0,3.0
1.2,52180,AGENT,1453.51,371.146,PIT,1387.5966375109274,0,0,3.0
1.3,52180,AGENT,1453.76,371.663,PIT,1387.5966375109274,0,0,3.0
1.4,52180,AGENT,1453.98,372.19,PIT,1387.5966375109274,0,0,3.0
1.5,52180,AGENT,1454.19,372.722,PIT,1387.5966375109274,0,0,3.0
1.6,52180,AGENT,1454.38,373.258,PIT,1387.5966375109274,0,0,3.0
1.7,52180,AGENT,1454.56,373.798,PIT,1387.5966375109274,0,0,3.0
1.8,52180,AGENT,1454.71,374.34,PIT,1387.5966375109274,0,0,3.0
1.9,52180,AGENT,1454.84,374.885,PIT,1387.5966375109274,0,0,3.0
2.0,52180,AGENT,1454.95,375.432,PIT,1387.5966375109274,0,0,3.0
2.1,52180,AGENT,1455.05,375.98,PIT,1387.5966375109274,0,0,3.0
2.2,52180,AGENT,1455.13,376.533,PIT,1387.5966375109274,0,0,3.0
2.3,52180,AGENT,1455.18,377.096,PIT,1387.5966375109274,0,0,3.0
2.4,52180,AGENT,1455.21,377.669,PIT,1387.5966375109274,0,0,3.0
2.5,52180,AGENT,1455.23,378.25,PIT,1387.5966375109274,0,0,3.0
2.6,52180,AGENT,1455.22,378.839,PIT,1387.5966375109274,0,0,3.0
2.7,52180,AGENT,1455.19,379.436,PIT,1387.5966375109274,0,0,3.0
2.8,52180,AGENT,1455.14,380.04,PIT,1387.5966375109274,0,0,3.0
2.9,52180,AGENT,1455.08,380.652,PIT,1387.5966375109274,0,0,3.0
3.0,52180,AGENT,1454.99,381.271,PIT,1387.5966375109274,0,0,3.0
3.1,52180,AGENT,1454.89,381.897,PIT,1387.5966375109274,0,0,3.0
3.2,52180,AGENT,1454.78,382.53,PIT,1387.5966375109274,0,0,3.0
3.3,52180,AGENT,1454.64,383.17,PIT,1387.5966375109274,0,0,3.0
3.4,52180,AGENT,1454.49,383.817,PIT,1387.5966375109274,0,0,3.0
3.5,52180,AGENT,1454.33,384.471,PIT,1387.5966375109274,0,0,3.0
3.6,52180,AGENT,1454.15,385.132,PIT,1387.5966375109274,0,0,3.0
3.7,52180,AGENT,1453.96,385.801,PIT,1387.5966375109274,0,0,3.0
3.8,52180,AGENT,1453.76,386.478,PIT,1387.5966375109274,0,0,3.0
3.9,52180,AGENT,1453.54,387.163,PIT,1387.5966375109274,0,0,3.0
4.0,52180,AGENT,1453.31,387.856,PIT,1387.5966375109274,0,0,3.0
4.1,52180,AGENT,1453.07,388.558,PIT,1387.5966375109274,0,0,3.0
4.2,52180,AGENT,1452.82,389.267,PIT,1387.5966375109274,0,0,3.0
4.3,52180,AGENT,1452.56,389.985,PIT,1387.5966375109274,0,0,3.0
4.4,52180,AGENT,1452.29,390.712,PIT,1387.5966375109274,0,0,3.0
4.5,52180,AGENT,1452.01,391.448,PIT,1387.5966375109274,0,0,3.0
4.6,52180,AGENT,1451.72,392.191,PIT,1387.5966375109274,0,0,3.0
4.7,52180,AGENT,1451.43,392.942,PIT,1387.5966375109274,0,0,3.0
4.8,52180,AGENT,1451.12,393.7,PIT,1387.5966375109274,0,0,3.0
4.9,52180,AGENT,1450.82,394.466,PIT,1387.5966375109274,0,0,3.0
