TIMESTAMP,TRACK_ID,OBJECT_TYPE,X,Y,CITY_NAME,REF_xmin,AUGMENT_TYPE,AUGMENT_DIRECTION,ATTACK_POWER_TYPE
8.0,52180,AGENT,823.051,2207.24,MIA,812.7759577249526,1,0,9.0
8.1,52180,AGENT,823.159,2206.53,MIA,812.7759577249526,1,0,9.0
8.2,52180,AGENT,823.294,2205.82,MIA,812.7759577249526,1,0,9.0
8.3,52180,AGENT,823.451,2205.11,MIA,812.7759577249526,1,0,9.0
8.4,52180,AGENT,823.628,2204.41,MIA,812.7759577249526,1,0,9.0
8.5,52180,AGENT,823.824,2203.73,MIA,812.7759577249526,1,0,9.0
8.6,52180,AGENT,824.04,2203.06,MIA,812.7759577249526,1,0,9.0
8.7,52180,AGENT,824.271,2202.41,MIA,812.7759577249526,1,0,9.0
8.8,52180,AGENT,824.514,2201.77,MIA,812.7759577249526,1,0,9.0
8.9,52180,AGENT,824.768,2201.15,MIA,812.7759577249526,1,0,9.0
9.0,52180,AGENT,825.034,2200.55,MIA,812.7759577249526,1,0,9.0
9.1,52180,AGENT,825.314,2199.97,MIA,812.7759577249526,1,0,9.0
9.2,52180,AGENT,825.615,2199.4,MIA,812.7759577249526,1,0,9.0
9.3,52180,AGENT,825.94,2198.83,MIA,812.7759577249526,1,0,9.0
9.4,52180,AGENT,826.289,2198.27,MIA,812.7759577249526,1,0,9.0
9.5,52180,AGENT,826.66,2197.72,MIA,812.7759577249526,1,0,9.0
9.6,52180,AGENT,827.053,2197.17,MIA,812.7759577249526,1,0,9.0
9.7,52180,AGENT,827.465,2196.62,MIA,812.7759577249526,1,0,9.0
9.8,52180,AGENT,827.897,2196.08,MIA,812.7759577249526,1,0,9.0
9.9,52180,AGENT,828.347,2195.55,MIA,812.7759577249526,1,0,9.0
10.0,52180,AGENT,828.814,2195.01,MIA,812.7759577249526,1,0,9.0
10.1,52180,AGENT,829.296,2194.47,MIA,812.7759577249526,1,0,9.0
10.2,52180,AGENT,829.791,2193.94,MIA,812.7759577249526,1,0,9.0
10.3,52180,AGENT,830.299,2193.4,MIA,812.7759577249526,1,0,9.0
10.4,52180,AGENT,830.818,2192.86,MIA,812.7759577249526,1,0,9.0
10.5,52180,AGENT,831.348,2192.31,MIA,812.7759577249526,1,0,9.0
10.6,52180,AGENT,831.886,2191.76,MIA,812.7759577249526,1,0,9.0
10.7,52180,AGENT,832.432,2191.21,MIA,812.7759577249526,1,0,9.0
10.8,52180,AGENT,832.986,2190.64,MIA,812.7759577249526,1,0,9.0
10.9,52180,AGENT,833.545,2190.07,MIA,812.7759577249526,1,0,9.0
11.0,52180,AGENT,834.109,2189.49,MIA,812.7759577249526,1,0,9.0
11.1,52180,AGENT,834.678,2188.9,MIA,812.7759577249526,1,0,9.0
11.2,52180,AGENT,835.25,2188.29,MIA,812.7759577249526,1,0,9.0
11.3,52180,AGENT,835.826,2187.68,MIA,812.7759577249526,1,0,9.0
11.4,52180,AGENT,836.403,2187.05,MIA,812.7759577249526,1,0,9.0
11.5,52180,AGENT,836.982,2186.41,MIA,812.7759577249526,1,0,9.0
11.6,52180,AGENT,837.562,2185.76,MIA,812.7759577249526,1,0,9.0
11.7,52180,AGENT,838.143,2185.09,MIA,812.7759577249526,1,0,9.0
11.8,52180,AGENT,838.725,2184.41,MIA,812.7759577249526,1,0,9.0
11.9,52180,AGENT,839.306,2183.71,MIA,812.7759577249526,1,0,9.0
12.0,52180,AGENT,839.888,2183.0,MIA,812.7759577249526,1,0,9.0
12.1,52180,AGENT,840.468,2182.28,MIA,812.7759577249526,1,0,9.0
12.2,52180,AGENT,841.047,2181.54,MIA,812.7759577249526,1,0,9.0
12.3,52180,AGENT,841.624,2180.78,MIA,812.7759577249526,1,0,9.0
12.4,52180,AGENT,842.198,2180.01,MIA,812.7759577249526,1,0,9.0
12.5,52180,AGENT,842.766,2179.23,MIA,812.7759577249526,1,0,9.0
12.6,52180,AGENT,843.327,2178.45,MIA,812.7759577249526,1,0,9.0
12.7,52180,AGENT,843.88,2177.66,MIA,812.7759577249526,1,0,9.0
12.8,52180,AGENT,844.425,2176.87,MIA,812.7759577249526,1,0,9.0
12.9,52180,AGENT,844.961,2176.07,MIA,812.7759577249526,1,0,9.0
