TIMESTAMP,TRACK_ID,OBJECT_TYPE,X,Y,CITY_NAME,REF_xmin,AUGMENT_TYPE,AUGMENT_DIRECTION,ATTACK_POWER_TYPE
4.0,52180,AGENT,1416.53,-171.433,PIT,1402.1852126184158,0,0,10.0
4.1,52180,AGENT,1416.99,-170.51,PIT,1402.1852126184158,0,0,10.0
4.2,52180,AGENT,1417.45,-169.577,PIT,1402.1852126184158,0,0,10.0
4.3,52180,AGENT,1417.92,-168.635,PIT,1402.1852126184158,0,0,10.0
4.4,52180,AGENT,1418.4,-167.685,PIT,1402.1852126184158,0,0,10.0
4.5,52180,AGENT,1418.88,-166.726,PIT,1402.1852126184158,0,0,10.0
4.6,52180,AGENT,1419.35,-165.764,PIT,1402.1852126184158,0,0,10.0
4.7,52180,AGENT,1419.83,-164.802,PIT,1402.1852126184158,0,0,10.0
4.8,52180,AGENT,1420.31,-163.84,PIT,1402.1852126184158,0,0,10.0
4.9,52180,AGENT,1420.8,-162.874,PIT,1402.1852126184158,0,0,10.0
5.0,52180,AGENT,1421.28,-161.896,PIT,1402.1852126184158,0,0,10.0
5.1,52180,AGENT,1421.77,-160.91,PIT,1402.1852126184158,0,0,10.0
5.2,52180,AGENT,1422.27,-159.915,PIT,1402.1852126184158,0,0,10.0
5.3,52180,AGENT,1422.76,-158.916,PIT,1402.1852126184158,0,0,10.0
5.4,52180,AGENT,1423.26,-157.917,PIT,1402.1852126184158,0,0,10.0
5.5,52180,AGENT,1423.76,-156.919,PIT,1402.1852126184158,0,0,10.0
5.6,52180,AGENT,1424.25,-155.921,PIT,1402.1852126184158,0,0,10.0
5.7,52180,AGENT,1424.75,-154.923,PIT,1402.1852126184158,0,0,10.0
5.8,52180,AGENT,1425.24,-153.925,PIT,1402.1852126184158,0,0,10.0
5.9,52180,AGENT,1425.74,-152.921,PIT,1402.1852126184158,0,0,10.0
6.0,52180,AGENT,1426.24,-151.906,PIT,1402.1852126184158,0,0,10.0
6.1,52180,AGENT,1426.74,-150.882,PIT,1402.1852126184158,0,0,10.0
6.2,52180,AGENT,1427.24,-149.848,PIT,1402.1852126184158,0,0,10.0
6.3,52180,AGENT,1427.75,-148.802,PIT,1402.1852126184158,0,0,10.0
6.4,52180,AGENT,1428.26,-147.75,PIT,1402.1852126184158,0,0,10.0
6.5,52180,AGENT,1428.76,-146.696,PIT,1402.1852126184158,0,0,10.0
6.6,52180,AGENT,1429.27,-145.641,PIT,1402.1852126184158,0,0,10.0
6.7,52180,AGENT,1429.77,-144.586,PIT,1402.1852126184158,0,0,10.0
6.8,52180,AGENT,1430.27,-143.537,PIT,1402.1852126184158,0,0,10.0
6.9,52180,AGENT,1430.77,-142.496,PIT,1402.1852126184158,0,0,10.0
7.0,52180,AGENT,1431.27,-141.453,PIT,1402.1852126184158,0,0,10.0
7.1,52180,AGENT,1431.77,-140.4,PIT,1402.1852126184158,0,0,10.0
7.2,52180,AGENT,1432.27,-139.34,PIT,1402.1852126184158,0,0,10.0
7.3,52180,AGENT,1432.78,-138.272,PIT,1402.1852126184158,0,0,10.0
7.4,52180,AGENT,1433.29,-137.194,PIT,1402.1852126184158,0,0,10.0
7.5,52180,AGENT,1433.81,-136.112,PIT,1402.1852126184158,0,0,10.0
7.6,52180,AGENT,1434.33,-135.033,PIT,1402.1852126184158,0,0,10.0
7.7,52180,AGENT,1434.84,-133.962,PIT,1402.1852126184158,0,0,10.0
7.8,52180,AGENT,1435.35,-132.903,PIT,1402.1852126184158,0,0,10.0
7.9,52180,AGENT,1435.86,-131.861,PIT,1402.1852126184158,0,0,10.0
8.0,52180,AGENT,1436.35,-130.836,PIT,1402.1852126184158,0,0,10.0
8.1,52180,AGENT,1436.84,-129.831,PIT,1402.1852126184158,0,0,10.0
8.2,52180,AGENT,1437.34,-128.834,PIT,1402.1852126184158,0,0,10.0
8.3,52180,AGENT,1437.84,-127.831,PIT,1402.1852126184158,0,0,10.0
8.4,52180,AGENT,1438.36,-126.83,PIT,1402.1852126184158,0,0,10.0
8.5,52180,AGENT,1438.89,-125.829,PIT,1402.1852126184158,0,0,10.0
8.6,52180,AGENT,1439.44,-124.828,PIT,1402.1852126184158,0,0,10.0
8.7,52180,AGENT,1440.0,-123.834,PIT,1402.1852126184158,0,0,10.0
8.8,52180,AGENT,1440.56,-122.853,PIT,1402.1852126184158,0,0,10.0
8.9,52180,AGENT,1441.12,-121.89,PIT,1402.1852126184158,0,0,10.0
