TIMESTAMP,TRACK_ID,OBJECT_TYPE,X,Y,CITY_NAME
80.0,52180,AGENT,3431.35,1856.43,PIT
80.1,52180,AGENT,3432.02,1857.05,PIT
80.2,52180,AGENT,3432.69,1857.67,PIT
80.3,52180,AGENT,3433.36,1858.29,PIT
80.4,52180,AGENT,3434.03,1858.91,PIT
80.5,52180,AGENT,3434.7,1859.52,PIT
80.6,52180,AGENT,3435.37,1860.14,PIT
80.7,52180,AGENT,3436.04,1860.76,PIT
80.8,52180,AGENT,3436.71,1861.38,PIT
80.9,52180,AGENT,3437.38,1862.0,PIT
81.0,52180,AGENT,3438.05,1862.61,PIT
81.1,52180,AGENT,3438.72,1863.23,PIT
81.2,52180,AGENT,3439.39,1863.85,PIT
81.3,52180,AGENT,3440.06,1864.47,PIT
81.4,52180,AGENT,3440.74,1865.08,PIT
81.5,52180,AGENT,3441.41,1865.7,PIT
81.6,52180,AGENT,3442.08,1866.32,PIT
81.7,52180,AGENT,3442.75,1866.93,PIT
81.8,52180,AGENT,3443.42,1867.55,PIT
81.9,52180,AGENT,3444.09,1868.17,PIT
82.0,52180,AGENT,3444.76,1868.79,PIT
82.1,52180,AGENT,3445.44,1869.4,PIT
82.2,52180,AGENT,3446.11,1870.02,PIT
82.3,52180,AGENT,3446.78,1870.64,PIT
82.4,52180,AGENT,3447.45,1871.26,PIT
82.5,52180,AGENT,3448.12,1871.87,PIT
82.6,52180,AGENT,3448.79,1872.49,PIT
82.7,52180,AGENT,3449.46,1873.11,PIT
82.8,52180,AGENT,3450.13,1873.73,PIT
82.9,52180,AGENT,3450.8,1874.34,PIT
83.0,52180,AGENT,3451.47,1874.96,PIT
83.1,52180,AGENT,3452.15,1875.58,PIT
83.2,52180,AGENT,3452.82,1876.2,PIT
83.3,52180,AGENT,3453.49,1876.82,PIT
83.4,52180,AGENT,3454.16,1877.43,PIT
83.5,52180,AGENT,3454.83,1878.05,PIT
83.6,52180,AGENT,3455.5,1878.67,PIT
83.7,52180,AGENT,3456.17,1879.29,PIT
83.8,52180,AGENT,3456.84,1879.91,PIT
83.9,52180,AGENT,3457.51,1880.53,PIT
84.0,52180,AGENT,3458.18,1881.14,PIT
84.1,52180,AGENT,3458.85,1881.76,PIT
84.2,52180,AGENT,3459.52,1882.38,PIT
84.3,52180,AGENT,3460.19,1883.0,PIT
84.4,52180,AGENT,3460.86,1883.62,PIT
84.5,52180,AGENT,3461.53,1884.24,PIT
84.6,52180,AGENT,3462.2,1884.86,PIT
84.7,52180,AGENT,3462.87,1885.48,PIT
84.8,52180,AGENT,3463.54,1886.1,PIT
84.9,52180,AGENT,3464.21,1886.71,PIT
