TIMESTAMP,TRACK_ID,OBJECT_TYPE,X,Y,CITY_NAME
0.0,52180,AGENT,-41.6433,774.489,MIA
0.1,52180,AGENT,-41.6168,773.884,MIA
0.2,52180,AGENT,-41.5898,773.269,MIA
0.3,52180,AGENT,-41.5623,772.642,MIA
0.4,52180,AGENT,-41.5344,772.004,MIA
0.5,52180,AGENT,-41.5061,771.356,MIA
0.6,52180,AGENT,-41.4775,770.697,MIA
0.7,52180,AGENT,-41.4484,770.027,MIA
0.8,52180,AGENT,-41.419,769.345,MIA
0.9,52180,AGENT,-41.3892,768.652,MIA
1.0,52180,AGENT,-41.3591,767.948,MIA
1.1,52180,AGENT,-41.3286,767.232,MIA
1.2,52180,AGENT,-41.2978,766.504,MIA
1.3,52180,AGENT,-41.2667,765.765,MIA
1.4,52180,AGENT,-41.2353,765.014,MIA
1.5,52180,AGENT,-41.2037,764.251,MIA
1.6,52180,AGENT,-41.1718,763.477,MIA
1.7,52180,AGENT,-41.1396,762.692,MIA
1.8,52180,AGENT,-41.1072,761.895,MIA
1.9,52180,AGENT,-41.0747,761.09,MIA
2.0,52180,AGENT,-41.0419,760.274,MIA
2.1,52180,AGENT,-41.009,759.45,MIA
2.2,52180,AGENT,-40.9759,758.616,MIA
2.3,52180,AGENT,-40.9426,757.772,MIA
2.4,52180,AGENT,-40.909,756.918,MIA
2.5,52180,AGENT,-40.8754,756.06,MIA
2.6,52180,AGENT,-40.842,755.2,MIA
2.7,52180,AGENT,-40.8086,754.341,MIA
2.8,52180,AGENT,-40.7754,753.481,MIA
2.9,52180,AGENT,-40.7423,752.622,MIA
3.0,52180,AGENT,-40.7092,751.763,MIA
3.1,52180,AGENT,-40.6761,750.904,MIA
3.2,52180,AGENT,-40.6431,750.044,MIA
3.3,52180,AGENT,-40.61,749.185,MIA
3.4,52180,AGENT,-40.5769,748.326,MIA
3.5,52180,AGENT,-40.5437,747.467,MIA
3.6,52180,AGENT,-40.5105,746.607,MIA
3.7,52180,AGENT,-40.4771,745.747,MIA
3.8,52180,AGENT,-40.4436,744.887,MIA
3.9,52180,AGENT,-40.4103,744.034,MIA
4.0,52180,AGENT,-40.3774,743.189,MIA
4.1,52180,AGENT,-40.3446,742.355,MIA
4.2,52180,AGENT,-40.3122,741.53,MIA
4.3,52180,AGENT,-40.28,740.714,MIA
4.4,52180,AGENT,-40.248,739.908,MIA
4.5,52180,AGENT,-40.2162,739.111,MIA
4.6,52180,AGENT,-40.1846,738.324,MIA
4.7,52180,AGENT,-40.1532,737.546,MIA
4.8,52180,AGENT,-40.122,736.778,MIA
4.9,52180,AGENT,-40.091,736.018,MIA
