TIMESTAMP,TRACK_ID,OBJECT_TYPE,X,Y,CITY_NAME
10.0,52180,AGENT,257.574,1753.81,MIA
10.1,52180,AGENT,257.547,1754.44,MIA
10.2,52180,AGENT,257.521,1755.06,MIA
10.3,52180,AGENT,257.496,1755.69,MIA
10.4,52180,AGENT,257.471,1756.31,MIA
10.5,52180,AGENT,257.448,1756.93,MIA
10.6,52180,AGENT,257.427,1757.56,MIA
10.7,52180,AGENT,257.41,1758.19,MIA
10.8,52180,AGENT,257.396,1758.81,MIA
10.9,52180,AGENT,257.387,1759.44,MIA
11.0,52180,AGENT,257.38,1760.05,MIA
11.1,52180,AGENT,257.379,1760.66,MIA
11.2,52180,AGENT,257.382,1761.25,MIA
11.3,52180,AGENT,257.392,1761.84,MIA
11.4,52180,AGENT,257.407,1762.42,MIA
11.5,52180,AGENT,257.43,1762.99,MIA
11.6,52180,AGENT,257.462,1763.55,MIA
11.7,52180,AGENT,257.502,1764.1,MIA
11.8,52180,AGENT,257.553,1764.63,MIA
11.9,52180,AGENT,257.615,1765.16,MIA
12.0,52180,AGENT,257.689,1765.67,MIA
12.1,52180,AGENT,257.776,1766.17,MIA
12.2,52180,AGENT,257.877,1766.66,MIA
12.3,52180,AGENT,257.99,1767.13,MIA
12.4,52180,AGENT,258.121,1767.59,MIA
12.5,52180,AGENT,258.273,1768.03,MIA
12.6,52180,AGENT,258.444,1768.47,MIA
12.7,52180,AGENT,258.635,1768.89,MIA
12.8,52180,AGENT,258.843,1769.29,MIA
12.9,52180,AGENT,259.07,1769.68,MIA
13.0,52180,AGENT,259.312,1770.05,MIA
13.1,52180,AGENT,259.576,1770.41,MIA
13.2,52180,AGENT,259.862,1770.75,MIA
13.3,52180,AGENT,260.172,1771.08,MIA
13.4,52180,AGENT,260.502,1771.39,MIA
13.5,52180,AGENT,260.853,1771.68,MIA
13.6,52180,AGENT,261.223,1771.96,MIA
13.7,52180,AGENT,261.611,1772.22,MIA
13.8,52180,AGENT,262.017,1772.47,MIA
13.9,52180,AGENT,262.439,1772.69,MIA
14.0,52180,AGENT,262.877,1772.91,MIA
14.1,52180,AGENT,263.33,1773.1,MIA
14.2,52180,AGENT,263.797,1773.29,MIA
14.3,52180,AGENT,264.279,1773.45,MIA
14.4,52180,AGENT,264.773,1773.61,MIA
14.5,52180,AGENT,265.28,1773.75,MIA
14.6,52180,AGENT,265.8,1773.88,MIA
14.7,52180,AGENT,266.333,1773.99,MIA
14.8,52180,AGENT,266.878,1774.1,MIA
14.9,52180,AGENT,267.435,1774.19,MIA
