TIMESTAMP,TRACK_ID,OBJECT_TYPE,X,Y,CITY_NAME
36.0,52180,AGENT,1508.52,583.689,PIT
36.1,52180,AGENT,1507.67,583.849,PIT
36.2,52180,AGENT,1506.83,583.996,PIT
36.3,52180,AGENT,1505.98,584.13,PIT
36.4,52180,AGENT,1505.13,584.25,PIT
36.5,52180,AGENT,1504.27,584.357,PIT
36.6,52180,AGENT,1503.42,584.45,PIT
36.7,52180,AGENT,1502.57,584.531,PIT
36.8,52180,AGENT,1501.72,584.598,PIT
36.9,52180,AGENT,1500.86,584.653,PIT
37.0,52180,AGENT,1500.01,584.694,PIT
37.1,52180,AGENT,1499.15,584.722,PIT
37.2,52180,AGENT,1498.3,584.737,PIT
37.3,52180,AGENT,1497.45,584.739,PIT
37.4,52180,AGENT,1496.59,584.729,PIT
37.5,52180,AGENT,1495.74,584.706,PIT
37.6,52180,AGENT,1494.89,584.67,PIT
37.7,52180,AGENT,1494.04,584.621,PIT
37.8,52180,AGENT,1493.2,584.561,PIT
37.9,52180,AGENT,1492.35,584.488,PIT
38.0,52180,AGENT,1491.5,584.401,PIT
38.1,52180,AGENT,1490.64,584.3,PIT
38.2,52180,AGENT,1489.79,584.187,PIT
38.3,52180,AGENT,1488.93,584.06,PIT
38.4,52180,AGENT,1488.07,583.921,PIT
38.5,52180,AGENT,1487.22,583.772,PIT
38.6,52180,AGENT,1486.37,583.612,PIT
38.7,52180,AGENT,1485.52,583.439,PIT
38.8,52180,AGENT,1484.67,583.254,PIT
38.9,52180,AGENT,1483.82,583.057,PIT
39.0,52180,AGENT,1482.97,582.85,PIT
39.1,52180,AGENT,1482.12,582.631,PIT
39.2,52180,AGENT,1481.27,582.401,PIT
39.3,52180,AGENT,1480.43,582.161,PIT
39.4,52180,AGENT,1479.59,581.91,PIT
39.5,52180,AGENT,1478.74,581.649,PIT
39.6,52180,AGENT,1477.9,581.378,PIT
39.7,52180,AGENT,1477.06,581.097,PIT
39.8,52180,AGENT,1476.23,580.806,PIT
39.9,52180,AGENT,1475.39,580.506,PIT
40.0,52180,AGENT,1474.55,580.196,PIT
40.1,52180,AGENT,1473.72,579.875,PIT
40.2,52180,AGENT,1472.88,579.548,PIT
40.3,52180,AGENT,1472.04,579.21,PIT
40.4,52180,AGENT,1471.21,578.864,PIT
40.5,52180,AGENT,1470.37,578.512,PIT
40.6,52180,AGENT,1469.54,578.153,PIT
40.7,52180,AGENT,1468.71,577.788,PIT
40.8,52180,AGENT,1467.88,577.418,PIT
40.9,52180,AGENT,1467.06,577.043,PIT
