TIMESTAMP,TRACK_ID,OBJECT_TYPE,X,Y,CITY_NAME
82.0,52180,AGENT,-262.56,2466.03,MIA
82.1,52180,AGENT,-261.978,2465.9,MIA
82.2,52180,AGENT,-261.404,2465.76,MIA
82.3,52180,AGENT,-260.842,2465.6,MIA
82.4,52180,AGENT,-260.293,2465.43,MIA
82.5,52180,AGENT,-259.75,2465.24,MIA
82.6,52180,AGENT,-259.207,2465.03,MIA
82.7,52180,AGENT,-258.663,2464.79,MIA
82.8,52180,AGENT,-258.119,2464.53,MIA
82.9,52180,AGENT,-257.579,2464.25,MIA
83.0,52180,AGENT,-257.046,2463.96,MIA
83.1,52180,AGENT,-256.52,2463.66,MIA
83.2,52180,AGENT,-256.001,2463.35,MIA
83.3,52180,AGENT,-255.489,2463.03,MIA
83.4,52180,AGENT,-254.983,2462.7,MIA
83.5,52180,AGENT,-254.48,2462.36,MIA
83.6,52180,AGENT,-253.975,2462.02,MIA
83.7,52180,AGENT,-253.466,2461.66,MIA
83.8,52180,AGENT,-252.95,2461.31,MIA
83.9,52180,AGENT,-252.427,2460.95,MIA
84.0,52180,AGENT,-251.901,2460.59,MIA
84.1,52180,AGENT,-251.375,2460.23,MIA
84.2,52180,AGENT,-250.851,2459.87,MIA
84.3,52180,AGENT,-250.335,2459.53,MIA
84.4,52180,AGENT,-249.826,2459.19,MIA
84.5,52180,AGENT,-249.322,2458.86,MIA
84.6,52180,AGENT,-248.824,2458.54,MIA
84.7,52180,AGENT,-248.327,2458.23,MIA
84.8,52180,AGENT,-247.825,2457.93,MIA
84.9,52180,AGENT,-247.318,2457.64,MIA
85.0,52180,AGENT,-246.807,2457.37,MIA
85.1,52180,AGENT,-246.29,2457.11,MIA
85.2,52180,AGENT,-245.769,2456.86,MIA
85.3,52180,AGENT,-245.238,2456.63,MIA
85.4,52180,AGENT,-244.692,2456.41,MIA
85.5,52180,AGENT,-244.132,2456.21,MIA
85.6,52180,AGENT,-243.558,2456.03,MIA
85.7,52180,AGENT,-242.97,2455.85,MIA
85.8,52180,AGENT,-242.37,2455.7,MIA
85.9,52180,AGENT,-241.756,2455.55,MIA
86.0,52180,AGENT,-241.13,2455.43,MIA
86.1,52180,AGENT,-240.491,2455.31,MIA
86.2,52180,AGENT,-239.84,2455.21,MIA
86.3,52180,AGENT,-239.178,2455.12,MIA
86.4,52180,AGENT,-238.503,2455.04,MIA
86.5,52180,AGENT,-237.817,2454.98,MIA
86.6,52180,AGENT,-237.118,2454.92,MIA
86.7,52180,AGENT,-236.408,2454.88,MIA
86.8,52180,AGENT,-235.686,2454.85,MIA
86.9,52180,AGENT,-234.953,2454.82,MIA
