TIMESTAMP,TRACK_ID,OBJECT_TYPE,X,Y,CITY_NAME
84.0,52180,AGENT,-18.6406,3727.27,MIA
84.1,52180,AGENT,-19.5422,3727.24,MIA
84.2,52180,AGENT,-20.4437,3727.2,MIA
84.3,52180,AGENT,-21.3452,3727.17,MIA
84.4,52180,AGENT,-22.2468,3727.13,MIA
84.5,52180,AGENT,-23.1483,3727.1,MIA
84.6,52180,AGENT,-24.0499,3727.07,MIA
84.7,52180,AGENT,-24.9514,3727.03,MIA
84.8,52180,AGENT,-25.8529,3727.0,MIA
84.9,52180,AGENT,-26.7545,3726.96,MIA
85.0,52180,AGENT,-27.656,3726.93,MIA
85.1,52180,AGENT,-28.5576,3726.89,MIA
85.2,52180,AGENT,-29.4591,3726.86,MIA
85.3,52180,AGENT,-30.3606,3726.82,MIA
85.4,52180,AGENT,-31.2622,3726.79,MIA
85.5,52180,AGENT,-32.1637,3726.76,MIA
85.6,52180,AGENT,-33.0653,3726.72,MIA
85.7,52180,AGENT,-33.9668,3726.69,MIA
85.8,52180,AGENT,-34.8683,3726.65,MIA
85.9,52180,AGENT,-35.7699,3726.62,MIA
86.0,52180,AGENT,-36.6714,3726.58,MIA
86.1,52180,AGENT,-37.573,3726.55,MIA
86.2,52180,AGENT,-38.4745,3726.51,MIA
86.3,52180,AGENT,-39.376,3726.48,MIA
86.4,52180,AGENT,-40.2776,3726.45,MIA
86.5,52180,AGENT,-41.1791,3726.41,MIA
86.6,52180,AGENT,-42.0807,3726.38,MIA
86.7,52180,AGENT,-42.9822,3726.34,MIA
86.8,52180,AGENT,-43.8837,3726.31,MIA
86.9,52180,AGENT,-44.7853,3726.27,MIA
87.0,52180,AGENT,-45.6868,3726.24,MIA
87.1,52180,AGENT,-46.5887,3726.21,MIA
87.2,52180,AGENT,-47.4912,3726.17,MIA
87.3,52180,AGENT,-48.3931,3726.14,MIA
87.4,52180,AGENT,-49.289,3726.1,MIA
87.5,52180,AGENT,-50.1754,3726.07,MIA
87.6,52180,AGENT,-51.0523,3726.04,MIA
87.7,52180,AGENT,-51.9197,3726.0,MIA
87.8,52180,AGENT,-52.7776,3725.97,MIA
87.9,52180,AGENT,-53.626,3725.94,MIA
88.0,52180,AGENT,-54.465,3725.91,MIA
88.1,52180,AGENT,-55.2948,3725.88,MIA
88.2,52180,AGENT,-56.1157,3725.84,MIA
88.3,52180,AGENT,-56.9277,3725.81,MIA
88.4,52180,AGENT,-57.7309,3725.78,MIA
88.5,52180,AGENT,-58.5253,3725.75,MIA
88.6,52180,AGENT,-59.3109,3725.72,MIA
88.7,52180,AGENT,-60.0878,3725.69,MIA
88.8,52180,AGENT,-60.8559,3725.66,MIA
88.9,52180,AGENT,-61.6138,3725.64,MIA
