TIMESTAMP,TRACK_ID,OBJECT_TYPE,X,Y,CITY_NAME
4.0,52180,AGENT,137.354,3060.91,MIA
4.1,52180,AGENT,137.321,3061.69,MIA
4.2,52180,AGENT,137.287,3062.47,MIA
4.3,52180,AGENT,137.253,3063.25,MIA
4.4,52180,AGENT,137.219,3064.03,MIA
4.5,52180,AGENT,137.186,3064.79,MIA
4.6,52180,AGENT,137.152,3065.55,MIA
4.7,52180,AGENT,137.118,3066.3,MIA
4.8,52180,AGENT,137.085,3067.03,MIA
4.9,52180,AGENT,137.052,3067.76,MIA
5.0,52180,AGENT,137.018,3068.48,MIA
5.1,52180,AGENT,136.985,3069.2,MIA
5.2,52180,AGENT,136.951,3069.91,MIA
5.3,52180,AGENT,136.917,3070.62,MIA
5.4,52180,AGENT,136.883,3071.33,MIA
5.5,52180,AGENT,136.848,3072.04,MIA
5.6,52180,AGENT,136.814,3072.75,MIA
5.7,52180,AGENT,136.779,3073.44,MIA
5.8,52180,AGENT,136.745,3074.13,MIA
5.9,52180,AGENT,136.711,3074.81,MIA
6.0,52180,AGENT,136.677,3075.48,MIA
6.1,52180,AGENT,136.643,3076.15,MIA
6.2,52180,AGENT,136.61,3076.8,MIA
6.3,52180,AGENT,136.577,3077.44,MIA
6.4,52180,AGENT,136.545,3078.08,MIA
6.5,52180,AGENT,136.513,3078.7,MIA
6.6,52180,AGENT,136.481,3079.31,MIA
6.7,52180,AGENT,136.448,3079.93,MIA
6.8,52180,AGENT,136.415,3080.55,MIA
6.9,52180,AGENT,136.381,3081.16,MIA
7.0,52180,AGENT,136.347,3081.77,MIA
7.1,52180,AGENT,136.314,3082.37,MIA
7.2,52180,AGENT,136.279,3082.96,MIA
7.3,52180,AGENT,136.243,3083.57,MIA
7.4,52180,AGENT,136.206,3084.18,MIA
7.5,52180,AGENT,136.169,3084.79,MIA
7.6,52180,AGENT,136.131,3085.41,MIA
7.7,52180,AGENT,136.093,3086.02,MIA
7.8,52180,AGENT,136.056,3086.63,MIA
7.9,52180,AGENT,136.02,3087.22,MIA
8.0,52180,AGENT,135.986,3087.82,MIA
8.1,52180,AGENT,135.954,3088.41,MIA
8.2,52180,AGENT,135.928,3089.01,MIA
8.3,52180,AGENT,135.907,3089.63,MIA
8.4,52180,AGENT,135.89,3090.24,MIA
8.5,52180,AGENT,135.879,3090.85,MIA
8.6,52180,AGENT,135.873,3091.46,MIA
8.7,52180,AGENT,135.871,3092.07,MIA
8.8,52180,AGENT,135.874,3092.66,MIA
8.9,52180,AGENT,135.883,3093.25,MIA
