TIMESTAMP,TRACK_ID,OBJECT_TYPE,X,Y,CITY_NAME
68.0,52180,AGENT,405.197,927.774,MIA
68.1,52180,AGENT,404.491,927.732,MIA
68.2,52180,AGENT,403.774,927.689,MIA
68.3,52180,AGENT,403.045,927.645,MIA
68.4,52180,AGENT,402.304,927.601,MIA
68.5,52180,AGENT,401.552,927.557,MIA
68.6,52180,AGENT,400.788,927.512,MIA
68.7,52180,AGENT,400.012,927.468,MIA
68.8,52180,AGENT,399.225,927.424,MIA
68.9,52180,AGENT,398.428,927.381,MIA
69.0,52180,AGENT,397.621,927.338,MIA
69.1,52180,AGENT,396.804,927.297,MIA
69.2,52180,AGENT,395.978,927.256,MIA
69.3,52180,AGENT,395.142,927.216,MIA
69.4,52180,AGENT,394.297,927.178,MIA
69.5,52180,AGENT,393.442,927.14,MIA
69.6,52180,AGENT,392.578,927.104,MIA
69.7,52180,AGENT,391.704,927.068,MIA
69.8,52180,AGENT,390.82,927.034,MIA
69.9,52180,AGENT,389.927,927.001,MIA
70.0,52180,AGENT,389.025,926.968,MIA
70.1,52180,AGENT,388.118,926.937,MIA
70.2,52180,AGENT,387.21,926.907,MIA
70.3,52180,AGENT,386.303,926.878,MIA
70.4,52180,AGENT,385.396,926.85,MIA
70.5,52180,AGENT,384.488,926.823,MIA
70.6,52180,AGENT,383.581,926.797,MIA
70.7,52180,AGENT,382.673,926.771,MIA
70.8,52180,AGENT,381.766,926.747,MIA
70.9,52180,AGENT,380.859,926.723,MIA
71.0,52180,AGENT,379.951,926.7,MIA
71.1,52180,AGENT,379.044,926.677,MIA
71.2,52180,AGENT,378.136,926.655,MIA
71.3,52180,AGENT,377.229,926.633,MIA
71.4,52180,AGENT,376.321,926.612,MIA
71.5,52180,AGENT,375.414,926.591,MIA
71.6,52180,AGENT,374.506,926.571,MIA
71.7,52180,AGENT,373.599,926.551,MIA
71.8,52180,AGENT,372.691,926.531,MIA
71.9,52180,AGENT,371.784,926.511,MIA
72.0,52180,AGENT,370.876,926.492,MIA
72.1,52180,AGENT,369.969,926.472,MIA
72.2,52180,AGENT,369.061,926.453,MIA
72.3,52180,AGENT,368.154,926.434,MIA
72.4,52180,AGENT,367.246,926.415,MIA
72.5,52180,AGENT,366.339,926.397,MIA
72.6,52180,AGENT,365.431,926.378,MIA
72.7,52180,AGENT,364.523,926.359,MIA
72.8,52180,AGENT,363.616,926.34,MIA
72.9,52180,AGENT,362.708,926.322,MIA
