TIMESTAMP,TRACK_ID,OBJECT_TYPE,X,Y,CITY_NAME
48.0,52180,AGENT,3098.92,1947.1,PIT
48.1,52180,AGENT,3099.46,1947.61,PIT
48.2,52180,AGENT,3100.0,1948.11,PIT
48.3,52180,AGENT,3100.53,1948.61,PIT
48.4,52180,AGENT,3101.05,1949.1,PIT
48.5,52180,AGENT,3101.57,1949.59,PIT
48.6,52180,AGENT,3102.08,1950.07,PIT
48.7,52180,AGENT,3102.59,1950.55,PIT
48.8,52180,AGENT,3103.09,1951.02,PIT
48.9,52180,AGENT,3103.58,1951.48,PIT
49.0,52180,AGENT,3104.07,1951.94,PIT
49.1,52180,AGENT,3104.56,1952.4,PIT
49.2,52180,AGENT,3105.04,1952.85,PIT
49.3,52180,AGENT,3105.52,1953.3,PIT
49.4,52180,AGENT,3106.0,1953.75,PIT
49.5,52180,AGENT,3106.47,1954.19,PIT
49.6,52180,AGENT,3106.93,1954.62,PIT
49.7,52180,AGENT,3107.38,1955.04,PIT
49.8,52180,AGENT,3107.84,1955.47,PIT
49.9,52180,AGENT,3108.29,1955.89,PIT
50.0,52180,AGENT,3108.75,1956.31,PIT
50.1,52180,AGENT,3109.21,1956.74,PIT
50.2,52180,AGENT,3109.67,1957.16,PIT
50.3,52180,AGENT,3110.12,1957.58,PIT
50.4,52180,AGENT,3110.58,1958.0,PIT
50.5,52180,AGENT,3111.03,1958.41,PIT
50.6,52180,AGENT,3111.48,1958.83,PIT
50.7,52180,AGENT,3111.93,1959.25,PIT
50.8,52180,AGENT,3112.38,1959.66,PIT
50.9,52180,AGENT,3112.83,1960.08,PIT
51.0,52180,AGENT,3113.28,1960.5,PIT
51.1,52180,AGENT,3113.73,1960.91,PIT
51.2,52180,AGENT,3114.18,1961.33,PIT
51.3,52180,AGENT,3114.63,1961.76,PIT
51.4,52180,AGENT,3115.08,1962.18,PIT
51.5,52180,AGENT,3115.52,1962.61,PIT
51.6,52180,AGENT,3115.96,1963.04,PIT
51.7,52180,AGENT,3116.4,1963.48,PIT
51.8,52180,AGENT,3116.83,1963.92,PIT
51.9,52180,AGENT,3117.26,1964.35,PIT
52.0,52180,AGENT,3117.67,1964.79,PIT
52.1,52180,AGENT,3118.07,1965.22,PIT
52.2,52180,AGENT,3118.46,1965.65,PIT
52.3,52180,AGENT,3118.84,1966.08,PIT
52.4,52180,AGENT,3119.21,1966.51,PIT
52.5,52180,AGENT,3119.56,1966.94,PIT
52.6,52180,AGENT,3119.9,1967.36,PIT
52.7,52180,AGENT,3120.21,1967.79,PIT
52.8,52180,AGENT,3120.52,1968.21,PIT
52.9,52180,AGENT,3120.8,1968.63,PIT
