TIMESTAMP,TRACK_ID,OBJECT_TYPE,X,Y,CITY_NAME
26.0,52180,AGENT,3530.54,2069.77,PIT
26.1,52180,AGENT,3529.87,2069.15,PIT
26.2,52180,AGENT,3529.2,2068.52,PIT
26.3,52180,AGENT,3528.53,2067.9,PIT
26.4,52180,AGENT,3527.86,2067.27,PIT
26.5,52180,AGENT,3527.19,2066.65,PIT
26.6,52180,AGENT,3526.52,2066.02,PIT
26.7,52180,AGENT,3525.85,2065.4,PIT
26.8,52180,AGENT,3525.18,2064.77,PIT
26.9,52180,AGENT,3524.52,2064.14,PIT
27.0,52180,AGENT,3523.85,2063.52,PIT
27.1,52180,AGENT,3523.18,2062.89,PIT
27.2,52180,AGENT,3522.52,2062.26,PIT
27.3,52180,AGENT,3521.85,2061.63,PIT
27.4,52180,AGENT,3521.18,2061.01,PIT
27.5,52180,AGENT,3520.52,2060.38,PIT
27.6,52180,AGENT,3519.86,2059.75,PIT
27.7,52180,AGENT,3519.19,2059.11,PIT
27.8,52180,AGENT,3518.53,2058.48,PIT
27.9,52180,AGENT,3517.87,2057.85,PIT
28.0,52180,AGENT,3517.21,2057.22,PIT
28.1,52180,AGENT,3516.55,2056.58,PIT
28.2,52180,AGENT,3515.88,2055.95,PIT
28.3,52180,AGENT,3515.23,2055.32,PIT
28.4,52180,AGENT,3514.57,2054.68,PIT
28.5,52180,AGENT,3513.91,2054.04,PIT
28.6,52180,AGENT,3513.25,2053.41,PIT
28.7,52180,AGENT,3512.59,2052.77,PIT
28.8,52180,AGENT,3511.94,2052.13,PIT
28.9,52180,AGENT,3511.28,2051.49,PIT
29.0,52180,AGENT,3510.62,2050.86,PIT
29.1,52180,AGENT,3509.97,2050.22,PIT
29.2,52180,AGENT,3509.31,2049.58,PIT
29.3,52180,AGENT,3508.66,2048.94,PIT
29.4,52180,AGENT,3508.0,2048.3,PIT
29.5,52180,AGENT,3507.35,2047.66,PIT
29.6,52180,AGENT,3506.69,2047.02,PIT
29.7,52180,AGENT,3506.04,2046.38,PIT
29.8,52180,AGENT,3505.39,2045.73,PIT
29.9,52180,AGENT,3504.73,2045.09,PIT
30.0,52180,AGENT,3504.08,2044.45,PIT
30.1,52180,AGENT,3503.43,2043.81,PIT
30.2,52180,AGENT,3502.78,2043.17,PIT
30.3,52180,AGENT,3502.12,2042.53,PIT
30.4,52180,AGENT,3501.47,2041.88,PIT
30.5,52180,AGENT,3500.82,2041.24,PIT
30.6,52180,AGENT,3500.16,2040.6,PIT
30.7,52180,AGENT,3499.51,2039.96,PIT
30.8,52180,AGENT,3498.86,2039.32,PIT
30.9,52180,AGENT,3498.2,2038.68,PIT
