TIMESTAMP,TRACK_ID,OBJECT_TYPE,X,Y,CITY_NAME
2.0,52180,AGENT,-219.458,2704.82,MIA
2.1,52180,AGENT,-219.431,2703.99,MIA
2.2,52180,AGENT,-219.403,2703.16,MIA
2.3,52180,AGENT,-219.375,2702.32,MIA
2.4,52180,AGENT,-219.347,2701.46,MIA
2.5,52180,AGENT,-219.318,2700.6,MIA
2.6,52180,AGENT,-219.289,2699.73,MIA
2.7,52180,AGENT,-219.26,2698.84,MIA
2.8,52180,AGENT,-219.23,2697.95,MIA
2.9,52180,AGENT,-219.201,2697.05,MIA
3.0,52180,AGENT,-219.171,2696.15,MIA
3.1,52180,AGENT,-219.141,2695.24,MIA
3.2,52180,AGENT,-219.111,2694.34,MIA
3.3,52180,AGENT,-219.08,2693.43,MIA
3.4,52180,AGENT,-219.05,2692.52,MIA
3.5,52180,AGENT,-219.02,2691.62,MIA
3.6,52180,AGENT,-218.99,2690.71,MIA
3.7,52180,AGENT,-218.96,2689.81,MIA
3.8,52180,AGENT,-218.93,2688.9,MIA
3.9,52180,AGENT,-218.9,2688.0,MIA
4.0,52180,AGENT,-218.87,2687.09,MIA
4.1,52180,AGENT,-218.839,2686.17,MIA
4.2,52180,AGENT,-218.809,2685.24,MIA
4.3,52180,AGENT,-218.778,2684.32,MIA
4.4,52180,AGENT,-218.747,2683.39,MIA
4.5,52180,AGENT,-218.716,2682.47,MIA
4.6,52180,AGENT,-218.686,2681.54,MIA
4.7,52180,AGENT,-218.655,2680.62,MIA
4.8,52180,AGENT,-218.624,2679.69,MIA
4.9,52180,AGENT,-218.593,2678.77,MIA
5.0,52180,AGENT,-218.562,2677.84,MIA
5.1,52180,AGENT,-218.531,2676.92,MIA
5.2,52180,AGENT,-218.501,2675.99,MIA
5.3,52180,AGENT,-218.469,2675.07,MIA
5.4,52180,AGENT,-218.438,2674.15,MIA
5.5,52180,AGENT,-218.407,2673.22,MIA
5.6,52180,AGENT,-218.376,2672.3,MIA
5.7,52180,AGENT,-218.344,2671.37,MIA
5.8,52180,AGENT,-218.312,2670.45,MIA
5.9,52180,AGENT,-218.28,2669.52,MIA
6.0,52180,AGENT,-218.248,2668.6,MIA
6.1,52180,AGENT,-218.216,2667.67,MIA
6.2,52180,AGENT,-218.184,2666.75,MIA
6.3,52180,AGENT,-218.151,2665.82,MIA
6.4,52180,AGENT,-218.119,2664.9,MIA
6.5,52180,AGENT,-218.086,2663.97,MIA
6.6,52180,AGENT,-218.054,2663.05,MIA
6.7,52180,AGENT,-218.021,2662.13,MIA
6.8,52180,AGENT,-217.988,2661.2,MIA
6.9,52180,AGENT,-217.956,2660.28,MIA
