TIMESTAMP,TRACK_ID,OBJECT_TYPE,X,Y,CITY_NAME
54.0,52180,AGENT,-127.627,3638.29,MIA
54.1,52180,AGENT,-126.998,3638.32,MIA
54.2,52180,AGENT,-126.377,3638.34,MIA
54.3,52180,AGENT,-125.76,3638.37,MIA
54.4,52180,AGENT,-125.142,3638.39,MIA
54.5,52180,AGENT,-124.521,3638.42,MIA
54.6,52180,AGENT,-123.9,3638.45,MIA
54.7,52180,AGENT,-123.28,3638.48,MIA
54.8,52180,AGENT,-122.665,3638.51,MIA
54.9,52180,AGENT,-122.059,3638.54,MIA
55.0,52180,AGENT,-121.46,3638.57,MIA
55.1,52180,AGENT,-120.866,3638.6,MIA
55.2,52180,AGENT,-120.265,3638.63,MIA
55.3,52180,AGENT,-119.652,3638.66,MIA
55.4,52180,AGENT,-119.032,3638.7,MIA
55.5,52180,AGENT,-118.41,3638.73,MIA
55.6,52180,AGENT,-117.792,3638.77,MIA
55.7,52180,AGENT,-117.181,3638.8,MIA
55.8,52180,AGENT,-116.576,3638.84,MIA
55.9,52180,AGENT,-115.975,3638.87,MIA
56.0,52180,AGENT,-115.372,3638.91,MIA
56.1,52180,AGENT,-114.77,3638.94,MIA
56.2,52180,AGENT,-114.17,3638.97,MIA
56.3,52180,AGENT,-113.568,3639.0,MIA
56.4,52180,AGENT,-112.963,3639.02,MIA
56.5,52180,AGENT,-112.359,3639.04,MIA
56.6,52180,AGENT,-111.761,3639.05,MIA
56.7,52180,AGENT,-111.173,3639.06,MIA
56.8,52180,AGENT,-110.596,3639.06,MIA
56.9,52180,AGENT,-110.028,3639.06,MIA
57.0,52180,AGENT,-109.471,3639.06,MIA
57.1,52180,AGENT,-108.924,3639.04,MIA
57.2,52180,AGENT,-108.388,3639.01,MIA
57.3,52180,AGENT,-107.864,3638.98,MIA
57.4,52180,AGENT,-107.352,3638.93,MIA
57.5,52180,AGENT,-106.853,3638.87,MIA
57.6,52180,AGENT,-106.367,3638.8,MIA
57.7,52180,AGENT,-105.895,3638.71,MIA
57.8,52180,AGENT,-105.436,3638.61,MIA
57.9,52180,AGENT,-104.989,3638.48,MIA
58.0,52180,AGENT,-104.555,3638.33,MIA
58.1,52180,AGENT,-104.135,3638.16,MIA
58.2,52180,AGENT,-103.731,3637.97,MIA
58.3,52180,AGENT,-103.342,3637.77,MIA
58.4,52180,AGENT,-102.969,3637.54,MIA
58.5,52180,AGENT,-102.611,3637.3,MIA
58.6,52180,AGENT,-102.269,3637.03,MIA
58.7,52180,AGENT,-101.943,3636.74,MIA
58.8,52180,AGENT,-101.633,3636.42,MIA
58.9,52180,AGENT,-101.339,3636.09,MIA
