TIMESTAMP,TRACK_ID,OBJECT_TYPE,X,Y,CITY_NAME
6548.0,52180,AGENT,620.839,3419.09,MIA
6548.1,52180,AGENT,620.216,3418.97,MIA
6548.2,52180,AGENT,619.603,3418.83,MIA
6548.3,52180,AGENT,619.001,3418.68,MIA
6548.4,52180,AGENT,618.413,3418.51,MIA
6548.5,52180,AGENT,617.841,3418.34,MIA
6548.6,52180,AGENT,617.284,3418.15,MIA
6548.7,52180,AGENT,616.741,3417.95,MIA
6548.8,52180,AGENT,616.213,3417.73,MIA
6548.9,52180,AGENT,615.698,3417.49,MIA
6549.0,52180,AGENT,615.199,3417.24,MIA
6549.1,52180,AGENT,614.717,3416.96,MIA
6549.2,52180,AGENT,614.252,3416.67,MIA
6549.3,52180,AGENT,613.804,3416.36,MIA
6549.4,52180,AGENT,613.376,3416.03,MIA
6549.5,52180,AGENT,612.967,3415.69,MIA
6549.6,52180,AGENT,612.578,3415.33,MIA
6549.7,52180,AGENT,612.208,3414.96,MIA
6549.8,52180,AGENT,611.859,3414.57,MIA
6549.9,52180,AGENT,611.53,3414.18,MIA
6550.0,52180,AGENT,611.222,3413.77,MIA
6550.1,52180,AGENT,610.933,3413.34,MIA
6550.2,52180,AGENT,610.665,3412.89,MIA
6550.3,52180,AGENT,610.416,3412.43,MIA
6550.4,52180,AGENT,610.187,3411.95,MIA
6550.5,52180,AGENT,609.977,3411.45,MIA
6550.6,52180,AGENT,609.786,3410.94,MIA
6550.7,52180,AGENT,609.613,3410.42,MIA
6550.8,52180,AGENT,609.457,3409.88,MIA
6550.9,52180,AGENT,609.318,3409.33,MIA
6551.0,52180,AGENT,609.195,3408.77,MIA
6551.1,52180,AGENT,609.087,3408.19,MIA
6551.2,52180,AGENT,608.993,3407.6,MIA
6551.3,52180,AGENT,608.912,3407.01,MIA
6551.4,52180,AGENT,608.844,3406.4,MIA
6551.5,52180,AGENT,608.787,3405.78,MIA
6551.6,52180,AGENT,608.741,3405.15,MIA
6551.7,52180,AGENT,608.705,3404.51,MIA
6551.8,52180,AGENT,608.678,3403.86,MIA
6551.9,52180,AGENT,608.659,3403.19,MIA
6552.0,52180,AGENT,608.648,3402.52,MIA
6552.1,52180,AGENT,608.644,3401.83,MIA
6552.2,52180,AGENT,608.646,3401.14,MIA
6552.3,52180,AGENT,608.654,3400.43,MIA
6552.4,52180,AGENT,608.667,3399.71,MIA
6552.5,52180,AGENT,608.684,3398.99,MIA
6552.6,52180,AGENT,608.705,3398.25,MIA
6552.7,52180,AGENT,608.729,3397.5,MIA
6552.8,52180,AGENT,608.756,3396.74,MIA
6552.9,52180,AGENT,608.786,3395.96,MIA
