TIMESTAMP,TRACK_ID,OBJECT_TYPE,X,Y,CITY_NAME
1224.0,52180,AGENT,709.317,197.306,PIT
1224.1,52180,AGENT,709.582,197.677,PIT
1224.2,52180,AGENT,709.87,198.036,PIT
1224.3,52180,AGENT,710.181,198.383,PIT
1224.4,52180,AGENT,710.514,198.717,PIT
1224.5,52180,AGENT,710.867,199.04,PIT
1224.6,52180,AGENT,711.239,199.351,PIT
1224.7,52180,AGENT,711.63,199.651,PIT
1224.8,52180,AGENT,712.038,199.941,PIT
1224.9,52180,AGENT,712.463,200.221,PIT
1225.0,52180,AGENT,712.905,200.492,PIT
1225.1,52180,AGENT,713.361,200.755,PIT
1225.2,52180,AGENT,713.833,201.009,PIT
1225.3,52180,AGENT,714.318,201.257,PIT
1225.4,52180,AGENT,714.818,201.498,PIT
1225.5,52180,AGENT,715.331,201.733,PIT
1225.6,52180,AGENT,715.856,201.964,PIT
1225.7,52180,AGENT,716.394,202.19,PIT
1225.8,52180,AGENT,716.945,202.413,PIT
1225.9,52180,AGENT,717.507,202.633,PIT
1226.0,52180,AGENT,718.081,202.851,PIT
1226.1,52180,AGENT,718.667,203.067,PIT
1226.2,52180,AGENT,719.264,203.282,PIT
1226.3,52180,AGENT,719.872,203.496,PIT
1226.4,52180,AGENT,720.492,203.711,PIT
1226.5,52180,AGENT,721.123,203.927,PIT
1226.6,52180,AGENT,721.765,204.143,PIT
1226.7,52180,AGENT,722.418,204.361,PIT
1226.8,52180,AGENT,723.082,204.581,PIT
1226.9,52180,AGENT,723.756,204.803,PIT
1227.0,52180,AGENT,724.441,205.028,PIT
1227.1,52180,AGENT,725.137,205.255,PIT
1227.2,52180,AGENT,725.842,205.486,PIT
1227.3,52180,AGENT,726.559,205.72,PIT
1227.4,52180,AGENT,727.285,205.957,PIT
1227.5,52180,AGENT,728.022,206.198,PIT
1227.6,52180,AGENT,728.77,206.443,PIT
1227.7,52180,AGENT,729.529,206.693,PIT
1227.8,52180,AGENT,730.299,206.946,PIT
1227.9,52180,AGENT,731.079,207.204,PIT
1228.0,52180,AGENT,731.87,207.467,PIT
1228.1,52180,AGENT,732.672,207.734,PIT
1228.2,52180,AGENT,733.484,208.005,PIT
1228.3,52180,AGENT,734.307,208.281,PIT
1228.4,52180,AGENT,735.141,208.562,PIT
1228.5,52180,AGENT,735.985,208.847,PIT
1228.6,52180,AGENT,736.84,209.137,PIT
1228.7,52180,AGENT,737.702,209.43,PIT
1228.8,52180,AGENT,738.574,209.728,PIT
1228.9,52180,AGENT,739.454,210.029,PIT
