TIMESTAMP,TRACK_ID,OBJECT_TYPE,X,Y,CITY_NAME
2072.0,52180,AGENT,1109.31,-22.0404,PIT
2072.1,52180,AGENT,1109.77,-21.1168,PIT
2072.2,52180,AGENT,1110.23,-20.1985,PIT
2072.3,52180,AGENT,1110.7,-19.2792,PIT
2072.4,52180,AGENT,1111.17,-18.3511,PIT
2072.5,52180,AGENT,1111.64,-17.415,PIT
2072.6,52180,AGENT,1112.11,-16.4752,PIT
2072.7,52180,AGENT,1112.59,-15.5362,PIT
2072.8,52180,AGENT,1113.07,-14.5974,PIT
2072.9,52180,AGENT,1113.54,-13.6585,PIT
2073.0,52180,AGENT,1114.02,-12.7207,PIT
2073.1,52180,AGENT,1114.49,-11.7885,PIT
2073.2,52180,AGENT,1114.96,-10.8652,PIT
2073.3,52180,AGENT,1115.43,-9.9456,PIT
2073.4,52180,AGENT,1115.9,-9.02627,PIT
2073.5,52180,AGENT,1116.36,-8.10802,PIT
2073.6,52180,AGENT,1116.83,-7.19047,PIT
2073.7,52180,AGENT,1117.29,-6.27702,PIT
2073.8,52180,AGENT,1117.74,-5.36609,PIT
2073.9,52180,AGENT,1118.2,-4.45439,PIT
2074.0,52180,AGENT,1118.65,-3.54665,PIT
2074.1,52180,AGENT,1119.1,-2.64611,PIT
2074.2,52180,AGENT,1119.54,-1.75399,PIT
2074.3,52180,AGENT,1119.98,-0.871517,PIT
2074.4,52180,AGENT,1120.4,0.00139718,PIT
2074.5,52180,AGENT,1120.82,0.864834,PIT
2074.6,52180,AGENT,1121.24,1.71887,PIT
2074.7,52180,AGENT,1121.64,2.56358,PIT
2074.8,52180,AGENT,1122.04,3.39907,PIT
2074.9,52180,AGENT,1122.43,4.22546,PIT
2075.0,52180,AGENT,1122.81,5.04278,PIT
2075.1,52180,AGENT,1123.18,5.8511,PIT
2075.2,52180,AGENT,1123.55,6.65071,PIT
2075.3,52180,AGENT,1123.9,7.4419,PIT
2075.4,52180,AGENT,1124.25,8.22584,PIT
2075.5,52180,AGENT,1124.59,9.00371,PIT
2075.6,52180,AGENT,1124.91,9.77549,PIT
2075.7,52180,AGENT,1125.23,10.5398,PIT
2075.8,52180,AGENT,1125.54,11.2952,PIT
2075.9,52180,AGENT,1125.84,12.0418,PIT
2076.0,52180,AGENT,1126.13,12.7796,PIT
2076.1,52180,AGENT,1126.41,13.5085,PIT
2076.2,52180,AGENT,1126.67,14.2285,PIT
2076.3,52180,AGENT,1126.93,14.9395,PIT
2076.4,52180,AGENT,1127.18,15.6416,PIT
2076.5,52180,AGENT,1127.42,16.3345,PIT
2076.6,52180,AGENT,1127.66,17.0181,PIT
2076.7,52180,AGENT,1127.88,17.6974,PIT
2076.8,52180,AGENT,1128.1,18.377,PIT
2076.9,52180,AGENT,1128.32,19.0567,PIT
