TIMESTAMP,TRACK_ID,OBJECT_TYPE,X,Y,CITY_NAME
5948.0,52180,AGENT,98.3806,3859.3,MIA
5948.1,52180,AGENT,98.4004,3858.53,MIA
5948.2,52180,AGENT,98.4206,3857.76,MIA
5948.3,52180,AGENT,98.4412,3857.01,MIA
5948.4,52180,AGENT,98.4622,3856.26,MIA
5948.5,52180,AGENT,98.4835,3855.52,MIA
5948.6,52180,AGENT,98.5052,3854.79,MIA
5948.7,52180,AGENT,98.5271,3854.07,MIA
5948.8,52180,AGENT,98.5492,3853.37,MIA
5948.9,52180,AGENT,98.5716,3852.67,MIA
5949.0,52180,AGENT,98.5941,3851.98,MIA
5949.1,52180,AGENT,98.6166,3851.29,MIA
5949.2,52180,AGENT,98.6393,3850.62,MIA
5949.3,52180,AGENT,98.6619,3849.96,MIA
5949.4,52180,AGENT,98.6845,3849.31,MIA
5949.5,52180,AGENT,98.7071,3848.66,MIA
5949.6,52180,AGENT,98.7295,3848.02,MIA
5949.7,52180,AGENT,98.7518,3847.4,MIA
5949.8,52180,AGENT,98.774,3846.78,MIA
5949.9,52180,AGENT,98.7961,3846.17,MIA
5950.0,52180,AGENT,98.8182,3845.56,MIA
5950.1,52180,AGENT,98.8401,3844.97,MIA
5950.2,52180,AGENT,98.8618,3844.38,MIA
5950.3,52180,AGENT,98.8832,3843.8,MIA
5950.4,52180,AGENT,98.9043,3843.23,MIA
5950.5,52180,AGENT,98.9253,3842.67,MIA
5950.6,52180,AGENT,98.9462,3842.11,MIA
5950.7,52180,AGENT,98.9674,3841.56,MIA
5950.8,52180,AGENT,98.9892,3841.0,MIA
5950.9,52180,AGENT,99.0114,3840.45,MIA
5951.0,52180,AGENT,99.0341,3839.89,MIA
5951.1,52180,AGENT,99.0575,3839.33,MIA
5951.2,52180,AGENT,99.0816,3838.77,MIA
5951.3,52180,AGENT,99.1068,3838.21,MIA
5951.4,52180,AGENT,99.133,3837.64,MIA
5951.5,52180,AGENT,99.1604,3837.08,MIA
5951.6,52180,AGENT,99.1894,3836.51,MIA
5951.7,52180,AGENT,99.2203,3835.93,MIA
5951.8,52180,AGENT,99.2522,3835.36,MIA
5951.9,52180,AGENT,99.2845,3834.78,MIA
5952.0,52180,AGENT,99.3177,3834.2,MIA
5952.1,52180,AGENT,99.3517,3833.62,MIA
5952.2,52180,AGENT,99.3858,3833.04,MIA
5952.3,52180,AGENT,99.4194,3832.46,MIA
5952.4,52180,AGENT,99.4524,3831.88,MIA
5952.5,52180,AGENT,99.4842,3831.29,MIA
5952.6,52180,AGENT,99.5139,3830.71,MIA
5952.7,52180,AGENT,99.5402,3830.12,MIA
5952.8,52180,AGENT,99.5622,3829.53,MIA
5952.9,52180,AGENT,99.5791,3828.95,MIA
