TIMESTAMP,TRACK_ID,OBJECT_TYPE,X,Y,CITY_NAME
2092.0,52180,AGENT,1224.23,7.30891,PIT
2092.1,52180,AGENT,1225.14,6.87789,PIT
2092.2,52180,AGENT,1226.04,6.44658,PIT
2092.3,52180,AGENT,1226.95,6.015,PIT
2092.4,52180,AGENT,1227.86,5.58314,PIT
2092.5,52180,AGENT,1228.77,5.15102,PIT
2092.6,52180,AGENT,1229.68,4.71864,PIT
2092.7,52180,AGENT,1230.59,4.28601,PIT
2092.8,52180,AGENT,1231.5,3.85315,PIT
2092.9,52180,AGENT,1232.41,3.42006,PIT
2093.0,52180,AGENT,1233.32,2.98677,PIT
2093.1,52180,AGENT,1234.23,2.5533,PIT
2093.2,52180,AGENT,1235.13,2.11967,PIT
2093.3,52180,AGENT,1236.04,1.68589,PIT
2093.4,52180,AGENT,1236.95,1.25198,PIT
2093.5,52180,AGENT,1237.86,0.817827,PIT
2093.6,52180,AGENT,1238.77,0.383296,PIT
2093.7,52180,AGENT,1239.68,-0.0510039,PIT
2093.8,52180,AGENT,1240.58,-0.482814,PIT
2093.9,52180,AGENT,1241.47,-0.910574,PIT
2094.0,52180,AGENT,1242.36,-1.33427,PIT
2094.1,52180,AGENT,1243.24,-1.75388,PIT
2094.2,52180,AGENT,1244.11,-2.16941,PIT
2094.3,52180,AGENT,1244.97,-2.58096,PIT
2094.4,52180,AGENT,1245.82,-2.98861,PIT
2094.5,52180,AGENT,1246.66,-3.39237,PIT
2094.6,52180,AGENT,1247.5,-3.79224,PIT
2094.7,52180,AGENT,1248.33,-4.1882,PIT
2094.8,52180,AGENT,1249.15,-4.57963,PIT
2094.9,52180,AGENT,1249.96,-4.96593,PIT
2095.0,52180,AGENT,1250.76,-5.34711,PIT
2095.1,52180,AGENT,1251.55,-5.72314,PIT
2095.2,52180,AGENT,1252.32,-6.094,PIT
2095.3,52180,AGENT,1253.09,-6.4597,PIT
2095.4,52180,AGENT,1253.85,-6.82022,PIT
2095.5,52180,AGENT,1254.6,-7.17558,PIT
2095.6,52180,AGENT,1255.33,-7.52575,PIT
2095.7,52180,AGENT,1256.06,-7.87073,PIT
2095.8,52180,AGENT,1256.78,-8.21052,PIT
2095.9,52180,AGENT,1257.48,-8.5451,PIT
2096.0,52180,AGENT,1258.18,-8.87449,PIT
2096.1,52180,AGENT,1258.87,-9.19868,PIT
2096.2,52180,AGENT,1259.54,-9.51769,PIT
2096.3,52180,AGENT,1260.21,-9.83152,PIT
2096.4,52180,AGENT,1260.86,-10.1408,PIT
2096.5,52180,AGENT,1261.51,-10.4462,PIT
2096.6,52180,AGENT,1262.15,-10.7478,PIT
2096.7,52180,AGENT,1262.78,-11.0455,PIT
2096.8,52180,AGENT,1263.41,-11.3394,PIT
2096.9,52180,AGENT,1264.03,-11.6295,PIT
