TIMESTAMP,TRACK_ID,OBJECT_TYPE,X,Y,CITY_NAME
1320.0,52180,AGENT,3701.46,2227.53,PIT
1320.1,52180,AGENT,3700.69,2226.82,PIT
1320.2,52180,AGENT,3699.91,2226.12,PIT
1320.3,52180,AGENT,3699.13,2225.42,PIT
1320.4,52180,AGENT,3698.36,2224.71,PIT
1320.5,52180,AGENT,3697.58,2224.01,PIT
1320.6,52180,AGENT,3696.81,2223.31,PIT
1320.7,52180,AGENT,3696.03,2222.6,PIT
1320.8,52180,AGENT,3695.26,2221.9,PIT
1320.9,52180,AGENT,3694.48,2221.19,PIT
1321.0,52180,AGENT,3693.71,2220.49,PIT
1321.1,52180,AGENT,3692.93,2219.78,PIT
1321.2,52180,AGENT,3692.16,2219.08,PIT
1321.3,52180,AGENT,3691.38,2218.37,PIT
1321.4,52180,AGENT,3690.61,2217.67,PIT
1321.5,52180,AGENT,3689.83,2216.96,PIT
1321.6,52180,AGENT,3689.06,2216.26,PIT
1321.7,52180,AGENT,3688.29,2215.55,PIT
1321.8,52180,AGENT,3687.51,2214.84,PIT
1321.9,52180,AGENT,3686.74,2214.14,PIT
1322.0,52180,AGENT,3685.97,2213.43,PIT
1322.1,52180,AGENT,3685.19,2212.72,PIT
1322.2,52180,AGENT,3684.42,2212.02,PIT
1322.3,52180,AGENT,3683.65,2211.31,PIT
1322.4,52180,AGENT,3682.87,2210.6,PIT
1322.5,52180,AGENT,3682.1,2209.89,PIT
1322.6,52180,AGENT,3681.33,2209.19,PIT
1322.7,52180,AGENT,3680.56,2208.48,PIT
1322.8,52180,AGENT,3679.78,2207.77,PIT
1322.9,52180,AGENT,3679.01,2207.06,PIT
1323.0,52180,AGENT,3678.24,2206.35,PIT
1323.1,52180,AGENT,3677.47,2205.65,PIT
1323.2,52180,AGENT,3676.7,2204.94,PIT
1323.3,52180,AGENT,3675.93,2204.23,PIT
1323.4,52180,AGENT,3675.15,2203.52,PIT
1323.5,52180,AGENT,3674.38,2202.81,PIT
1323.6,52180,AGENT,3673.61,2202.1,PIT
1323.7,52180,AGENT,3672.84,2201.4,PIT
1323.8,52180,AGENT,3672.07,2200.69,PIT
1323.9,52180,AGENT,3671.3,2199.98,PIT
1324.0,52180,AGENT,3670.52,2199.27,PIT
1324.1,52180,AGENT,3669.75,2198.56,PIT
1324.2,52180,AGENT,3668.98,2197.85,PIT
1324.3,52180,AGENT,3668.21,2197.14,PIT
1324.4,52180,AGENT,3667.44,2196.43,PIT
1324.5,52180,AGENT,3666.67,2195.73,PIT
1324.6,52180,AGENT,3665.9,2195.02,PIT
1324.7,52180,AGENT,3665.13,2194.31,PIT
1324.8,52180,AGENT,3664.36,2193.6,PIT
1324.9,52180,AGENT,3663.58,2192.89,PIT
