TIMESTAMP,TRACK_ID,OBJECT_TYPE,X,Y,CITY_NAME
52.0,52180,AGENT,2287.36,1051.9,PIT
52.1,52180,AGENT,2286.68,1051.28,PIT
52.2,52180,AGENT,2286.0,1050.66,PIT
52.3,52180,AGENT,2285.32,1050.04,PIT
52.4,52180,AGENT,2284.66,1049.44,PIT
52.5,52180,AGENT,2284.0,1048.84,PIT
52.6,52180,AGENT,2283.35,1048.25,PIT
52.7,52180,AGENT,2282.71,1047.67,PIT
52.8,52180,AGENT,2282.08,1047.1,PIT
52.9,52180,AGENT,2281.45,1046.53,PIT
53.0,52180,AGENT,2280.84,1045.98,PIT
53.1,52180,AGENT,2280.23,1045.43,PIT
53.2,52180,AGENT,2279.63,1044.88,PIT
53.3,52180,AGENT,2279.04,1044.35,PIT
53.4,52180,AGENT,2278.46,1043.83,PIT
53.5,52180,AGENT,2277.88,1043.31,PIT
53.6,52180,AGENT,2277.32,1042.8,PIT
53.7,52180,AGENT,2276.76,1042.3,PIT
53.8,52180,AGENT,2276.21,1041.8,PIT
53.9,52180,AGENT,2275.67,1041.31,PIT
54.0,52180,AGENT,2275.14,1040.84,PIT
54.1,52180,AGENT,2274.61,1040.36,PIT
54.2,52180,AGENT,2274.1,1039.9,PIT
54.3,52180,AGENT,2273.58,1039.44,PIT
54.4,52180,AGENT,2273.08,1038.98,PIT
54.5,52180,AGENT,2272.58,1038.53,PIT
54.6,52180,AGENT,2272.09,1038.09,PIT
54.7,52180,AGENT,2271.6,1037.65,PIT
54.8,52180,AGENT,2271.12,1037.22,PIT
54.9,52180,AGENT,2270.63,1036.78,PIT
55.0,52180,AGENT,2270.14,1036.35,PIT
55.1,52180,AGENT,2269.65,1035.92,PIT
55.2,52180,AGENT,2269.17,1035.49,PIT
55.3,52180,AGENT,2268.7,1035.07,PIT
55.4,52180,AGENT,2268.23,1034.65,PIT
55.5,52180,AGENT,2267.76,1034.24,PIT
55.6,52180,AGENT,2267.3,1033.83,PIT
55.7,52180,AGENT,2266.82,1033.41,PIT
55.8,52180,AGENT,2266.34,1032.99,PIT
55.9,52180,AGENT,2265.85,1032.57,PIT
56.0,52180,AGENT,2265.36,1032.15,PIT
56.1,52180,AGENT,2264.87,1031.73,PIT
56.2,52180,AGENT,2264.38,1031.31,PIT
56.3,52180,AGENT,2263.89,1030.89,PIT
56.4,52180,AGENT,2263.39,1030.47,PIT
56.5,52180,AGENT,2262.9,1030.06,PIT
56.6,52180,AGENT,2262.41,1029.64,PIT
56.7,52180,AGENT,2261.93,1029.22,PIT
56.8,52180,AGENT,2261.44,1028.81,PIT
56.9,52180,AGENT,2260.96,1028.39,PIT
