TIMESTAMP,TRACK_ID,OBJECT_TYPE,X,Y,CITY_NAME
248.0,52180,AGENT,-287.682,3416.51,MIA
248.1,52180,AGENT,-287.708,3417.27,MIA
248.2,52180,AGENT,-287.734,3418.02,MIA
248.3,52180,AGENT,-287.759,3418.77,MIA
248.4,52180,AGENT,-287.783,3419.51,MIA
248.5,52180,AGENT,-287.807,3420.25,MIA
248.6,52180,AGENT,-287.831,3420.98,MIA
248.7,52180,AGENT,-287.854,3421.7,MIA
248.8,52180,AGENT,-287.877,3422.41,MIA
248.9,52180,AGENT,-287.899,3423.11,MIA
249.0,52180,AGENT,-287.921,3423.81,MIA
249.1,52180,AGENT,-287.941,3424.5,MIA
249.2,52180,AGENT,-287.961,3425.18,MIA
249.3,52180,AGENT,-287.98,3425.87,MIA
249.4,52180,AGENT,-287.997,3426.56,MIA
249.5,52180,AGENT,-288.014,3427.25,MIA
249.6,52180,AGENT,-288.031,3427.94,MIA
249.7,52180,AGENT,-288.046,3428.61,MIA
249.8,52180,AGENT,-288.062,3429.28,MIA
249.9,52180,AGENT,-288.078,3429.95,MIA
250.0,52180,AGENT,-288.094,3430.62,MIA
250.1,52180,AGENT,-288.111,3431.28,MIA
250.2,52180,AGENT,-288.13,3431.95,MIA
250.3,52180,AGENT,-288.151,3432.62,MIA
250.4,52180,AGENT,-288.175,3433.29,MIA
250.5,52180,AGENT,-288.204,3433.96,MIA
250.6,52180,AGENT,-288.237,3434.62,MIA
250.7,52180,AGENT,-288.273,3435.28,MIA
250.8,52180,AGENT,-288.312,3435.93,MIA
250.9,52180,AGENT,-288.358,3436.57,MIA
251.0,52180,AGENT,-288.415,3437.21,MIA
251.1,52180,AGENT,-288.481,3437.85,MIA
251.2,52180,AGENT,-288.554,3438.48,MIA
251.3,52180,AGENT,-288.635,3439.1,MIA
251.4,52180,AGENT,-288.725,3439.71,MIA
251.5,52180,AGENT,-288.824,3440.31,MIA
251.6,52180,AGENT,-288.933,3440.89,MIA
251.7,52180,AGENT,-289.053,3441.47,MIA
251.8,52180,AGENT,-289.183,3442.03,MIA
251.9,52180,AGENT,-289.329,3442.57,MIA
252.0,52180,AGENT,-289.493,3443.11,MIA
252.1,52180,AGENT,-289.676,3443.64,MIA
252.2,52180,AGENT,-289.879,3444.15,MIA
252.3,52180,AGENT,-290.101,3444.65,MIA
252.4,52180,AGENT,-290.343,3445.13,MIA
252.5,52180,AGENT,-290.603,3445.6,MIA
252.6,52180,AGENT,-290.881,3446.05,MIA
252.7,52180,AGENT,-291.176,3446.48,MIA
252.8,52180,AGENT,-291.486,3446.89,MIA
252.9,52180,AGENT,-291.812,3447.28,MIA
