TIMESTAMP,TRACK_ID,OBJECT_TYPE,X,Y,CITY_NAME
2352.0,52180,AGENT,3190.96,1658.27,PIT
2352.1,52180,AGENT,3191.35,1657.83,PIT
2352.2,52180,AGENT,3191.73,1657.39,PIT
2352.3,52180,AGENT,3192.1,1656.94,PIT
2352.4,52180,AGENT,3192.46,1656.49,PIT
2352.5,52180,AGENT,3192.81,1656.05,PIT
2352.6,52180,AGENT,3193.14,1655.6,PIT
2352.7,52180,AGENT,3193.46,1655.16,PIT
2352.8,52180,AGENT,3193.75,1654.73,PIT
2352.9,52180,AGENT,3194.03,1654.29,PIT
2353.0,52180,AGENT,3194.29,1653.86,PIT
2353.1,52180,AGENT,3194.53,1653.44,PIT
2353.2,52180,AGENT,3194.74,1653.02,PIT
2353.3,52180,AGENT,3194.93,1652.6,PIT
2353.4,52180,AGENT,3195.1,1652.17,PIT
2353.5,52180,AGENT,3195.23,1651.75,PIT
2353.6,52180,AGENT,3195.34,1651.33,PIT
2353.7,52180,AGENT,3195.42,1650.9,PIT
2353.8,52180,AGENT,3195.47,1650.48,PIT
2353.9,52180,AGENT,3195.48,1650.05,PIT
2354.0,52180,AGENT,3195.46,1649.62,PIT
2354.1,52180,AGENT,3195.41,1649.19,PIT
2354.2,52180,AGENT,3195.34,1648.76,PIT
2354.3,52180,AGENT,3195.23,1648.33,PIT
2354.4,52180,AGENT,3195.1,1647.91,PIT
2354.5,52180,AGENT,3194.95,1647.48,PIT
2354.6,52180,AGENT,3194.77,1647.07,PIT
2354.7,52180,AGENT,3194.57,1646.65,PIT
2354.8,52180,AGENT,3194.35,1646.23,PIT
2354.9,52180,AGENT,3194.1,1645.82,PIT
2355.0,52180,AGENT,3193.84,1645.41,PIT
2355.1,52180,AGENT,3193.56,1645.01,PIT
2355.2,52180,AGENT,3193.26,1644.6,PIT
2355.3,52180,AGENT,3192.95,1644.2,PIT
2355.4,52180,AGENT,3192.61,1643.8,PIT
2355.5,52180,AGENT,3192.27,1643.4,PIT
2355.6,52180,AGENT,3191.9,1643.0,PIT
2355.7,52180,AGENT,3191.53,1642.59,PIT
2355.8,52180,AGENT,3191.14,1642.19,PIT
2355.9,52180,AGENT,3190.74,1641.79,PIT
2356.0,52180,AGENT,3190.32,1641.38,PIT
2356.1,52180,AGENT,3189.9,1640.97,PIT
2356.2,52180,AGENT,3189.46,1640.56,PIT
2356.3,52180,AGENT,3189.01,1640.15,PIT
2356.4,52180,AGENT,3188.56,1639.73,PIT
2356.5,52180,AGENT,3188.09,1639.31,PIT
2356.6,52180,AGENT,3187.61,1638.88,PIT
2356.7,52180,AGENT,3187.12,1638.44,PIT
2356.8,52180,AGENT,3186.62,1638.01,PIT
2356.9,52180,AGENT,3186.12,1637.56,PIT
