TIMESTAMP,TRACK_ID,OBJECT_TYPE,X,Y,CITY_NAME
2394.0,52180,AGENT,3802.18,2312.14,PIT
2394.1,52180,AGENT,3802.99,2312.85,PIT
2394.2,52180,AGENT,3803.8,2313.56,PIT
2394.3,52180,AGENT,3804.61,2314.26,PIT
2394.4,52180,AGENT,3805.42,2314.97,PIT
2394.5,52180,AGENT,3806.23,2315.67,PIT
2394.6,52180,AGENT,3807.04,2316.36,PIT
2394.7,52180,AGENT,3807.86,2317.06,PIT
2394.8,52180,AGENT,3808.67,2317.75,PIT
2394.9,52180,AGENT,3809.49,2318.45,PIT
2395.0,52180,AGENT,3810.31,2319.14,PIT
2395.1,52180,AGENT,3811.13,2319.83,PIT
2395.2,52180,AGENT,3811.94,2320.51,PIT
2395.3,52180,AGENT,3812.74,2321.19,PIT
2395.4,52180,AGENT,3813.53,2321.85,PIT
2395.5,52180,AGENT,3814.32,2322.52,PIT
2395.6,52180,AGENT,3815.1,2323.17,PIT
2395.7,52180,AGENT,3815.88,2323.82,PIT
2395.8,52180,AGENT,3816.64,2324.47,PIT
2395.9,52180,AGENT,3817.4,2325.11,PIT
2396.0,52180,AGENT,3818.15,2325.75,PIT
2396.1,52180,AGENT,3818.89,2326.38,PIT
2396.2,52180,AGENT,3819.62,2327.0,PIT
2396.3,52180,AGENT,3820.34,2327.62,PIT
2396.4,52180,AGENT,3821.05,2328.23,PIT
2396.5,52180,AGENT,3821.75,2328.84,PIT
2396.6,52180,AGENT,3822.44,2329.44,PIT
2396.7,52180,AGENT,3823.12,2330.03,PIT
2396.8,52180,AGENT,3823.79,2330.62,PIT
2396.9,52180,AGENT,3824.45,2331.2,PIT
2397.0,52180,AGENT,3825.1,2331.78,PIT
2397.1,52180,AGENT,3825.75,2332.35,PIT
2397.2,52180,AGENT,3826.38,2332.92,PIT
2397.3,52180,AGENT,3827.0,2333.48,PIT
2397.4,52180,AGENT,3827.62,2334.03,PIT
2397.5,52180,AGENT,3828.22,2334.58,PIT
2397.6,52180,AGENT,3828.82,2335.12,PIT
2397.7,52180,AGENT,3829.4,2335.65,PIT
2397.8,52180,AGENT,3829.97,2336.17,PIT
2397.9,52180,AGENT,3830.53,2336.69,PIT
2398.0,52180,AGENT,3831.09,2337.2,PIT
2398.1,52180,AGENT,3831.63,2337.7,PIT
2398.2,52180,AGENT,3832.17,2338.2,PIT
2398.3,52180,AGENT,3832.7,2338.69,PIT
2398.4,52180,AGENT,3833.22,2339.17,PIT
2398.5,52180,AGENT,3833.73,2339.64,PIT
2398.6,52180,AGENT,3834.23,2340.11,PIT
2398.7,52180,AGENT,3834.73,2340.58,PIT
2398.8,52180,AGENT,3835.23,2341.05,PIT
2398.9,52180,AGENT,3835.73,2341.53,PIT
