TIMESTAMP,TRACK_ID,OBJECT_TYPE,X,Y,CITY_NAME
2012.0,52180,AGENT,1354.93,-49.4396,PIT
2012.1,52180,AGENT,1354.26,-49.1156,PIT
2012.2,52180,AGENT,1353.58,-48.7855,PIT
2012.3,52180,AGENT,1352.89,-48.4497,PIT
2012.4,52180,AGENT,1352.19,-48.1082,PIT
2012.5,52180,AGENT,1351.48,-47.761,PIT
2012.6,52180,AGENT,1350.76,-47.4084,PIT
2012.7,52180,AGENT,1350.03,-47.0504,PIT
2012.8,52180,AGENT,1349.29,-46.6873,PIT
2012.9,52180,AGENT,1348.54,-46.3191,PIT
2013.0,52180,AGENT,1347.77,-45.946,PIT
2013.1,52180,AGENT,1347.0,-45.5684,PIT
2013.2,52180,AGENT,1346.22,-45.1868,PIT
2013.3,52180,AGENT,1345.44,-44.8014,PIT
2013.4,52180,AGENT,1344.64,-44.412,PIT
2013.5,52180,AGENT,1343.84,-44.0211,PIT
2013.6,52180,AGENT,1343.04,-43.6306,PIT
2013.7,52180,AGENT,1342.24,-43.2405,PIT
2013.8,52180,AGENT,1341.43,-42.8506,PIT
2013.9,52180,AGENT,1340.63,-42.461,PIT
2014.0,52180,AGENT,1339.83,-42.0717,PIT
2014.1,52180,AGENT,1339.03,-41.6827,PIT
2014.2,52180,AGENT,1338.23,-41.2938,PIT
2014.3,52180,AGENT,1337.43,-40.9049,PIT
2014.4,52180,AGENT,1336.62,-40.5166,PIT
2014.5,52180,AGENT,1335.83,-40.131,PIT
2014.6,52180,AGENT,1335.04,-39.7499,PIT
2014.7,52180,AGENT,1334.26,-39.3731,PIT
2014.8,52180,AGENT,1333.49,-39.0007,PIT
2014.9,52180,AGENT,1332.72,-38.6326,PIT
2015.0,52180,AGENT,1331.97,-38.2689,PIT
2015.1,52180,AGENT,1331.22,-37.9095,PIT
2015.2,52180,AGENT,1330.48,-37.5544,PIT
2015.3,52180,AGENT,1329.76,-37.2037,PIT
2015.4,52180,AGENT,1329.03,-36.8572,PIT
2015.5,52180,AGENT,1328.32,-36.515,PIT
2015.6,52180,AGENT,1327.62,-36.1771,PIT
2015.7,52180,AGENT,1326.92,-35.8434,PIT
2015.8,52180,AGENT,1326.23,-35.5141,PIT
2015.9,52180,AGENT,1325.55,-35.189,PIT
2016.0,52180,AGENT,1324.88,-34.8682,PIT
2016.1,52180,AGENT,1324.22,-34.5517,PIT
2016.2,52180,AGENT,1323.57,-34.2395,PIT
2016.3,52180,AGENT,1322.92,-33.9316,PIT
2016.4,52180,AGENT,1322.28,-33.628,PIT
2016.5,52180,AGENT,1321.66,-33.3287,PIT
2016.6,52180,AGENT,1321.03,-33.0337,PIT
2016.7,52180,AGENT,1320.42,-32.743,PIT
2016.8,52180,AGENT,1319.82,-32.4565,PIT
2016.9,52180,AGENT,1319.22,-32.1743,PIT
