TIMESTAMP,TRACK_ID,OBJECT_TYPE,X,Y,CITY_NAME
2.0,52180,AGENT,-233.868,1510.85,MIA
2.1,52180,AGENT,-234.691,1510.8,MIA
2.2,52180,AGENT,-235.526,1510.76,MIA
2.3,52180,AGENT,-236.372,1510.72,MIA
2.4,52180,AGENT,-237.23,1510.67,MIA
2.5,52180,AGENT,-238.099,1510.63,MIA
2.6,52180,AGENT,-238.98,1510.59,MIA
2.7,52180,AGENT,-239.872,1510.55,MIA
2.8,52180,AGENT,-240.773,1510.5,MIA
2.9,52180,AGENT,-241.684,1510.46,MIA
3.0,52180,AGENT,-242.604,1510.42,MIA
3.1,52180,AGENT,-243.534,1510.38,MIA
3.2,52180,AGENT,-244.473,1510.33,MIA
3.3,52180,AGENT,-245.422,1510.29,MIA
3.4,52180,AGENT,-246.38,1510.25,MIA
3.5,52180,AGENT,-247.348,1510.21,MIA
3.6,52180,AGENT,-248.325,1510.17,MIA
3.7,52180,AGENT,-249.312,1510.12,MIA
3.8,52180,AGENT,-250.308,1510.08,MIA
3.9,52180,AGENT,-251.309,1510.04,MIA
4.0,52180,AGENT,-252.31,1509.99,MIA
4.1,52180,AGENT,-253.311,1509.95,MIA
4.2,52180,AGENT,-254.312,1509.91,MIA
4.3,52180,AGENT,-255.313,1509.87,MIA
4.4,52180,AGENT,-256.314,1509.82,MIA
4.5,52180,AGENT,-257.314,1509.78,MIA
4.6,52180,AGENT,-258.315,1509.74,MIA
4.7,52180,AGENT,-259.321,1509.7,MIA
4.8,52180,AGENT,-260.337,1509.65,MIA
4.9,52180,AGENT,-261.357,1509.61,MIA
5.0,52180,AGENT,-262.376,1509.57,MIA
5.1,52180,AGENT,-263.396,1509.52,MIA
5.2,52180,AGENT,-264.416,1509.48,MIA
5.3,52180,AGENT,-265.436,1509.44,MIA
5.4,52180,AGENT,-266.456,1509.39,MIA
5.5,52180,AGENT,-267.476,1509.35,MIA
5.6,52180,AGENT,-268.496,1509.31,MIA
5.7,52180,AGENT,-269.516,1509.26,MIA
5.8,52180,AGENT,-270.536,1509.22,MIA
5.9,52180,AGENT,-271.556,1509.17,MIA
6.0,52180,AGENT,-272.576,1509.13,MIA
6.1,52180,AGENT,-273.596,1509.09,MIA
6.2,52180,AGENT,-274.616,1509.04,MIA
6.3,52180,AGENT,-275.636,1509.0,MIA
6.4,52180,AGENT,-276.656,1508.95,MIA
6.5,52180,AGENT,-277.675,1508.91,MIA
6.6,52180,AGENT,-278.695,1508.87,MIA
6.7,52180,AGENT,-279.715,1508.82,MIA
6.8,52180,AGENT,-280.735,1508.78,MIA
6.9,52180,AGENT,-281.755,1508.73,MIA
