TIMESTAMP,TRACK_ID,OBJECT_TYPE,X,Y,CITY_NAME
2830.0,52180,AGENT,161.451,2216.16,MIA
2830.1,52180,AGENT,161.511,2215.09,MIA
2830.2,52180,AGENT,161.571,2214.03,MIA
2830.3,52180,AGENT,161.631,2212.96,MIA
2830.4,52180,AGENT,161.692,2211.9,MIA
2830.5,52180,AGENT,161.752,2210.84,MIA
2830.6,52180,AGENT,161.813,2209.77,MIA
2830.7,52180,AGENT,161.874,2208.71,MIA
2830.8,52180,AGENT,161.936,2207.64,MIA
2830.9,52180,AGENT,161.997,2206.58,MIA
2831.0,52180,AGENT,162.059,2205.52,MIA
2831.1,52180,AGENT,162.121,2204.45,MIA
2831.2,52180,AGENT,162.182,2203.39,MIA
2831.3,52180,AGENT,162.245,2202.32,MIA
2831.4,52180,AGENT,162.307,2201.26,MIA
2831.5,52180,AGENT,162.369,2200.2,MIA
2831.6,52180,AGENT,162.431,2199.13,MIA
2831.7,52180,AGENT,162.494,2198.07,MIA
2831.8,52180,AGENT,162.556,2197.01,MIA
2831.9,52180,AGENT,162.619,2195.94,MIA
2832.0,52180,AGENT,162.682,2194.88,MIA
2832.1,52180,AGENT,162.745,2193.81,MIA
2832.2,52180,AGENT,162.808,2192.75,MIA
2832.3,52180,AGENT,162.871,2191.69,MIA
2832.4,52180,AGENT,162.935,2190.62,MIA
2832.5,52180,AGENT,162.998,2189.56,MIA
2832.6,52180,AGENT,163.062,2188.5,MIA
2832.7,52180,AGENT,163.126,2187.43,MIA
2832.8,52180,AGENT,163.19,2186.37,MIA
2832.9,52180,AGENT,163.254,2185.3,MIA
2833.0,52180,AGENT,163.319,2184.24,MIA
2833.1,52180,AGENT,163.383,2183.18,MIA
2833.2,52180,AGENT,163.448,2182.11,MIA
2833.3,52180,AGENT,163.513,2181.05,MIA
2833.4,52180,AGENT,163.577,2179.98,MIA
2833.5,52180,AGENT,163.642,2178.92,MIA
2833.6,52180,AGENT,163.707,2177.86,MIA
2833.7,52180,AGENT,163.772,2176.79,MIA
2833.8,52180,AGENT,163.836,2175.73,MIA
2833.9,52180,AGENT,163.9,2174.67,MIA
2834.0,52180,AGENT,163.964,2173.6,MIA
2834.1,52180,AGENT,164.028,2172.54,MIA
2834.2,52180,AGENT,164.091,2171.47,MIA
2834.3,52180,AGENT,164.154,2170.41,MIA
2834.4,52180,AGENT,164.216,2169.35,MIA
2834.5,52180,AGENT,164.277,2168.28,MIA
2834.6,52180,AGENT,164.337,2167.22,MIA
2834.7,52180,AGENT,164.397,2166.15,MIA
2834.8,52180,AGENT,164.455,2165.09,MIA
2834.9,52180,AGENT,164.512,2164.03,MIA
