TIMESTAMP,TRACK_ID,OBJECT_TYPE,X,Y,CITY_NAME
3742.0,52180,AGENT,-39.5606,2705.73,MIA
3742.1,52180,AGENT,-39.5884,2706.38,MIA
3742.2,52180,AGENT,-39.6178,2707.03,MIA
3742.3,52180,AGENT,-39.6485,2707.69,MIA
3742.4,52180,AGENT,-39.6803,2708.34,MIA
3742.5,52180,AGENT,-39.713,2709.0,MIA
3742.6,52180,AGENT,-39.7466,2709.65,MIA
3742.7,52180,AGENT,-39.7806,2710.31,MIA
3742.8,52180,AGENT,-39.8146,2710.96,MIA
3742.9,52180,AGENT,-39.848,2711.62,MIA
3743.0,52180,AGENT,-39.8804,2712.28,MIA
3743.1,52180,AGENT,-39.9111,2712.94,MIA
3743.2,52180,AGENT,-39.9393,2713.59,MIA
3743.3,52180,AGENT,-39.9637,2714.26,MIA
3743.4,52180,AGENT,-39.9836,2714.92,MIA
3743.5,52180,AGENT,-39.9979,2715.58,MIA
3743.6,52180,AGENT,-40.0051,2716.24,MIA
3743.7,52180,AGENT,-40.0057,2716.9,MIA
3743.8,52180,AGENT,-40.0003,2717.55,MIA
3743.9,52180,AGENT,-39.9881,2718.19,MIA
3744.0,52180,AGENT,-39.9677,2718.82,MIA
3744.1,52180,AGENT,-39.9381,2719.44,MIA
3744.2,52180,AGENT,-39.8982,2720.05,MIA
3744.3,52180,AGENT,-39.847,2720.65,MIA
3744.4,52180,AGENT,-39.7836,2721.24,MIA
3744.5,52180,AGENT,-39.7075,2721.81,MIA
3744.6,52180,AGENT,-39.6183,2722.37,MIA
3744.7,52180,AGENT,-39.5116,2722.92,MIA
3744.8,52180,AGENT,-39.3825,2723.45,MIA
3744.9,52180,AGENT,-39.2305,2723.97,MIA
3745.0,52180,AGENT,-39.0562,2724.47,MIA
3745.1,52180,AGENT,-38.8649,2724.96,MIA
3745.2,52180,AGENT,-38.657,2725.43,MIA
3745.3,52180,AGENT,-38.429,2725.88,MIA
3745.4,52180,AGENT,-38.1818,2726.31,MIA
3745.5,52180,AGENT,-37.9165,2726.73,MIA
3745.6,52180,AGENT,-37.6342,2727.12,MIA
3745.7,52180,AGENT,-37.336,2727.49,MIA
3745.8,52180,AGENT,-37.0181,2727.85,MIA
3745.9,52180,AGENT,-36.6771,2728.18,MIA
3746.0,52180,AGENT,-36.3142,2728.5,MIA
3746.1,52180,AGENT,-35.9307,2728.79,MIA
3746.2,52180,AGENT,-35.5277,2729.07,MIA
3746.3,52180,AGENT,-35.1063,2729.32,MIA
3746.4,52180,AGENT,-34.6677,2729.56,MIA
3746.5,52180,AGENT,-34.2126,2729.78,MIA
3746.6,52180,AGENT,-33.7421,2729.98,MIA
3746.7,52180,AGENT,-33.2569,2730.17,MIA
3746.8,52180,AGENT,-32.7576,2730.33,MIA
3746.9,52180,AGENT,-32.2449,2730.49,MIA
