TIMESTAMP,TRACK_ID,OBJECT_TYPE,X,Y,CITY_NAME
2160.0,52180,AGENT,1431.52,201.917,PIT
2160.1,52180,AGENT,1430.65,201.58,PIT
2160.2,52180,AGENT,1429.8,201.249,PIT
2160.3,52180,AGENT,1428.95,200.924,PIT
2160.4,52180,AGENT,1428.1,200.605,PIT
2160.5,52180,AGENT,1427.27,200.291,PIT
2160.6,52180,AGENT,1426.44,199.983,PIT
2160.7,52180,AGENT,1425.62,199.68,PIT
2160.8,52180,AGENT,1424.81,199.382,PIT
2160.9,52180,AGENT,1424.01,199.09,PIT
2161.0,52180,AGENT,1423.22,198.803,PIT
2161.1,52180,AGENT,1422.45,198.522,PIT
2161.2,52180,AGENT,1421.68,198.245,PIT
2161.3,52180,AGENT,1420.92,197.974,PIT
2161.4,52180,AGENT,1420.17,197.708,PIT
2161.5,52180,AGENT,1419.43,197.444,PIT
2161.6,52180,AGENT,1418.68,197.181,PIT
2161.7,52180,AGENT,1417.94,196.919,PIT
2161.8,52180,AGENT,1417.19,196.657,PIT
2161.9,52180,AGENT,1416.44,196.396,PIT
2162.0,52180,AGENT,1415.69,196.133,PIT
2162.1,52180,AGENT,1414.92,195.87,PIT
2162.2,52180,AGENT,1414.16,195.608,PIT
2162.3,52180,AGENT,1413.39,195.346,PIT
2162.4,52180,AGENT,1412.62,195.085,PIT
2162.5,52180,AGENT,1411.85,194.824,PIT
2162.6,52180,AGENT,1411.09,194.566,PIT
2162.7,52180,AGENT,1410.33,194.31,PIT
2162.8,52180,AGENT,1409.58,194.057,PIT
2162.9,52180,AGENT,1408.82,193.803,PIT
2163.0,52180,AGENT,1408.06,193.548,PIT
2163.1,52180,AGENT,1407.29,193.29,PIT
2163.2,52180,AGENT,1406.52,193.03,PIT
2163.3,52180,AGENT,1405.74,192.77,PIT
2163.4,52180,AGENT,1404.96,192.509,PIT
2163.5,52180,AGENT,1404.19,192.248,PIT
2163.6,52180,AGENT,1403.43,191.99,PIT
2163.7,52180,AGENT,1402.67,191.733,PIT
2163.8,52180,AGENT,1401.92,191.479,PIT
2163.9,52180,AGENT,1401.19,191.225,PIT
2164.0,52180,AGENT,1400.46,190.971,PIT
2164.1,52180,AGENT,1399.74,190.709,PIT
2164.2,52180,AGENT,1399.01,190.44,PIT
2164.3,52180,AGENT,1398.3,190.164,PIT
2164.4,52180,AGENT,1397.59,189.882,PIT
2164.5,52180,AGENT,1396.89,189.595,PIT
2164.6,52180,AGENT,1396.2,189.305,PIT
2164.7,52180,AGENT,1395.53,189.013,PIT
2164.8,52180,AGENT,1394.88,188.717,PIT
2164.9,52180,AGENT,1394.24,188.416,PIT
