TIMESTAMP,TRACK_ID,OBJECT_TYPE,X,Y,CITY_NAME
32.0,52180,AGENT,858.944,98.8219,PIT
32.1,52180,AGENT,858.25,98.5856,PIT
32.2,52180,AGENT,857.556,98.3497,PIT
32.3,52180,AGENT,856.861,98.1142,PIT
32.4,52180,AGENT,856.165,97.8791,PIT
32.5,52180,AGENT,855.469,97.6441,PIT
32.6,52180,AGENT,854.773,97.4086,PIT
32.7,52180,AGENT,854.075,97.1721,PIT
32.8,52180,AGENT,853.377,96.9338,PIT
32.9,52180,AGENT,852.683,96.6956,PIT
33.0,52180,AGENT,851.991,96.455,PIT
33.1,52180,AGENT,851.295,96.2089,PIT
33.2,52180,AGENT,850.599,95.9584,PIT
33.3,52180,AGENT,849.905,95.7021,PIT
33.4,52180,AGENT,849.217,95.4427,PIT
33.5,52180,AGENT,848.538,95.1826,PIT
33.6,52180,AGENT,847.871,94.921,PIT
33.7,52180,AGENT,847.216,94.6568,PIT
33.8,52180,AGENT,846.574,94.3894,PIT
33.9,52180,AGENT,845.945,94.1178,PIT
34.0,52180,AGENT,845.331,93.8406,PIT
34.1,52180,AGENT,844.731,93.5561,PIT
34.2,52180,AGENT,844.146,93.2639,PIT
34.3,52180,AGENT,843.577,92.9592,PIT
34.4,52180,AGENT,843.024,92.6413,PIT
34.5,52180,AGENT,842.49,92.3137,PIT
34.6,52180,AGENT,841.975,91.9765,PIT
34.7,52180,AGENT,841.48,91.6302,PIT
34.8,52180,AGENT,841.007,91.2751,PIT
34.9,52180,AGENT,840.556,90.9119,PIT
35.0,52180,AGENT,840.128,90.5367,PIT
35.1,52180,AGENT,839.723,90.1459,PIT
35.2,52180,AGENT,839.341,89.7409,PIT
35.3,52180,AGENT,838.985,89.3228,PIT
35.4,52180,AGENT,838.653,88.8929,PIT
35.5,52180,AGENT,838.347,88.4478,PIT
35.6,52180,AGENT,838.068,87.9844,PIT
35.7,52180,AGENT,837.817,87.5044,PIT
35.8,52180,AGENT,837.593,87.009,PIT
35.9,52180,AGENT,837.396,86.4996,PIT
36.0,52180,AGENT,837.226,85.9776,PIT
36.1,52180,AGENT,837.082,85.4438,PIT
36.2,52180,AGENT,836.964,84.8994,PIT
36.3,52180,AGENT,836.871,84.3452,PIT
36.4,52180,AGENT,836.803,83.782,PIT
36.5,52180,AGENT,836.759,83.2105,PIT
36.6,52180,AGENT,836.739,82.6312,PIT
36.7,52180,AGENT,836.741,82.0446,PIT
36.8,52180,AGENT,836.765,81.451,PIT
36.9,52180,AGENT,836.81,80.8508,PIT
