TIMESTAMP,TRACK_ID,OBJECT_TYPE,X,Y,CITY_NAME
18.0,52180,AGENT,-339.067,1300.66,MIA
18.1,52180,AGENT,-339.011,1299.56,MIA
18.2,52180,AGENT,-338.954,1298.45,MIA
18.3,52180,AGENT,-338.897,1297.35,MIA
18.4,52180,AGENT,-338.841,1296.24,MIA
18.5,52180,AGENT,-338.784,1295.14,MIA
18.6,52180,AGENT,-338.728,1294.03,MIA
18.7,52180,AGENT,-338.671,1292.93,MIA
18.8,52180,AGENT,-338.615,1291.82,MIA
18.9,52180,AGENT,-338.559,1290.72,MIA
19.0,52180,AGENT,-338.502,1289.61,MIA
19.1,52180,AGENT,-338.446,1288.49,MIA
19.2,52180,AGENT,-338.389,1287.38,MIA
19.3,52180,AGENT,-338.332,1286.26,MIA
19.4,52180,AGENT,-338.276,1285.15,MIA
19.5,52180,AGENT,-338.219,1284.03,MIA
19.6,52180,AGENT,-338.163,1282.92,MIA
19.7,52180,AGENT,-338.106,1281.8,MIA
19.8,52180,AGENT,-338.05,1280.69,MIA
19.9,52180,AGENT,-337.993,1279.57,MIA
20.0,52180,AGENT,-337.936,1278.46,MIA
20.1,52180,AGENT,-337.879,1277.34,MIA
20.2,52180,AGENT,-337.822,1276.23,MIA
20.3,52180,AGENT,-337.765,1275.12,MIA
20.4,52180,AGENT,-337.707,1274.0,MIA
20.5,52180,AGENT,-337.65,1272.89,MIA
20.6,52180,AGENT,-337.592,1271.77,MIA
20.7,52180,AGENT,-337.533,1270.66,MIA
20.8,52180,AGENT,-337.475,1269.54,MIA
20.9,52180,AGENT,-337.416,1268.43,MIA
21.0,52180,AGENT,-337.357,1267.31,MIA
21.1,52180,AGENT,-337.297,1266.2,MIA
21.2,52180,AGENT,-337.238,1265.08,MIA
21.3,52180,AGENT,-337.178,1263.97,MIA
21.4,52180,AGENT,-337.117,1262.86,MIA
21.5,52180,AGENT,-337.057,1261.74,MIA
21.6,52180,AGENT,-336.996,1260.63,MIA
21.7,52180,AGENT,-336.936,1259.51,MIA
21.8,52180,AGENT,-336.875,1258.4,MIA
21.9,52180,AGENT,-336.814,1257.28,MIA
22.0,52180,AGENT,-336.753,1256.17,MIA
22.1,52180,AGENT,-336.692,1255.05,MIA
22.2,52180,AGENT,-336.631,1253.94,MIA
22.3,52180,AGENT,-336.57,1252.83,MIA
22.4,52180,AGENT,-336.509,1251.71,MIA
22.5,52180,AGENT,-336.448,1250.6,MIA
22.6,52180,AGENT,-336.388,1249.48,MIA
22.7,52180,AGENT,-336.328,1248.37,MIA
22.8,52180,AGENT,-336.268,1247.25,MIA
22.9,52180,AGENT,-336.209,1246.14,MIA
