TIMESTAMP,TRACK_ID,OBJECT_TYPE,X,Y,CITY_NAME
18.0,52180,AGENT,130.887,1516.34,MIA
18.1,52180,AGENT,131.22,1516.01,MIA
18.2,52180,AGENT,131.532,1515.66,MIA
18.3,52180,AGENT,131.823,1515.28,MIA
18.4,52180,AGENT,132.092,1514.88,MIA
18.5,52180,AGENT,132.342,1514.47,MIA
18.6,52180,AGENT,132.572,1514.04,MIA
18.7,52180,AGENT,132.783,1513.59,MIA
18.8,52180,AGENT,132.976,1513.13,MIA
18.9,52180,AGENT,133.152,1512.65,MIA
19.0,52180,AGENT,133.311,1512.16,MIA
19.1,52180,AGENT,133.456,1511.65,MIA
19.2,52180,AGENT,133.586,1511.14,MIA
19.3,52180,AGENT,133.702,1510.61,MIA
19.4,52180,AGENT,133.807,1510.07,MIA
19.5,52180,AGENT,133.899,1509.51,MIA
19.6,52180,AGENT,133.981,1508.95,MIA
19.7,52180,AGENT,134.054,1508.37,MIA
19.8,52180,AGENT,134.117,1507.79,MIA
19.9,52180,AGENT,134.173,1507.19,MIA
20.0,52180,AGENT,134.221,1506.58,MIA
20.1,52180,AGENT,134.263,1505.96,MIA
20.2,52180,AGENT,134.3,1505.34,MIA
20.3,52180,AGENT,134.331,1504.7,MIA
20.4,52180,AGENT,134.358,1504.05,MIA
20.5,52180,AGENT,134.381,1503.39,MIA
20.6,52180,AGENT,134.401,1502.72,MIA
20.7,52180,AGENT,134.419,1502.04,MIA
20.8,52180,AGENT,134.434,1501.35,MIA
20.9,52180,AGENT,134.447,1500.65,MIA
21.0,52180,AGENT,134.459,1499.94,MIA
21.1,52180,AGENT,134.47,1499.22,MIA
21.2,52180,AGENT,134.481,1498.49,MIA
21.3,52180,AGENT,134.491,1497.74,MIA
21.4,52180,AGENT,134.501,1496.99,MIA
21.5,52180,AGENT,134.511,1496.23,MIA
21.6,52180,AGENT,134.521,1495.45,MIA
21.7,52180,AGENT,134.532,1494.66,MIA
21.8,52180,AGENT,134.544,1493.87,MIA
21.9,52180,AGENT,134.557,1493.06,MIA
22.0,52180,AGENT,134.57,1492.24,MIA
22.1,52180,AGENT,134.585,1491.41,MIA
22.2,52180,AGENT,134.601,1490.57,MIA
22.3,52180,AGENT,134.618,1489.72,MIA
22.4,52180,AGENT,134.636,1488.86,MIA
22.5,52180,AGENT,134.655,1487.99,MIA
22.6,52180,AGENT,134.676,1487.1,MIA
22.7,52180,AGENT,134.697,1486.21,MIA
22.8,52180,AGENT,134.721,1485.3,MIA
22.9,52180,AGENT,134.745,1484.38,MIA
