TIMESTAMP,TRACK_ID,OBJECT_TYPE,X,Y,CITY_NAME
98.0,52180,AGENT,363.26,3753.07,MIA
98.1,52180,AGENT,363.273,3753.6,MIA
98.2,52180,AGENT,363.299,3754.13,MIA
98.3,52180,AGENT,363.338,3754.68,MIA
98.4,52180,AGENT,363.388,3755.23,MIA
98.5,52180,AGENT,363.449,3755.8,MIA
98.6,52180,AGENT,363.52,3756.37,MIA
98.7,52180,AGENT,363.601,3756.95,MIA
98.8,52180,AGENT,363.69,3757.54,MIA
98.9,52180,AGENT,363.787,3758.14,MIA
99.0,52180,AGENT,363.891,3758.75,MIA
99.1,52180,AGENT,364.002,3759.36,MIA
99.2,52180,AGENT,364.12,3759.99,MIA
99.3,52180,AGENT,364.242,3760.62,MIA
99.4,52180,AGENT,364.37,3761.27,MIA
99.5,52180,AGENT,364.502,3761.92,MIA
99.6,52180,AGENT,364.639,3762.59,MIA
99.7,52180,AGENT,364.78,3763.26,MIA
99.8,52180,AGENT,364.924,3763.94,MIA
99.9,52180,AGENT,365.071,3764.64,MIA
100.0,52180,AGENT,365.221,3765.34,MIA
100.1,52180,AGENT,365.374,3766.05,MIA
100.2,52180,AGENT,365.529,3766.78,MIA
100.3,52180,AGENT,365.687,3767.51,MIA
100.4,52180,AGENT,365.847,3768.25,MIA
100.5,52180,AGENT,366.01,3769.01,MIA
100.6,52180,AGENT,366.174,3769.77,MIA
100.7,52180,AGENT,366.341,3770.55,MIA
100.8,52180,AGENT,366.509,3771.34,MIA
100.9,52180,AGENT,366.679,3772.13,MIA
101.0,52180,AGENT,366.851,3772.94,MIA
101.1,52180,AGENT,367.025,3773.76,MIA
101.2,52180,AGENT,367.201,3774.59,MIA
101.3,52180,AGENT,367.379,3775.43,MIA
101.4,52180,AGENT,367.558,3776.28,MIA
101.5,52180,AGENT,367.739,3777.14,MIA
101.6,52180,AGENT,367.923,3778.02,MIA
101.7,52180,AGENT,368.108,3778.9,MIA
101.8,52180,AGENT,368.296,3779.8,MIA
101.9,52180,AGENT,368.485,3780.7,MIA
102.0,52180,AGENT,368.677,3781.62,MIA
102.1,52180,AGENT,368.871,3782.55,MIA
102.2,52180,AGENT,369.066,3783.5,MIA
102.3,52180,AGENT,369.265,3784.45,MIA
102.4,52180,AGENT,369.465,3785.41,MIA
102.5,52180,AGENT,369.667,3786.39,MIA
102.6,52180,AGENT,369.871,3787.37,MIA
102.7,52180,AGENT,370.077,3788.37,MIA
102.8,52180,AGENT,370.284,3789.37,MIA
102.9,52180,AGENT,370.494,3790.38,MIA
