TIMESTAMP,TRACK_ID,OBJECT_TYPE,X,Y,CITY_NAME
66.0,52180,AGENT,3257.25,1824.41,PIT
66.1,52180,AGENT,3257.46,1823.94,PIT
66.2,52180,AGENT,3257.65,1823.47,PIT
66.3,52180,AGENT,3257.8,1823.0,PIT
66.4,52180,AGENT,3257.93,1822.52,PIT
66.5,52180,AGENT,3258.02,1822.05,PIT
66.6,52180,AGENT,3258.08,1821.57,PIT
66.7,52180,AGENT,3258.11,1821.09,PIT
66.8,52180,AGENT,3258.1,1820.6,PIT
66.9,52180,AGENT,3258.07,1820.12,PIT
67.0,52180,AGENT,3258.0,1819.64,PIT
67.1,52180,AGENT,3257.9,1819.16,PIT
67.2,52180,AGENT,3257.78,1818.68,PIT
67.3,52180,AGENT,3257.63,1818.2,PIT
67.4,52180,AGENT,3257.45,1817.73,PIT
67.5,52180,AGENT,3257.25,1817.26,PIT
67.6,52180,AGENT,3257.03,1816.79,PIT
67.7,52180,AGENT,3256.78,1816.33,PIT
67.8,52180,AGENT,3256.51,1815.87,PIT
67.9,52180,AGENT,3256.23,1815.41,PIT
68.0,52180,AGENT,3255.92,1814.95,PIT
68.1,52180,AGENT,3255.59,1814.5,PIT
68.2,52180,AGENT,3255.25,1814.05,PIT
68.3,52180,AGENT,3254.89,1813.6,PIT
68.4,52180,AGENT,3254.51,1813.15,PIT
68.5,52180,AGENT,3254.12,1812.7,PIT
68.6,52180,AGENT,3253.71,1812.25,PIT
68.7,52180,AGENT,3253.29,1811.8,PIT
68.8,52180,AGENT,3252.86,1811.35,PIT
68.9,52180,AGENT,3252.41,1810.89,PIT
69.0,52180,AGENT,3251.96,1810.44,PIT
69.1,52180,AGENT,3251.49,1809.98,PIT
69.2,52180,AGENT,3251.01,1809.52,PIT
69.3,52180,AGENT,3250.52,1809.06,PIT
69.4,52180,AGENT,3250.02,1808.59,PIT
69.5,52180,AGENT,3249.5,1808.12,PIT
69.6,52180,AGENT,3248.98,1807.64,PIT
69.7,52180,AGENT,3248.45,1807.16,PIT
69.8,52180,AGENT,3247.92,1806.67,PIT
69.9,52180,AGENT,3247.37,1806.18,PIT
70.0,52180,AGENT,3246.81,1805.68,PIT
70.1,52180,AGENT,3246.25,1805.17,PIT
70.2,52180,AGENT,3245.67,1804.66,PIT
70.3,52180,AGENT,3245.09,1804.14,PIT
70.4,52180,AGENT,3244.5,1803.61,PIT
70.5,52180,AGENT,3243.9,1803.08,PIT
70.6,52180,AGENT,3243.29,1802.54,PIT
70.7,52180,AGENT,3242.68,1801.99,PIT
70.8,52180,AGENT,3242.06,1801.43,PIT
70.9,52180,AGENT,3241.43,1800.87,PIT
