TIMESTAMP,TRACK_ID,OBJECT_TYPE,X,Y,CITY_NAME
10.0,52180,AGENT,772.259,-31.5627,PIT
10.1,52180,AGENT,771.589,-32.0542,PIT
10.2,52180,AGENT,770.934,-32.5622,PIT
10.3,52180,AGENT,770.291,-33.0904,PIT
10.4,52180,AGENT,769.658,-33.6427,PIT
10.5,52180,AGENT,769.037,-34.2185,PIT
10.6,52180,AGENT,768.427,-34.8171,PIT
10.7,52180,AGENT,767.829,-35.4385,PIT
10.8,52180,AGENT,767.242,-36.0824,PIT
10.9,52180,AGENT,766.668,-36.7432,PIT
11.0,52180,AGENT,766.111,-37.416,PIT
11.1,52180,AGENT,765.568,-38.1001,PIT
11.2,52180,AGENT,765.04,-38.7952,PIT
11.3,52180,AGENT,764.526,-39.5057,PIT
11.4,52180,AGENT,764.022,-40.2356,PIT
11.5,52180,AGENT,763.529,-40.9844,PIT
11.6,52180,AGENT,763.046,-41.7516,PIT
11.7,52180,AGENT,762.573,-42.5367,PIT
11.8,52180,AGENT,762.108,-43.3394,PIT
11.9,52180,AGENT,761.653,-44.1578,PIT
12.0,52180,AGENT,761.207,-44.9902,PIT
12.1,52180,AGENT,760.77,-45.8362,PIT
12.2,52180,AGENT,760.34,-46.6953,PIT
12.3,52180,AGENT,759.917,-47.5674,PIT
12.4,52180,AGENT,759.499,-48.4523,PIT
12.5,52180,AGENT,759.086,-49.3496,PIT
12.6,52180,AGENT,758.677,-50.2597,PIT
12.7,52180,AGENT,758.269,-51.1823,PIT
12.8,52180,AGENT,757.864,-52.1159,PIT
12.9,52180,AGENT,757.462,-53.0567,PIT
13.0,52180,AGENT,757.063,-54.001,PIT
13.1,52180,AGENT,756.666,-54.9486,PIT
13.2,52180,AGENT,756.272,-55.899,PIT
13.3,52180,AGENT,755.879,-56.8518,PIT
13.4,52180,AGENT,755.486,-57.8069,PIT
13.5,52180,AGENT,755.092,-58.7673,PIT
13.6,52180,AGENT,754.693,-59.736,PIT
13.7,52180,AGENT,754.289,-60.7127,PIT
13.8,52180,AGENT,753.88,-61.6972,PIT
13.9,52180,AGENT,753.466,-62.6893,PIT
14.0,52180,AGENT,753.045,-63.6889,PIT
14.1,52180,AGENT,752.618,-64.6958,PIT
14.2,52180,AGENT,752.186,-65.7055,PIT
14.3,52180,AGENT,751.751,-66.7139,PIT
14.4,52180,AGENT,751.313,-67.7208,PIT
14.5,52180,AGENT,750.87,-68.7306,PIT
14.6,52180,AGENT,750.422,-69.7431,PIT
14.7,52180,AGENT,749.969,-70.7585,PIT
14.8,52180,AGENT,749.51,-71.7765,PIT
14.9,52180,AGENT,749.049,-72.793,PIT
