TIMESTAMP,TRACK_ID,OBJECT_TYPE,X,Y,CITY_NAME
42.0,52180,AGENT,-235.021,1983.75,MIA
42.1,52180,AGENT,-235.039,1984.61,MIA
42.2,52180,AGENT,-235.057,1985.46,MIA
42.3,52180,AGENT,-235.075,1986.3,MIA
42.4,52180,AGENT,-235.093,1987.12,MIA
42.5,52180,AGENT,-235.111,1987.94,MIA
42.6,52180,AGENT,-235.129,1988.75,MIA
42.7,52180,AGENT,-235.147,1989.55,MIA
42.8,52180,AGENT,-235.165,1990.33,MIA
42.9,52180,AGENT,-235.183,1991.11,MIA
43.0,52180,AGENT,-235.201,1991.87,MIA
43.1,52180,AGENT,-235.219,1992.63,MIA
43.2,52180,AGENT,-235.238,1993.37,MIA
43.3,52180,AGENT,-235.257,1994.11,MIA
43.4,52180,AGENT,-235.279,1994.85,MIA
43.5,52180,AGENT,-235.301,1995.59,MIA
43.6,52180,AGENT,-235.324,1996.33,MIA
43.7,52180,AGENT,-235.349,1997.07,MIA
43.8,52180,AGENT,-235.375,1997.8,MIA
43.9,52180,AGENT,-235.402,1998.53,MIA
44.0,52180,AGENT,-235.431,1999.26,MIA
44.1,52180,AGENT,-235.461,1999.99,MIA
44.2,52180,AGENT,-235.492,2000.72,MIA
44.3,52180,AGENT,-235.525,2001.46,MIA
44.4,52180,AGENT,-235.558,2002.19,MIA
44.5,52180,AGENT,-235.591,2002.92,MIA
44.6,52180,AGENT,-235.624,2003.64,MIA
44.7,52180,AGENT,-235.656,2004.36,MIA
44.8,52180,AGENT,-235.687,2005.06,MIA
44.9,52180,AGENT,-235.718,2005.76,MIA
45.0,52180,AGENT,-235.745,2006.46,MIA
45.1,52180,AGENT,-235.766,2007.15,MIA
45.2,52180,AGENT,-235.782,2007.84,MIA
45.3,52180,AGENT,-235.788,2008.52,MIA
45.4,52180,AGENT,-235.785,2009.2,MIA
45.5,52180,AGENT,-235.773,2009.88,MIA
45.6,52180,AGENT,-235.753,2010.53,MIA
45.7,52180,AGENT,-235.722,2011.18,MIA
45.8,52180,AGENT,-235.681,2011.81,MIA
45.9,52180,AGENT,-235.63,2012.43,MIA
46.0,52180,AGENT,-235.574,2013.02,MIA
46.1,52180,AGENT,-235.505,2013.59,MIA
46.2,52180,AGENT,-235.42,2014.15,MIA
46.3,52180,AGENT,-235.319,2014.69,MIA
46.4,52180,AGENT,-235.201,2015.21,MIA
46.5,52180,AGENT,-235.068,2015.7,MIA
46.6,52180,AGENT,-234.919,2016.18,MIA
46.7,52180,AGENT,-234.755,2016.63,MIA
46.8,52180,AGENT,-234.571,2017.06,MIA
46.9,52180,AGENT,-234.364,2017.47,MIA
