TIMESTAMP,TRACK_ID,OBJECT_TYPE,X,Y,CITY_NAME
90.0,52180,AGENT,-251.177,2981.45,MIA
90.1,52180,AGENT,-251.928,2981.41,MIA
90.2,52180,AGENT,-252.671,2981.37,MIA
90.3,52180,AGENT,-253.409,2981.34,MIA
90.4,52180,AGENT,-254.146,2981.31,MIA
90.5,52180,AGENT,-254.88,2981.29,MIA
90.6,52180,AGENT,-255.613,2981.28,MIA
90.7,52180,AGENT,-256.339,2981.28,MIA
90.8,52180,AGENT,-257.054,2981.28,MIA
90.9,52180,AGENT,-257.759,2981.29,MIA
91.0,52180,AGENT,-258.452,2981.31,MIA
91.1,52180,AGENT,-259.134,2981.34,MIA
91.2,52180,AGENT,-259.805,2981.38,MIA
91.3,52180,AGENT,-260.462,2981.44,MIA
91.4,52180,AGENT,-261.107,2981.51,MIA
91.5,52180,AGENT,-261.738,2981.6,MIA
91.6,52180,AGENT,-262.355,2981.7,MIA
91.7,52180,AGENT,-262.955,2981.82,MIA
91.8,52180,AGENT,-263.539,2981.96,MIA
91.9,52180,AGENT,-264.105,2982.11,MIA
92.0,52180,AGENT,-264.653,2982.28,MIA
92.1,52180,AGENT,-265.182,2982.47,MIA
92.2,52180,AGENT,-265.695,2982.68,MIA
92.3,52180,AGENT,-266.19,2982.92,MIA
92.4,52180,AGENT,-266.666,2983.18,MIA
92.5,52180,AGENT,-267.123,2983.46,MIA
92.6,52180,AGENT,-267.562,2983.77,MIA
92.7,52180,AGENT,-267.982,2984.11,MIA
92.8,52180,AGENT,-268.382,2984.47,MIA
92.9,52180,AGENT,-268.763,2984.86,MIA
93.0,52180,AGENT,-269.124,2985.27,MIA
93.1,52180,AGENT,-269.465,2985.7,MIA
93.2,52180,AGENT,-269.785,2986.15,MIA
93.3,52180,AGENT,-270.087,2986.63,MIA
93.4,52180,AGENT,-270.368,2987.11,MIA
93.5,52180,AGENT,-270.631,2987.62,MIA
93.6,52180,AGENT,-270.875,2988.14,MIA
93.7,52180,AGENT,-271.102,2988.68,MIA
93.8,52180,AGENT,-271.311,2989.24,MIA
93.9,52180,AGENT,-271.503,2989.8,MIA
94.0,52180,AGENT,-271.679,2990.39,MIA
94.1,52180,AGENT,-271.84,2990.98,MIA
94.2,52180,AGENT,-271.986,2991.59,MIA
94.3,52180,AGENT,-272.119,2992.21,MIA
94.4,52180,AGENT,-272.24,2992.84,MIA
94.5,52180,AGENT,-272.348,2993.48,MIA
94.6,52180,AGENT,-272.446,2994.14,MIA
94.7,52180,AGENT,-272.533,2994.8,MIA
94.8,52180,AGENT,-272.611,2995.48,MIA
94.9,52180,AGENT,-272.681,2996.17,MIA
