TIMESTAMP,TRACK_ID,OBJECT_TYPE,X,Y,CITY_NAME
116.0,52180,AGENT,2587.59,1331.72,PIT
116.1,52180,AGENT,2588.4,1332.48,PIT
116.2,52180,AGENT,2589.21,1333.24,PIT
116.3,52180,AGENT,2590.02,1334.01,PIT
116.4,52180,AGENT,2590.83,1334.77,PIT
116.5,52180,AGENT,2591.64,1335.53,PIT
116.6,52180,AGENT,2592.45,1336.29,PIT
116.7,52180,AGENT,2593.26,1337.06,PIT
116.8,52180,AGENT,2594.07,1337.82,PIT
116.9,52180,AGENT,2594.89,1338.58,PIT
117.0,52180,AGENT,2595.7,1339.35,PIT
117.1,52180,AGENT,2596.51,1340.11,PIT
117.2,52180,AGENT,2597.32,1340.87,PIT
117.3,52180,AGENT,2598.13,1341.63,PIT
117.4,52180,AGENT,2598.94,1342.4,PIT
117.5,52180,AGENT,2599.75,1343.16,PIT
117.6,52180,AGENT,2600.56,1343.92,PIT
117.7,52180,AGENT,2601.37,1344.68,PIT
117.8,52180,AGENT,2602.18,1345.45,PIT
117.9,52180,AGENT,2602.99,1346.21,PIT
118.0,52180,AGENT,2603.81,1346.97,PIT
118.1,52180,AGENT,2604.62,1347.73,PIT
118.2,52180,AGENT,2605.43,1348.49,PIT
118.3,52180,AGENT,2606.24,1349.25,PIT
118.4,52180,AGENT,2607.05,1350.01,PIT
118.5,52180,AGENT,2607.87,1350.77,PIT
118.6,52180,AGENT,2608.68,1351.53,PIT
118.7,52180,AGENT,2609.49,1352.29,PIT
118.8,52180,AGENT,2610.31,1353.05,PIT
118.9,52180,AGENT,2611.12,1353.81,PIT
119.0,52180,AGENT,2611.93,1354.57,PIT
119.1,52180,AGENT,2612.75,1355.33,PIT
119.2,52180,AGENT,2613.56,1356.09,PIT
119.3,52180,AGENT,2614.38,1356.85,PIT
119.4,52180,AGENT,2615.19,1357.61,PIT
119.5,52180,AGENT,2616.01,1358.37,PIT
119.6,52180,AGENT,2616.82,1359.13,PIT
119.7,52180,AGENT,2617.63,1359.88,PIT
119.8,52180,AGENT,2618.45,1360.64,PIT
119.9,52180,AGENT,2619.26,1361.4,PIT
120.0,52180,AGENT,2620.08,1362.16,PIT
120.1,52180,AGENT,2620.89,1362.92,PIT
120.2,52180,AGENT,2621.71,1363.68,PIT
120.3,52180,AGENT,2622.52,1364.43,PIT
120.4,52180,AGENT,2623.34,1365.19,PIT
120.5,52180,AGENT,2624.15,1365.95,PIT
120.6,52180,AGENT,2624.97,1366.71,PIT
120.7,52180,AGENT,2625.78,1367.47,PIT
120.8,52180,AGENT,2626.6,1368.22,PIT
120.9,52180,AGENT,2627.41,1368.98,PIT
