TIMESTAMP,TRACK_ID,OBJECT_TYPE,X,Y,CITY_NAME
0.0,52180,AGENT,4187.31,2545.8,PIT
0.1,52180,AGENT,4187.9,2545.94,PIT
0.2,52180,AGENT,4188.5,2546.08,PIT
0.3,52180,AGENT,4189.1,2546.22,PIT
0.4,52180,AGENT,4189.72,2546.37,PIT
0.5,52180,AGENT,4190.35,2546.52,PIT
0.6,52180,AGENT,4190.99,2546.67,PIT
0.7,52180,AGENT,4191.64,2546.83,PIT
0.8,52180,AGENT,4192.3,2546.98,PIT
0.9,52180,AGENT,4192.97,2547.14,PIT
1.0,52180,AGENT,4193.65,2547.3,PIT
1.1,52180,AGENT,4194.34,2547.46,PIT
1.2,52180,AGENT,4195.04,2547.62,PIT
1.3,52180,AGENT,4195.74,2547.79,PIT
1.4,52180,AGENT,4196.46,2547.96,PIT
1.5,52180,AGENT,4197.19,2548.13,PIT
1.6,52180,AGENT,4197.93,2548.3,PIT
1.7,52180,AGENT,4198.69,2548.47,PIT
1.8,52180,AGENT,4199.45,2548.65,PIT
1.9,52180,AGENT,4200.22,2548.83,PIT
2.0,52180,AGENT,4201.0,2549.01,PIT
2.1,52180,AGENT,4201.8,2549.19,PIT
2.2,52180,AGENT,4202.6,2549.38,PIT
2.3,52180,AGENT,4203.42,2549.57,PIT
2.4,52180,AGENT,4204.24,2549.76,PIT
2.5,52180,AGENT,4205.08,2549.95,PIT
2.6,52180,AGENT,4205.93,2550.14,PIT
2.7,52180,AGENT,4206.79,2550.34,PIT
2.8,52180,AGENT,4207.66,2550.54,PIT
2.9,52180,AGENT,4208.54,2550.74,PIT
3.0,52180,AGENT,4209.43,2550.95,PIT
3.1,52180,AGENT,4210.33,2551.16,PIT
3.2,52180,AGENT,4211.25,2551.37,PIT
3.3,52180,AGENT,4212.17,2551.58,PIT
3.4,52180,AGENT,4213.11,2551.79,PIT
3.5,52180,AGENT,4214.06,2552.01,PIT
3.6,52180,AGENT,4215.02,2552.23,PIT
3.7,52180,AGENT,4215.99,2552.46,PIT
3.8,52180,AGENT,4216.97,2552.68,PIT
3.9,52180,AGENT,4217.96,2552.91,PIT
4.0,52180,AGENT,4218.95,2553.14,PIT
4.1,52180,AGENT,4219.96,2553.37,PIT
4.2,52180,AGENT,4220.98,2553.6,PIT
4.3,52180,AGENT,4222.0,2553.83,PIT
4.4,52180,AGENT,4223.04,2554.07,PIT
4.5,52180,AGENT,4224.08,2554.31,PIT
4.6,52180,AGENT,4225.14,2554.55,PIT
4.7,52180,AGENT,4226.2,2554.79,PIT
4.8,52180,AGENT,4227.27,2555.04,PIT
4.9,52180,AGENT,4228.35,2555.29,PIT
