TIMESTAMP,TRACK_ID,OBJECT_TYPE,X,Y,CITY_NAME
38.0,52180,AGENT,18.5017,2470.09,MIA
38.1,52180,AGENT,17.4561,2470.05,MIA
38.2,52180,AGENT,16.4219,2470.01,MIA
38.3,52180,AGENT,15.3987,2469.97,MIA
38.4,52180,AGENT,14.3864,2469.93,MIA
38.5,52180,AGENT,13.385,2469.89,MIA
38.6,52180,AGENT,12.3945,2469.85,MIA
38.7,52180,AGENT,11.4148,2469.81,MIA
38.8,52180,AGENT,10.4513,2469.78,MIA
38.9,52180,AGENT,9.50888,2469.74,MIA
39.0,52180,AGENT,8.58212,2469.7,MIA
39.1,52180,AGENT,7.6713,2469.67,MIA
39.2,52180,AGENT,6.78167,2469.63,MIA
39.3,52180,AGENT,5.90787,2469.6,MIA
39.4,52180,AGENT,5.05019,2469.56,MIA
39.5,52180,AGENT,4.20835,2469.53,MIA
39.6,52180,AGENT,3.38263,2469.5,MIA
39.7,52180,AGENT,2.57274,2469.46,MIA
39.8,52180,AGENT,1.77897,2469.43,MIA
39.9,52180,AGENT,1.00109,2469.4,MIA
40.0,52180,AGENT,0.23296,2469.37,MIA
40.1,52180,AGENT,-0.526583,2469.34,MIA
40.2,52180,AGENT,-1.27758,2469.3,MIA
40.3,52180,AGENT,-2.02005,2469.27,MIA
40.4,52180,AGENT,-2.75256,2469.24,MIA
40.5,52180,AGENT,-3.47371,2469.21,MIA
40.6,52180,AGENT,-4.18378,2469.18,MIA
40.7,52180,AGENT,-4.88299,2469.15,MIA
40.8,52180,AGENT,-5.57813,2469.12,MIA
40.9,52180,AGENT,-6.27579,2469.08,MIA
41.0,52180,AGENT,-6.97462,2469.05,MIA
41.1,52180,AGENT,-7.67345,2469.01,MIA
41.2,52180,AGENT,-8.36848,2468.98,MIA
41.3,52180,AGENT,-9.05597,2468.94,MIA
41.4,52180,AGENT,-9.73439,2468.9,MIA
41.5,52180,AGENT,-10.4023,2468.87,MIA
41.6,52180,AGENT,-11.073,2468.83,MIA
41.7,52180,AGENT,-11.7573,2468.79,MIA
41.8,52180,AGENT,-12.45,2468.74,MIA
41.9,52180,AGENT,-13.1479,2468.7,MIA
42.0,52180,AGENT,-13.8472,2468.65,MIA
42.1,52180,AGENT,-14.5428,2468.6,MIA
42.2,52180,AGENT,-15.2317,2468.55,MIA
42.3,52180,AGENT,-15.9121,2468.5,MIA
42.4,52180,AGENT,-16.5843,2468.46,MIA
42.5,52180,AGENT,-17.2486,2468.41,MIA
42.6,52180,AGENT,-17.9085,2468.37,MIA
42.7,52180,AGENT,-18.5716,2468.33,MIA
42.8,52180,AGENT,-19.2407,2468.3,MIA
42.9,52180,AGENT,-19.9104,2468.29,MIA
