TIMESTAMP,TRACK_ID,OBJECT_TYPE,X,Y,CITY_NAME
74.0,52180,AGENT,719.45,3166.74,MIA
74.1,52180,AGENT,719.363,3167.88,MIA
74.2,52180,AGENT,719.275,3169.02,MIA
74.3,52180,AGENT,719.188,3170.15,MIA
74.4,52180,AGENT,719.1,3171.29,MIA
74.5,52180,AGENT,719.012,3172.43,MIA
74.6,52180,AGENT,718.924,3173.57,MIA
74.7,52180,AGENT,718.835,3174.71,MIA
74.8,52180,AGENT,718.746,3175.85,MIA
74.9,52180,AGENT,718.656,3176.99,MIA
75.0,52180,AGENT,718.567,3178.13,MIA
75.1,52180,AGENT,718.476,3179.27,MIA
75.2,52180,AGENT,718.386,3180.41,MIA
75.3,52180,AGENT,718.295,3181.55,MIA
75.4,52180,AGENT,718.204,3182.69,MIA
75.5,52180,AGENT,718.113,3183.83,MIA
75.6,52180,AGENT,718.022,3184.97,MIA
75.7,52180,AGENT,717.931,3186.11,MIA
75.8,52180,AGENT,717.841,3187.25,MIA
75.9,52180,AGENT,717.75,3188.39,MIA
76.0,52180,AGENT,717.659,3189.52,MIA
76.1,52180,AGENT,717.568,3190.66,MIA
76.2,52180,AGENT,717.477,3191.8,MIA
76.3,52180,AGENT,717.387,3192.94,MIA
76.4,52180,AGENT,717.296,3194.08,MIA
76.5,52180,AGENT,717.205,3195.22,MIA
76.6,52180,AGENT,717.115,3196.36,MIA
76.7,52180,AGENT,717.025,3197.5,MIA
76.8,52180,AGENT,716.935,3198.64,MIA
76.9,52180,AGENT,716.844,3199.78,MIA
77.0,52180,AGENT,716.754,3200.92,MIA
77.1,52180,AGENT,716.664,3202.06,MIA
77.2,52180,AGENT,716.574,3203.2,MIA
77.3,52180,AGENT,716.485,3204.34,MIA
77.4,52180,AGENT,716.395,3205.48,MIA
77.5,52180,AGENT,716.305,3206.61,MIA
77.6,52180,AGENT,716.216,3207.75,MIA
77.7,52180,AGENT,716.126,3208.89,MIA
77.8,52180,AGENT,716.037,3210.03,MIA
77.9,52180,AGENT,715.948,3211.17,MIA
78.0,52180,AGENT,715.859,3212.31,MIA
78.1,52180,AGENT,715.77,3213.45,MIA
78.2,52180,AGENT,715.681,3214.59,MIA
78.3,52180,AGENT,715.592,3215.73,MIA
78.4,52180,AGENT,715.504,3216.87,MIA
78.5,52180,AGENT,715.416,3218.01,MIA
78.6,52180,AGENT,715.328,3219.15,MIA
78.7,52180,AGENT,715.24,3220.29,MIA
78.8,52180,AGENT,715.152,3221.43,MIA
78.9,52180,AGENT,715.064,3222.57,MIA
