TIMESTAMP,TRACK_ID,OBJECT_TYPE,X,Y,CITY_NAME
2.0,52180,AGENT,792.191,2849.37,MIA
2.1,52180,AGENT,793.002,2849.39,MIA
2.2,52180,AGENT,793.824,2849.42,MIA
2.3,52180,AGENT,794.657,2849.45,MIA
2.4,52180,AGENT,795.499,2849.47,MIA
2.5,52180,AGENT,796.352,2849.5,MIA
2.6,52180,AGENT,797.216,2849.52,MIA
2.7,52180,AGENT,798.091,2849.55,MIA
2.8,52180,AGENT,798.977,2849.57,MIA
2.9,52180,AGENT,799.875,2849.6,MIA
3.0,52180,AGENT,800.784,2849.62,MIA
3.1,52180,AGENT,801.704,2849.64,MIA
3.2,52180,AGENT,802.635,2849.66,MIA
3.3,52180,AGENT,803.576,2849.68,MIA
3.4,52180,AGENT,804.529,2849.7,MIA
3.5,52180,AGENT,805.492,2849.71,MIA
3.6,52180,AGENT,806.468,2849.73,MIA
3.7,52180,AGENT,807.454,2849.75,MIA
3.8,52180,AGENT,808.448,2849.76,MIA
3.9,52180,AGENT,809.454,2849.77,MIA
4.0,52180,AGENT,810.471,2849.78,MIA
4.1,52180,AGENT,811.5,2849.8,MIA
4.2,52180,AGENT,812.54,2849.81,MIA
4.3,52180,AGENT,813.592,2849.82,MIA
4.4,52180,AGENT,814.655,2849.83,MIA
4.5,52180,AGENT,815.729,2849.84,MIA
4.6,52180,AGENT,816.813,2849.85,MIA
4.7,52180,AGENT,817.901,2849.86,MIA
4.8,52180,AGENT,818.988,2849.87,MIA
4.9,52180,AGENT,820.08,2849.88,MIA
5.0,52180,AGENT,821.181,2849.89,MIA
5.1,52180,AGENT,822.292,2849.9,MIA
5.2,52180,AGENT,823.412,2849.91,MIA
5.3,52180,AGENT,824.541,2849.93,MIA
5.4,52180,AGENT,825.68,2849.94,MIA
5.5,52180,AGENT,826.829,2849.96,MIA
5.6,52180,AGENT,827.982,2849.98,MIA
5.7,52180,AGENT,829.133,2850.0,MIA
5.8,52180,AGENT,830.284,2850.02,MIA
5.9,52180,AGENT,831.44,2850.05,MIA
6.0,52180,AGENT,832.605,2850.07,MIA
6.1,52180,AGENT,833.779,2850.1,MIA
6.2,52180,AGENT,834.963,2850.13,MIA
6.3,52180,AGENT,836.156,2850.17,MIA
6.4,52180,AGENT,837.358,2850.2,MIA
6.5,52180,AGENT,838.565,2850.24,MIA
6.6,52180,AGENT,839.772,2850.27,MIA
6.7,52180,AGENT,840.979,2850.31,MIA
6.8,52180,AGENT,842.185,2850.36,MIA
6.9,52180,AGENT,843.392,2850.4,MIA
