TIMESTAMP,TRACK_ID,OBJECT_TYPE,X,Y,CITY_NAME
6.0,52180,AGENT,2971.02,1657.36,PIT
6.1,52180,AGENT,2971.6,1656.76,PIT
6.2,52180,AGENT,2972.19,1656.15,PIT
6.3,52180,AGENT,2972.79,1655.54,PIT
6.4,52180,AGENT,2973.39,1654.92,PIT
6.5,52180,AGENT,2974.0,1654.29,PIT
6.6,52180,AGENT,2974.62,1653.65,PIT
6.7,52180,AGENT,2975.24,1653.0,PIT
6.8,52180,AGENT,2975.88,1652.34,PIT
6.9,52180,AGENT,2976.51,1651.68,PIT
7.0,52180,AGENT,2977.16,1651.0,PIT
7.1,52180,AGENT,2977.81,1650.32,PIT
7.2,52180,AGENT,2978.47,1649.63,PIT
7.3,52180,AGENT,2979.14,1648.93,PIT
7.4,52180,AGENT,2979.81,1648.22,PIT
7.5,52180,AGENT,2980.48,1647.51,PIT
7.6,52180,AGENT,2981.17,1646.79,PIT
7.7,52180,AGENT,2981.85,1646.06,PIT
7.8,52180,AGENT,2982.53,1645.33,PIT
7.9,52180,AGENT,2983.22,1644.61,PIT
8.0,52180,AGENT,2983.9,1643.88,PIT
8.1,52180,AGENT,2984.58,1643.15,PIT
8.2,52180,AGENT,2985.26,1642.42,PIT
8.3,52180,AGENT,2985.94,1641.69,PIT
8.4,52180,AGENT,2986.62,1640.96,PIT
8.5,52180,AGENT,2987.3,1640.24,PIT
8.6,52180,AGENT,2987.97,1639.52,PIT
8.7,52180,AGENT,2988.63,1638.81,PIT
8.8,52180,AGENT,2989.28,1638.1,PIT
8.9,52180,AGENT,2989.93,1637.4,PIT
9.0,52180,AGENT,2990.58,1636.71,PIT
9.1,52180,AGENT,2991.21,1636.02,PIT
9.2,52180,AGENT,2991.84,1635.34,PIT
9.3,52180,AGENT,2992.46,1634.67,PIT
9.4,52180,AGENT,2993.08,1634.0,PIT
9.5,52180,AGENT,2993.68,1633.35,PIT
9.6,52180,AGENT,2994.28,1632.7,PIT
9.7,52180,AGENT,2994.87,1632.06,PIT
9.8,52180,AGENT,2995.45,1631.43,PIT
9.9,52180,AGENT,2996.02,1630.81,PIT
10.0,52180,AGENT,2996.59,1630.2,PIT
10.1,52180,AGENT,2997.15,1629.59,PIT
10.2,52180,AGENT,2997.72,1628.98,PIT
10.3,52180,AGENT,2998.28,1628.37,PIT
10.4,52180,AGENT,2998.83,1627.77,PIT
10.5,52180,AGENT,2999.38,1627.18,PIT
10.6,52180,AGENT,2999.92,1626.59,PIT
10.7,52180,AGENT,3000.46,1626.01,PIT
10.8,52180,AGENT,3000.99,1625.43,PIT
10.9,52180,AGENT,3001.51,1624.87,PIT
