TIMESTAMP,TRACK_ID,OBJECT_TYPE,X,Y,CITY_NAME
50.0,52180,AGENT,1421.54,-155.139,PIT
50.1,52180,AGENT,1421.85,-154.497,PIT
50.2,52180,AGENT,1422.16,-153.844,PIT
50.3,52180,AGENT,1422.48,-153.181,PIT
50.4,52180,AGENT,1422.79,-152.509,PIT
50.5,52180,AGENT,1423.11,-151.826,PIT
50.6,52180,AGENT,1423.44,-151.134,PIT
50.7,52180,AGENT,1423.76,-150.432,PIT
50.8,52180,AGENT,1424.09,-149.721,PIT
50.9,52180,AGENT,1424.43,-149.001,PIT
51.0,52180,AGENT,1424.77,-148.272,PIT
51.1,52180,AGENT,1425.11,-147.533,PIT
51.2,52180,AGENT,1425.46,-146.786,PIT
51.3,52180,AGENT,1425.82,-146.029,PIT
51.4,52180,AGENT,1426.18,-145.263,PIT
51.5,52180,AGENT,1426.54,-144.487,PIT
51.6,52180,AGENT,1426.92,-143.702,PIT
51.7,52180,AGENT,1427.29,-142.908,PIT
51.8,52180,AGENT,1427.68,-142.104,PIT
51.9,52180,AGENT,1428.06,-141.292,PIT
52.0,52180,AGENT,1428.46,-140.469,PIT
52.1,52180,AGENT,1428.86,-139.638,PIT
52.2,52180,AGENT,1429.26,-138.797,PIT
52.3,52180,AGENT,1429.67,-137.947,PIT
52.4,52180,AGENT,1430.09,-137.088,PIT
52.5,52180,AGENT,1430.51,-136.22,PIT
52.6,52180,AGENT,1430.94,-135.341,PIT
52.7,52180,AGENT,1431.38,-134.453,PIT
52.8,52180,AGENT,1431.82,-133.555,PIT
52.9,52180,AGENT,1432.27,-132.647,PIT
53.0,52180,AGENT,1432.72,-131.729,PIT
53.1,52180,AGENT,1433.18,-130.801,PIT
53.2,52180,AGENT,1433.64,-129.862,PIT
53.3,52180,AGENT,1434.11,-128.914,PIT
53.4,52180,AGENT,1434.59,-127.955,PIT
53.5,52180,AGENT,1435.07,-126.987,PIT
53.6,52180,AGENT,1435.55,-126.009,PIT
53.7,52180,AGENT,1436.04,-125.022,PIT
53.8,52180,AGENT,1436.54,-124.028,PIT
53.9,52180,AGENT,1437.04,-123.024,PIT
54.0,52180,AGENT,1437.54,-122.013,PIT
54.1,52180,AGENT,1438.05,-120.993,PIT
54.2,52180,AGENT,1438.56,-119.965,PIT
54.3,52180,AGENT,1439.08,-118.928,PIT
54.4,52180,AGENT,1439.6,-117.882,PIT
54.5,52180,AGENT,1440.13,-116.829,PIT
54.6,52180,AGENT,1440.66,-115.766,PIT
54.7,52180,AGENT,1441.19,-114.7,PIT
54.8,52180,AGENT,1441.72,-113.629,PIT
54.9,52180,AGENT,1442.26,-112.549,PIT
