TIMESTAMP,TRACK_ID,OBJECT_TYPE,X,Y,CITY_NAME
30.0,52180,AGENT,-240.663,2459.32,MIA
30.1,52180,AGENT,-241.201,2459.52,MIA
30.2,52180,AGENT,-241.731,2459.74,MIA
30.3,52180,AGENT,-242.253,2459.97,MIA
30.4,52180,AGENT,-242.766,2460.22,MIA
30.5,52180,AGENT,-243.275,2460.49,MIA
30.6,52180,AGENT,-243.783,2460.77,MIA
30.7,52180,AGENT,-244.292,2461.08,MIA
30.8,52180,AGENT,-244.801,2461.4,MIA
30.9,52180,AGENT,-245.31,2461.75,MIA
31.0,52180,AGENT,-245.817,2462.1,MIA
31.1,52180,AGENT,-246.32,2462.47,MIA
31.2,52180,AGENT,-246.817,2462.84,MIA
31.3,52180,AGENT,-247.309,2463.22,MIA
31.4,52180,AGENT,-247.797,2463.61,MIA
31.5,52180,AGENT,-248.287,2464.0,MIA
31.6,52180,AGENT,-248.782,2464.39,MIA
31.7,52180,AGENT,-249.285,2464.79,MIA
31.8,52180,AGENT,-249.799,2465.19,MIA
31.9,52180,AGENT,-250.322,2465.59,MIA
32.0,52180,AGENT,-250.852,2465.99,MIA
32.1,52180,AGENT,-251.384,2466.38,MIA
32.2,52180,AGENT,-251.918,2466.76,MIA
32.3,52180,AGENT,-252.451,2467.13,MIA
32.4,52180,AGENT,-252.977,2467.49,MIA
32.5,52180,AGENT,-253.499,2467.84,MIA
32.6,52180,AGENT,-254.02,2468.18,MIA
32.7,52180,AGENT,-254.546,2468.5,MIA
32.8,52180,AGENT,-255.082,2468.81,MIA
32.9,52180,AGENT,-255.632,2469.1,MIA
33.0,52180,AGENT,-256.196,2469.38,MIA
33.1,52180,AGENT,-256.775,2469.63,MIA
33.2,52180,AGENT,-257.369,2469.88,MIA
33.3,52180,AGENT,-257.976,2470.1,MIA
33.4,52180,AGENT,-258.597,2470.3,MIA
33.5,52180,AGENT,-259.231,2470.49,MIA
33.6,52180,AGENT,-259.878,2470.66,MIA
33.7,52180,AGENT,-260.538,2470.82,MIA
33.8,52180,AGENT,-261.21,2470.96,MIA
33.9,52180,AGENT,-261.894,2471.08,MIA
34.0,52180,AGENT,-262.589,2471.19,MIA
34.1,52180,AGENT,-263.296,2471.28,MIA
34.2,52180,AGENT,-264.014,2471.36,MIA
34.3,52180,AGENT,-264.742,2471.43,MIA
34.4,52180,AGENT,-265.481,2471.49,MIA
34.5,52180,AGENT,-266.23,2471.53,MIA
34.6,52180,AGENT,-266.99,2471.57,MIA
34.7,52180,AGENT,-267.76,2471.59,MIA
34.8,52180,AGENT,-268.541,2471.61,MIA
34.9,52180,AGENT,-269.331,2471.62,MIA
