TIMESTAMP,TRACK_ID,OBJECT_TYPE,X,Y,CITY_NAME
0.0,52180,AGENT,749.86,1769.32,MIA
0.1,52180,AGENT,749.89,1769.92,MIA
0.2,52180,AGENT,749.92,1770.54,MIA
0.3,52180,AGENT,749.951,1771.16,MIA
0.4,52180,AGENT,749.982,1771.8,MIA
0.5,52180,AGENT,750.014,1772.44,MIA
0.6,52180,AGENT,750.047,1773.1,MIA
0.7,52180,AGENT,750.08,1773.76,MIA
0.8,52180,AGENT,750.114,1774.44,MIA
0.9,52180,AGENT,750.148,1775.13,MIA
1.0,52180,AGENT,750.182,1775.82,MIA
1.1,52180,AGENT,750.218,1776.53,MIA
1.2,52180,AGENT,750.253,1777.25,MIA
1.3,52180,AGENT,750.289,1777.98,MIA
1.4,52180,AGENT,750.326,1778.71,MIA
1.5,52180,AGENT,750.363,1779.46,MIA
1.6,52180,AGENT,750.4,1780.22,MIA
1.7,52180,AGENT,750.438,1780.99,MIA
1.8,52180,AGENT,750.476,1781.77,MIA
1.9,52180,AGENT,750.514,1782.56,MIA
2.0,52180,AGENT,750.552,1783.35,MIA
2.1,52180,AGENT,750.591,1784.16,MIA
2.2,52180,AGENT,750.63,1784.98,MIA
2.3,52180,AGENT,750.669,1785.81,MIA
2.4,52180,AGENT,750.709,1786.65,MIA
2.5,52180,AGENT,750.748,1787.51,MIA
2.6,52180,AGENT,750.788,1788.37,MIA
2.7,52180,AGENT,750.828,1789.24,MIA
2.8,52180,AGENT,750.868,1790.13,MIA
2.9,52180,AGENT,750.908,1791.02,MIA
3.0,52180,AGENT,750.948,1791.93,MIA
3.1,52180,AGENT,750.988,1792.85,MIA
3.2,52180,AGENT,751.028,1793.77,MIA
3.3,52180,AGENT,751.068,1794.71,MIA
3.4,52180,AGENT,751.109,1795.67,MIA
3.5,52180,AGENT,751.149,1796.63,MIA
3.6,52180,AGENT,751.19,1797.6,MIA
3.7,52180,AGENT,751.23,1798.58,MIA
3.8,52180,AGENT,751.271,1799.58,MIA
3.9,52180,AGENT,751.312,1800.59,MIA
4.0,52180,AGENT,751.353,1801.61,MIA
4.1,52180,AGENT,751.394,1802.64,MIA
4.2,52180,AGENT,751.436,1803.68,MIA
4.3,52180,AGENT,751.477,1804.73,MIA
4.4,52180,AGENT,751.519,1805.8,MIA
4.5,52180,AGENT,751.561,1806.87,MIA
4.6,52180,AGENT,751.604,1807.96,MIA
4.7,52180,AGENT,751.647,1809.05,MIA
4.8,52180,AGENT,751.689,1810.16,MIA
4.9,52180,AGENT,751.733,1811.28,MIA
