TIMESTAMP,TRACK_ID,OBJECT_TYPE,X,Y,CITY_NAME
0.0,52180,AGENT,126.328,3450.45,MIA
0.1,52180,AGENT,126.313,3451.05,MIA
0.2,52180,AGENT,126.334,3451.66,MIA
0.3,52180,AGENT,126.387,3452.27,MIA
0.4,52180,AGENT,126.467,3452.87,MIA
0.5,52180,AGENT,126.573,3453.46,MIA
0.6,52180,AGENT,126.705,3454.05,MIA
0.7,52180,AGENT,126.86,3454.63,MIA
0.8,52180,AGENT,127.037,3455.19,MIA
0.9,52180,AGENT,127.236,3455.75,MIA
1.0,52180,AGENT,127.459,3456.29,MIA
1.1,52180,AGENT,127.711,3456.83,MIA
1.2,52180,AGENT,127.992,3457.36,MIA
1.3,52180,AGENT,128.3,3457.87,MIA
1.4,52180,AGENT,128.635,3458.37,MIA
1.5,52180,AGENT,128.996,3458.86,MIA
1.6,52180,AGENT,129.376,3459.33,MIA
1.7,52180,AGENT,129.77,3459.78,MIA
1.8,52180,AGENT,130.178,3460.22,MIA
1.9,52180,AGENT,130.598,3460.63,MIA
2.0,52180,AGENT,131.031,3461.03,MIA
2.1,52180,AGENT,131.474,3461.41,MIA
2.2,52180,AGENT,131.933,3461.77,MIA
2.3,52180,AGENT,132.41,3462.11,MIA
2.4,52180,AGENT,132.907,3462.43,MIA
2.5,52180,AGENT,133.42,3462.73,MIA
2.6,52180,AGENT,133.951,3463.02,MIA
2.7,52180,AGENT,134.499,3463.28,MIA
2.8,52180,AGENT,135.062,3463.53,MIA
2.9,52180,AGENT,135.64,3463.76,MIA
3.0,52180,AGENT,136.233,3463.97,MIA
3.1,52180,AGENT,136.84,3464.16,MIA
3.2,52180,AGENT,137.461,3464.34,MIA
3.3,52180,AGENT,138.095,3464.5,MIA
3.4,52180,AGENT,138.741,3464.64,MIA
3.5,52180,AGENT,139.399,3464.78,MIA
3.6,52180,AGENT,140.07,3464.9,MIA
3.7,52180,AGENT,140.752,3465.0,MIA
3.8,52180,AGENT,141.445,3465.1,MIA
3.9,52180,AGENT,142.149,3465.19,MIA
4.0,52180,AGENT,142.865,3465.26,MIA
4.1,52180,AGENT,143.591,3465.33,MIA
4.2,52180,AGENT,144.327,3465.39,MIA
4.3,52180,AGENT,145.075,3465.45,MIA
4.4,52180,AGENT,145.833,3465.49,MIA
4.5,52180,AGENT,146.601,3465.53,MIA
4.6,52180,AGENT,147.38,3465.57,MIA
4.7,52180,AGENT,148.169,3465.6,MIA
4.8,52180,AGENT,148.968,3465.62,MIA
4.9,52180,AGENT,149.778,3465.65,MIA
