TIMESTAMP,TRACK_ID,OBJECT_TYPE,X,Y,CITY_NAME
60.0,52180,AGENT,-242.747,2597.83,MIA
60.1,52180,AGENT,-242.179,2597.86,MIA
60.2,52180,AGENT,-241.61,2597.88,MIA
60.3,52180,AGENT,-241.041,2597.9,MIA
60.4,52180,AGENT,-240.471,2597.91,MIA
60.5,52180,AGENT,-239.895,2597.92,MIA
60.6,52180,AGENT,-239.312,2597.92,MIA
60.7,52180,AGENT,-238.729,2597.93,MIA
60.8,52180,AGENT,-238.139,2597.92,MIA
60.9,52180,AGENT,-237.537,2597.92,MIA
61.0,52180,AGENT,-236.922,2597.91,MIA
61.1,52180,AGENT,-236.294,2597.9,MIA
61.2,52180,AGENT,-235.659,2597.89,MIA
61.3,52180,AGENT,-235.022,2597.88,MIA
61.4,52180,AGENT,-234.382,2597.87,MIA
61.5,52180,AGENT,-233.738,2597.86,MIA
61.6,52180,AGENT,-233.088,2597.84,MIA
61.7,52180,AGENT,-232.426,2597.83,MIA
61.8,52180,AGENT,-231.754,2597.83,MIA
61.9,52180,AGENT,-231.075,2597.82,MIA
62.0,52180,AGENT,-230.395,2597.82,MIA
62.1,52180,AGENT,-229.714,2597.82,MIA
62.2,52180,AGENT,-229.032,2597.83,MIA
62.3,52180,AGENT,-228.35,2597.85,MIA
62.4,52180,AGENT,-227.669,2597.87,MIA
62.5,52180,AGENT,-226.988,2597.9,MIA
62.6,52180,AGENT,-226.309,2597.94,MIA
62.7,52180,AGENT,-225.633,2597.99,MIA
62.8,52180,AGENT,-224.963,2598.05,MIA
62.9,52180,AGENT,-224.305,2598.12,MIA
63.0,52180,AGENT,-223.658,2598.2,MIA
63.1,52180,AGENT,-223.023,2598.29,MIA
63.2,52180,AGENT,-222.403,2598.39,MIA
63.3,52180,AGENT,-221.796,2598.51,MIA
63.4,52180,AGENT,-221.205,2598.64,MIA
63.5,52180,AGENT,-220.627,2598.79,MIA
63.6,52180,AGENT,-220.063,2598.96,MIA
63.7,52180,AGENT,-219.513,2599.15,MIA
63.8,52180,AGENT,-218.98,2599.36,MIA
63.9,52180,AGENT,-218.463,2599.6,MIA
64.0,52180,AGENT,-217.965,2599.85,MIA
64.1,52180,AGENT,-217.486,2600.13,MIA
64.2,52180,AGENT,-217.027,2600.42,MIA
64.3,52180,AGENT,-216.589,2600.74,MIA
64.4,52180,AGENT,-216.171,2601.07,MIA
64.5,52180,AGENT,-215.774,2601.43,MIA
64.6,52180,AGENT,-215.398,2601.81,MIA
64.7,52180,AGENT,-215.043,2602.22,MIA
64.8,52180,AGENT,-214.709,2602.64,MIA
64.9,52180,AGENT,-214.397,2603.09,MIA
