TIMESTAMP,TRACK_ID,OBJECT_TYPE,X,Y,CITY_NAME
88.0,52180,AGENT,-354.611,1610.34,MIA
88.1,52180,AGENT,-354.578,1609.09,MIA
88.2,52180,AGENT,-354.544,1607.84,MIA
88.3,52180,AGENT,-354.51,1606.58,MIA
88.4,52180,AGENT,-354.475,1605.33,MIA
88.5,52180,AGENT,-354.44,1604.08,MIA
88.6,52180,AGENT,-354.405,1602.83,MIA
88.7,52180,AGENT,-354.37,1601.57,MIA
88.8,52180,AGENT,-354.335,1600.32,MIA
88.9,52180,AGENT,-354.299,1599.07,MIA
89.0,52180,AGENT,-354.264,1597.81,MIA
89.1,52180,AGENT,-354.228,1596.56,MIA
89.2,52180,AGENT,-354.192,1595.31,MIA
89.3,52180,AGENT,-354.155,1594.05,MIA
89.4,52180,AGENT,-354.119,1592.8,MIA
89.5,52180,AGENT,-354.083,1591.55,MIA
89.6,52180,AGENT,-354.046,1590.3,MIA
89.7,52180,AGENT,-354.01,1589.04,MIA
89.8,52180,AGENT,-353.975,1587.79,MIA
89.9,52180,AGENT,-353.939,1586.54,MIA
90.0,52180,AGENT,-353.904,1585.28,MIA
90.1,52180,AGENT,-353.869,1584.03,MIA
90.2,52180,AGENT,-353.835,1582.78,MIA
90.3,52180,AGENT,-353.802,1581.52,MIA
90.4,52180,AGENT,-353.769,1580.27,MIA
90.5,52180,AGENT,-353.737,1579.02,MIA
90.6,52180,AGENT,-353.706,1577.77,MIA
90.7,52180,AGENT,-353.677,1576.51,MIA
90.8,52180,AGENT,-353.648,1575.26,MIA
90.9,52180,AGENT,-353.621,1574.01,MIA
91.0,52180,AGENT,-353.595,1572.77,MIA
91.1,52180,AGENT,-353.57,1571.55,MIA
91.2,52180,AGENT,-353.547,1570.33,MIA
91.3,52180,AGENT,-353.525,1569.12,MIA
91.4,52180,AGENT,-353.505,1567.92,MIA
91.5,52180,AGENT,-353.486,1566.73,MIA
91.6,52180,AGENT,-353.469,1565.56,MIA
91.7,52180,AGENT,-353.454,1564.4,MIA
91.8,52180,AGENT,-353.44,1563.24,MIA
91.9,52180,AGENT,-353.427,1562.1,MIA
92.0,52180,AGENT,-353.416,1560.97,MIA
92.1,52180,AGENT,-353.407,1559.87,MIA
92.2,52180,AGENT,-353.399,1558.79,MIA
92.3,52180,AGENT,-353.392,1557.72,MIA
92.4,52180,AGENT,-353.386,1556.68,MIA
92.5,52180,AGENT,-353.382,1555.66,MIA
92.6,52180,AGENT,-353.379,1554.65,MIA
92.7,52180,AGENT,-353.377,1553.66,MIA
92.8,52180,AGENT,-353.375,1552.69,MIA
92.9,52180,AGENT,-353.375,1551.75,MIA
