TIMESTAMP,TRACK_ID,OBJECT_TYPE,X,Y,CITY_NAME
22.0,52180,AGENT,1042.27,-140.215,PIT
22.1,52180,AGENT,1041.9,-140.965,PIT
22.2,52180,AGENT,1041.53,-141.708,PIT
22.3,52180,AGENT,1041.17,-142.444,PIT
22.4,52180,AGENT,1040.81,-143.172,PIT
22.5,52180,AGENT,1040.45,-143.901,PIT
22.6,52180,AGENT,1040.09,-144.64,PIT
22.7,52180,AGENT,1039.73,-145.385,PIT
22.8,52180,AGENT,1039.37,-146.131,PIT
22.9,52180,AGENT,1039.01,-146.879,PIT
23.0,52180,AGENT,1038.65,-147.624,PIT
23.1,52180,AGENT,1038.3,-148.364,PIT
23.2,52180,AGENT,1037.95,-149.096,PIT
23.3,52180,AGENT,1037.6,-149.819,PIT
23.4,52180,AGENT,1037.26,-150.546,PIT
23.5,52180,AGENT,1036.91,-151.284,PIT
23.6,52180,AGENT,1036.56,-152.032,PIT
23.7,52180,AGENT,1036.21,-152.785,PIT
23.8,52180,AGENT,1035.86,-153.536,PIT
23.9,52180,AGENT,1035.51,-154.283,PIT
24.0,52180,AGENT,1035.16,-155.022,PIT
24.1,52180,AGENT,1034.82,-155.751,PIT
24.2,52180,AGENT,1034.48,-156.466,PIT
24.3,52180,AGENT,1034.15,-157.17,PIT
24.4,52180,AGENT,1033.81,-157.862,PIT
24.5,52180,AGENT,1033.48,-158.547,PIT
24.6,52180,AGENT,1033.14,-159.229,PIT
24.7,52180,AGENT,1032.79,-159.906,PIT
24.8,52180,AGENT,1032.43,-160.574,PIT
24.9,52180,AGENT,1032.06,-161.229,PIT
25.0,52180,AGENT,1031.7,-161.869,PIT
25.1,52180,AGENT,1031.33,-162.491,PIT
25.2,52180,AGENT,1030.97,-163.093,PIT
25.3,52180,AGENT,1030.62,-163.673,PIT
25.4,52180,AGENT,1030.26,-164.23,PIT
25.5,52180,AGENT,1029.91,-164.764,PIT
25.6,52180,AGENT,1029.55,-165.273,PIT
25.7,52180,AGENT,1029.19,-165.757,PIT
25.8,52180,AGENT,1028.82,-166.215,PIT
25.9,52180,AGENT,1028.44,-166.646,PIT
26.0,52180,AGENT,1028.06,-167.047,PIT
26.1,52180,AGENT,1027.66,-167.417,PIT
26.2,52180,AGENT,1027.24,-167.757,PIT
26.3,52180,AGENT,1026.82,-168.065,PIT
26.4,52180,AGENT,1026.38,-168.34,PIT
26.5,52180,AGENT,1025.93,-168.581,PIT
26.6,52180,AGENT,1025.46,-168.788,PIT
26.7,52180,AGENT,1024.98,-168.962,PIT
26.8,52180,AGENT,1024.49,-169.104,PIT
26.9,52180,AGENT,1023.99,-169.215,PIT
