TIMESTAMP,TRACK_ID,OBJECT_TYPE,X,Y,CITY_NAME
48.0,52180,AGENT,104.438,3963.75,MIA
48.1,52180,AGENT,104.342,3965.13,MIA
48.2,52180,AGENT,104.243,3966.51,MIA
48.3,52180,AGENT,104.141,3967.89,MIA
48.4,52180,AGENT,104.038,3969.27,MIA
48.5,52180,AGENT,103.932,3970.64,MIA
48.6,52180,AGENT,103.824,3972.02,MIA
48.7,52180,AGENT,103.716,3973.4,MIA
48.8,52180,AGENT,103.606,3974.78,MIA
48.9,52180,AGENT,103.496,3976.16,MIA
49.0,52180,AGENT,103.385,3977.54,MIA
49.1,52180,AGENT,103.275,3978.91,MIA
49.2,52180,AGENT,103.164,3980.29,MIA
49.3,52180,AGENT,103.054,3981.67,MIA
49.4,52180,AGENT,102.944,3983.05,MIA
49.5,52180,AGENT,102.836,3984.43,MIA
49.6,52180,AGENT,102.728,3985.81,MIA
49.7,52180,AGENT,102.623,3987.18,MIA
49.8,52180,AGENT,102.519,3988.56,MIA
49.9,52180,AGENT,102.417,3989.94,MIA
50.0,52180,AGENT,102.318,3991.32,MIA
50.1,52180,AGENT,102.221,3992.7,MIA
50.2,52180,AGENT,102.126,3994.08,MIA
50.3,52180,AGENT,102.034,3995.45,MIA
50.4,52180,AGENT,101.945,3996.83,MIA
50.5,52180,AGENT,101.858,3998.21,MIA
50.6,52180,AGENT,101.774,3999.59,MIA
50.7,52180,AGENT,101.693,4000.97,MIA
50.8,52180,AGENT,101.613,4002.35,MIA
50.9,52180,AGENT,101.537,4003.73,MIA
51.0,52180,AGENT,101.462,4005.11,MIA
51.1,52180,AGENT,101.39,4006.49,MIA
51.2,52180,AGENT,101.319,4007.87,MIA
51.3,52180,AGENT,101.251,4009.25,MIA
51.4,52180,AGENT,101.185,4010.63,MIA
51.5,52180,AGENT,101.12,4012.01,MIA
51.6,52180,AGENT,101.058,4013.39,MIA
51.7,52180,AGENT,100.996,4014.77,MIA
51.8,52180,AGENT,100.937,4016.15,MIA
51.9,52180,AGENT,100.878,4017.53,MIA
52.0,52180,AGENT,100.821,4018.91,MIA
52.1,52180,AGENT,100.765,4020.29,MIA
52.2,52180,AGENT,100.71,4021.67,MIA
52.3,52180,AGENT,100.656,4023.05,MIA
52.4,52180,AGENT,100.602,4024.43,MIA
52.5,52180,AGENT,100.55,4025.81,MIA
52.6,52180,AGENT,100.498,4027.19,MIA
52.7,52180,AGENT,100.447,4028.57,MIA
52.8,52180,AGENT,100.397,4029.95,MIA
52.9,52180,AGENT,100.347,4031.33,MIA
