TIMESTAMP,TRACK_ID,OBJECT_TYPE,X,Y,CITY_NAME
34.0,52180,AGENT,2757.83,1629.69,PIT
34.1,52180,AGENT,2758.39,1630.2,PIT
34.2,52180,AGENT,2758.95,1630.69,PIT
34.3,52180,AGENT,2759.5,1631.16,PIT
34.4,52180,AGENT,2760.06,1631.62,PIT
34.5,52180,AGENT,2760.61,1632.06,PIT
34.6,52180,AGENT,2761.16,1632.48,PIT
34.7,52180,AGENT,2761.71,1632.87,PIT
34.8,52180,AGENT,2762.26,1633.24,PIT
34.9,52180,AGENT,2762.8,1633.58,PIT
35.0,52180,AGENT,2763.34,1633.9,PIT
35.1,52180,AGENT,2763.88,1634.19,PIT
35.2,52180,AGENT,2764.41,1634.45,PIT
35.3,52180,AGENT,2764.94,1634.68,PIT
35.4,52180,AGENT,2765.46,1634.88,PIT
35.5,52180,AGENT,2765.97,1635.05,PIT
35.6,52180,AGENT,2766.48,1635.19,PIT
35.7,52180,AGENT,2767.0,1635.29,PIT
35.8,52180,AGENT,2767.51,1635.35,PIT
35.9,52180,AGENT,2768.03,1635.38,PIT
36.0,52180,AGENT,2768.54,1635.37,PIT
36.1,52180,AGENT,2769.05,1635.32,PIT
36.2,52180,AGENT,2769.56,1635.24,PIT
36.3,52180,AGENT,2770.07,1635.12,PIT
36.4,52180,AGENT,2770.57,1634.98,PIT
36.5,52180,AGENT,2771.07,1634.8,PIT
36.6,52180,AGENT,2771.56,1634.6,PIT
36.7,52180,AGENT,2772.05,1634.38,PIT
36.8,52180,AGENT,2772.53,1634.12,PIT
36.9,52180,AGENT,2773.01,1633.85,PIT
37.0,52180,AGENT,2773.48,1633.55,PIT
37.1,52180,AGENT,2773.95,1633.23,PIT
37.2,52180,AGENT,2774.41,1632.9,PIT
37.3,52180,AGENT,2774.87,1632.54,PIT
37.4,52180,AGENT,2775.33,1632.16,PIT
37.5,52180,AGENT,2775.79,1631.77,PIT
37.6,52180,AGENT,2776.24,1631.37,PIT
37.7,52180,AGENT,2776.7,1630.94,PIT
37.8,52180,AGENT,2777.15,1630.51,PIT
37.9,52180,AGENT,2777.61,1630.06,PIT
38.0,52180,AGENT,2778.06,1629.59,PIT
38.1,52180,AGENT,2778.52,1629.12,PIT
38.2,52180,AGENT,2778.98,1628.63,PIT
38.3,52180,AGENT,2779.44,1628.13,PIT
38.4,52180,AGENT,2779.91,1627.62,PIT
38.5,52180,AGENT,2780.38,1627.1,PIT
38.6,52180,AGENT,2780.85,1626.57,PIT
38.7,52180,AGENT,2781.33,1626.04,PIT
38.8,52180,AGENT,2781.81,1625.49,PIT
38.9,52180,AGENT,2782.3,1624.93,PIT
