TIMESTAMP,TRACK_ID,OBJECT_TYPE,X,Y,CITY_NAME
92.0,52180,AGENT,1425.71,203.147,PIT
92.1,52180,AGENT,1424.48,202.71,PIT
92.2,52180,AGENT,1423.25,202.273,PIT
92.3,52180,AGENT,1422.02,201.837,PIT
92.4,52180,AGENT,1420.79,201.401,PIT
92.5,52180,AGENT,1419.56,200.965,PIT
92.6,52180,AGENT,1418.33,200.529,PIT
92.7,52180,AGENT,1417.1,200.093,PIT
92.8,52180,AGENT,1415.86,199.658,PIT
92.9,52180,AGENT,1414.63,199.223,PIT
93.0,52180,AGENT,1413.4,198.788,PIT
93.1,52180,AGENT,1412.17,198.352,PIT
93.2,52180,AGENT,1410.94,197.917,PIT
93.3,52180,AGENT,1409.71,197.483,PIT
93.4,52180,AGENT,1408.49,197.05,PIT
93.5,52180,AGENT,1407.26,196.616,PIT
93.6,52180,AGENT,1406.02,196.176,PIT
93.7,52180,AGENT,1404.78,195.731,PIT
93.8,52180,AGENT,1403.52,195.282,PIT
93.9,52180,AGENT,1402.27,194.832,PIT
94.0,52180,AGENT,1401.01,194.38,PIT
94.1,52180,AGENT,1399.76,193.93,PIT
94.2,52180,AGENT,1398.52,193.484,PIT
94.3,52180,AGENT,1397.3,193.043,PIT
94.4,52180,AGENT,1396.09,192.606,PIT
94.5,52180,AGENT,1394.89,192.173,PIT
94.6,52180,AGENT,1393.7,191.743,PIT
94.7,52180,AGENT,1392.51,191.309,PIT
94.8,52180,AGENT,1391.3,190.859,PIT
94.9,52180,AGENT,1390.08,190.397,PIT
95.0,52180,AGENT,1388.84,189.924,PIT
95.1,52180,AGENT,1387.61,189.445,PIT
95.2,52180,AGENT,1386.37,188.962,PIT
95.3,52180,AGENT,1385.13,188.477,PIT
95.4,52180,AGENT,1383.9,187.995,PIT
95.5,52180,AGENT,1382.68,187.515,PIT
95.6,52180,AGENT,1381.47,187.04,PIT
95.7,52180,AGENT,1380.27,186.571,PIT
95.8,52180,AGENT,1379.09,186.11,PIT
95.9,52180,AGENT,1377.9,185.648,PIT
96.0,52180,AGENT,1376.7,185.178,PIT
96.1,52180,AGENT,1375.47,184.704,PIT
96.2,52180,AGENT,1374.24,184.228,PIT
96.3,52180,AGENT,1373.0,183.754,PIT
96.4,52180,AGENT,1371.77,183.285,PIT
96.5,52180,AGENT,1370.55,182.822,PIT
96.6,52180,AGENT,1369.35,182.368,PIT
96.7,52180,AGENT,1368.15,181.923,PIT
96.8,52180,AGENT,1366.97,181.489,PIT
96.9,52180,AGENT,1365.8,181.076,PIT
