TIMESTAMP,TRACK_ID,OBJECT_TYPE,X,Y,CITY_NAME
44.0,52180,AGENT,677.457,3855.66,MIA
44.1,52180,AGENT,677.465,3854.35,MIA
44.2,52180,AGENT,677.473,3853.04,MIA
44.3,52180,AGENT,677.481,3851.73,MIA
44.4,52180,AGENT,677.489,3850.42,MIA
44.5,52180,AGENT,677.496,3849.12,MIA
44.6,52180,AGENT,677.504,3847.84,MIA
44.7,52180,AGENT,677.512,3846.56,MIA
44.8,52180,AGENT,677.52,3845.29,MIA
44.9,52180,AGENT,677.528,3844.03,MIA
45.0,52180,AGENT,677.536,3842.78,MIA
45.1,52180,AGENT,677.544,3841.54,MIA
45.2,52180,AGENT,677.552,3840.31,MIA
45.3,52180,AGENT,677.561,3839.1,MIA
45.4,52180,AGENT,677.569,3837.89,MIA
45.5,52180,AGENT,677.578,3836.69,MIA
45.6,52180,AGENT,677.587,3835.51,MIA
45.7,52180,AGENT,677.597,3834.34,MIA
45.8,52180,AGENT,677.607,3833.17,MIA
45.9,52180,AGENT,677.617,3832.02,MIA
46.0,52180,AGENT,677.628,3830.89,MIA
46.1,52180,AGENT,677.639,3829.77,MIA
46.2,52180,AGENT,677.65,3828.68,MIA
46.3,52180,AGENT,677.662,3827.6,MIA
46.4,52180,AGENT,677.674,3826.54,MIA
46.5,52180,AGENT,677.687,3825.48,MIA
46.6,52180,AGENT,677.7,3824.43,MIA
46.7,52180,AGENT,677.714,3823.4,MIA
46.8,52180,AGENT,677.729,3822.37,MIA
46.9,52180,AGENT,677.745,3821.35,MIA
47.0,52180,AGENT,677.761,3820.35,MIA
47.1,52180,AGENT,677.778,3819.35,MIA
47.2,52180,AGENT,677.796,3818.37,MIA
47.3,52180,AGENT,677.815,3817.39,MIA
47.4,52180,AGENT,677.834,3816.43,MIA
47.5,52180,AGENT,677.855,3815.47,MIA
47.6,52180,AGENT,677.876,3814.53,MIA
47.7,52180,AGENT,677.899,3813.59,MIA
47.8,52180,AGENT,677.923,3812.67,MIA
47.9,52180,AGENT,677.947,3811.75,MIA
48.0,52180,AGENT,677.973,3810.85,MIA
48.1,52180,AGENT,678.001,3809.95,MIA
48.2,52180,AGENT,678.032,3809.05,MIA
48.3,52180,AGENT,678.066,3808.15,MIA
48.4,52180,AGENT,678.102,3807.26,MIA
48.5,52180,AGENT,678.139,3806.37,MIA
48.6,52180,AGENT,678.178,3805.5,MIA
48.7,52180,AGENT,678.218,3804.63,MIA
48.8,52180,AGENT,678.259,3803.78,MIA
48.9,52180,AGENT,678.301,3802.92,MIA
