TIMESTAMP,TRACK_ID,OBJECT_TYPE,X,Y,CITY_NAME
56.0,52180,AGENT,933.667,2316.69,MIA
56.1,52180,AGENT,933.747,2315.74,MIA
56.2,52180,AGENT,933.832,2314.79,MIA
56.3,52180,AGENT,933.926,2313.83,MIA
56.4,52180,AGENT,934.029,2312.87,MIA
56.5,52180,AGENT,934.142,2311.9,MIA
56.6,52180,AGENT,934.265,2310.93,MIA
56.7,52180,AGENT,934.394,2309.97,MIA
56.8,52180,AGENT,934.53,2309.03,MIA
56.9,52180,AGENT,934.672,2308.09,MIA
57.0,52180,AGENT,934.82,2307.18,MIA
57.1,52180,AGENT,934.973,2306.28,MIA
57.2,52180,AGENT,935.13,2305.4,MIA
57.3,52180,AGENT,935.302,2304.53,MIA
57.4,52180,AGENT,935.5,2303.66,MIA
57.5,52180,AGENT,935.723,2302.8,MIA
57.6,52180,AGENT,935.968,2301.95,MIA
57.7,52180,AGENT,936.233,2301.1,MIA
57.8,52180,AGENT,936.514,2300.28,MIA
57.9,52180,AGENT,936.808,2299.47,MIA
58.0,52180,AGENT,937.114,2298.68,MIA
58.1,52180,AGENT,937.432,2297.91,MIA
58.2,52180,AGENT,937.764,2297.16,MIA
58.3,52180,AGENT,938.107,2296.43,MIA
58.4,52180,AGENT,938.463,2295.73,MIA
58.5,52180,AGENT,938.837,2295.03,MIA
58.6,52180,AGENT,939.237,2294.35,MIA
58.7,52180,AGENT,939.663,2293.67,MIA
58.8,52180,AGENT,940.112,2293.0,MIA
58.9,52180,AGENT,940.585,2292.34,MIA
59.0,52180,AGENT,941.081,2291.69,MIA
59.1,52180,AGENT,941.599,2291.05,MIA
59.2,52180,AGENT,942.137,2290.4,MIA
59.3,52180,AGENT,942.696,2289.77,MIA
59.4,52180,AGENT,943.272,2289.14,MIA
59.5,52180,AGENT,943.866,2288.51,MIA
59.6,52180,AGENT,944.477,2287.88,MIA
59.7,52180,AGENT,945.102,2287.26,MIA
59.8,52180,AGENT,945.741,2286.64,MIA
59.9,52180,AGENT,946.394,2286.01,MIA
60.0,52180,AGENT,947.058,2285.38,MIA
60.1,52180,AGENT,947.735,2284.76,MIA
60.2,52180,AGENT,948.421,2284.12,MIA
60.3,52180,AGENT,949.119,2283.49,MIA
60.4,52180,AGENT,949.826,2282.84,MIA
60.5,52180,AGENT,950.542,2282.2,MIA
60.6,52180,AGENT,951.267,2281.54,MIA
60.7,52180,AGENT,952.0,2280.88,MIA
60.8,52180,AGENT,952.74,2280.21,MIA
60.9,52180,AGENT,953.488,2279.53,MIA
