TIMESTAMP,TRACK_ID,OBJECT_TYPE,X,Y,CITY_NAME
52.0,52180,AGENT,555.849,821.254,MIA
52.1,52180,AGENT,556.761,821.297,MIA
52.2,52180,AGENT,557.663,821.339,MIA
52.3,52180,AGENT,558.553,821.38,MIA
52.4,52180,AGENT,559.433,821.421,MIA
52.5,52180,AGENT,560.301,821.462,MIA
52.6,52180,AGENT,561.159,821.502,MIA
52.7,52180,AGENT,562.006,821.542,MIA
52.8,52180,AGENT,562.843,821.581,MIA
52.9,52180,AGENT,563.675,821.621,MIA
53.0,52180,AGENT,564.505,821.662,MIA
53.1,52180,AGENT,565.33,821.703,MIA
53.2,52180,AGENT,566.152,821.745,MIA
53.3,52180,AGENT,566.966,821.787,MIA
53.4,52180,AGENT,567.773,821.83,MIA
53.5,52180,AGENT,568.572,821.872,MIA
53.6,52180,AGENT,569.373,821.917,MIA
53.7,52180,AGENT,570.188,821.965,MIA
53.8,52180,AGENT,571.017,822.017,MIA
53.9,52180,AGENT,571.854,822.071,MIA
54.0,52180,AGENT,572.695,822.127,MIA
54.1,52180,AGENT,573.535,822.182,MIA
54.2,52180,AGENT,574.368,822.237,MIA
54.3,52180,AGENT,575.193,822.291,MIA
54.4,52180,AGENT,576.01,822.345,MIA
54.5,52180,AGENT,576.82,822.397,MIA
54.6,52180,AGENT,577.625,822.446,MIA
54.7,52180,AGENT,578.435,822.491,MIA
54.8,52180,AGENT,579.254,822.527,MIA
54.9,52180,AGENT,580.076,822.555,MIA
55.0,52180,AGENT,580.893,822.578,MIA
55.1,52180,AGENT,581.702,822.594,MIA
55.2,52180,AGENT,582.5,822.602,MIA
55.3,52180,AGENT,583.284,822.603,MIA
55.4,52180,AGENT,584.051,822.598,MIA
55.5,52180,AGENT,584.799,822.585,MIA
55.6,52180,AGENT,585.528,822.564,MIA
55.7,52180,AGENT,586.236,822.534,MIA
55.8,52180,AGENT,586.927,822.49,MIA
55.9,52180,AGENT,587.602,822.428,MIA
56.0,52180,AGENT,588.262,822.343,MIA
56.1,52180,AGENT,588.904,822.235,MIA
56.2,52180,AGENT,589.527,822.107,MIA
56.3,52180,AGENT,590.129,821.96,MIA
56.4,52180,AGENT,590.709,821.795,MIA
56.5,52180,AGENT,591.267,821.612,MIA
56.6,52180,AGENT,591.802,821.407,MIA
56.7,52180,AGENT,592.315,821.177,MIA
56.8,52180,AGENT,592.805,820.923,MIA
56.9,52180,AGENT,593.271,820.648,MIA
