TIMESTAMP,TRACK_ID,OBJECT_TYPE,X,Y,CITY_NAME
16.0,52180,AGENT,736.361,-98.9353,PIT
16.1,52180,AGENT,735.776,-100.105,PIT
16.2,52180,AGENT,735.19,-101.274,PIT
16.3,52180,AGENT,734.603,-102.443,PIT
16.4,52180,AGENT,734.015,-103.611,PIT
16.5,52180,AGENT,733.427,-104.779,PIT
16.6,52180,AGENT,732.838,-105.946,PIT
16.7,52180,AGENT,732.249,-107.114,PIT
16.8,52180,AGENT,731.659,-108.281,PIT
16.9,52180,AGENT,731.069,-109.448,PIT
17.0,52180,AGENT,730.478,-110.615,PIT
17.1,52180,AGENT,729.888,-111.781,PIT
17.2,52180,AGENT,729.297,-112.948,PIT
17.3,52180,AGENT,728.706,-114.114,PIT
17.4,52180,AGENT,728.115,-115.281,PIT
17.5,52180,AGENT,727.524,-116.447,PIT
17.6,52180,AGENT,726.932,-117.614,PIT
17.7,52180,AGENT,726.341,-118.78,PIT
17.8,52180,AGENT,725.75,-119.947,PIT
17.9,52180,AGENT,725.16,-121.114,PIT
18.0,52180,AGENT,724.569,-122.28,PIT
18.1,52180,AGENT,723.979,-123.447,PIT
18.2,52180,AGENT,723.388,-124.614,PIT
18.3,52180,AGENT,722.798,-125.781,PIT
18.4,52180,AGENT,722.208,-126.948,PIT
18.5,52180,AGENT,721.619,-128.115,PIT
18.6,52180,AGENT,721.03,-129.283,PIT
18.7,52180,AGENT,720.441,-130.45,PIT
18.8,52180,AGENT,719.852,-131.618,PIT
18.9,52180,AGENT,719.263,-132.786,PIT
19.0,52180,AGENT,718.675,-133.954,PIT
19.1,52180,AGENT,718.087,-135.122,PIT
19.2,52180,AGENT,717.5,-136.29,PIT
19.3,52180,AGENT,716.912,-137.458,PIT
19.4,52180,AGENT,716.325,-138.627,PIT
19.5,52180,AGENT,715.739,-139.796,PIT
19.6,52180,AGENT,715.152,-140.964,PIT
19.7,52180,AGENT,714.566,-142.133,PIT
19.8,52180,AGENT,713.98,-143.302,PIT
19.9,52180,AGENT,713.395,-144.472,PIT
20.0,52180,AGENT,712.809,-145.641,PIT
20.1,52180,AGENT,712.224,-146.81,PIT
20.2,52180,AGENT,711.639,-147.98,PIT
20.3,52180,AGENT,711.054,-149.15,PIT
20.4,52180,AGENT,710.47,-150.319,PIT
20.5,52180,AGENT,709.885,-151.489,PIT
20.6,52180,AGENT,709.301,-152.659,PIT
20.7,52180,AGENT,708.717,-153.829,PIT
20.8,52180,AGENT,708.133,-154.999,PIT
20.9,52180,AGENT,707.55,-156.17,PIT
