TIMESTAMP,TRACK_ID,OBJECT_TYPE,X,Y,CITY_NAME
0.0,52180,AGENT,374.262,3825.83,MIA
0.1,52180,AGENT,374.142,3825.24,MIA
0.2,52180,AGENT,374.021,3824.63,MIA
0.3,52180,AGENT,373.897,3824.02,MIA
0.4,52180,AGENT,373.772,3823.4,MIA
0.5,52180,AGENT,373.644,3822.76,MIA
0.6,52180,AGENT,373.514,3822.12,MIA
0.7,52180,AGENT,373.383,3821.47,MIA
0.8,52180,AGENT,373.249,3820.8,MIA
0.9,52180,AGENT,373.114,3820.13,MIA
1.0,52180,AGENT,372.976,3819.45,MIA
1.1,52180,AGENT,372.837,3818.76,MIA
1.2,52180,AGENT,372.695,3818.05,MIA
1.3,52180,AGENT,372.552,3817.34,MIA
1.4,52180,AGENT,372.406,3816.62,MIA
1.5,52180,AGENT,372.259,3815.89,MIA
1.6,52180,AGENT,372.109,3815.14,MIA
1.7,52180,AGENT,371.958,3814.39,MIA
1.8,52180,AGENT,371.804,3813.63,MIA
1.9,52180,AGENT,371.649,3812.86,MIA
2.0,52180,AGENT,371.492,3812.07,MIA
2.1,52180,AGENT,371.332,3811.28,MIA
2.2,52180,AGENT,371.171,3810.48,MIA
2.3,52180,AGENT,371.007,3809.67,MIA
2.4,52180,AGENT,370.842,3808.84,MIA
2.5,52180,AGENT,370.675,3808.01,MIA
2.6,52180,AGENT,370.505,3807.17,MIA
2.7,52180,AGENT,370.334,3806.32,MIA
2.8,52180,AGENT,370.16,3805.45,MIA
2.9,52180,AGENT,369.984,3804.58,MIA
3.0,52180,AGENT,369.807,3803.69,MIA
3.1,52180,AGENT,369.627,3802.79,MIA
3.2,52180,AGENT,369.445,3801.89,MIA
3.3,52180,AGENT,369.262,3800.97,MIA
3.4,52180,AGENT,369.077,3800.06,MIA
3.5,52180,AGENT,368.894,3799.14,MIA
3.6,52180,AGENT,368.71,3798.22,MIA
3.7,52180,AGENT,368.526,3797.3,MIA
3.8,52180,AGENT,368.343,3796.39,MIA
3.9,52180,AGENT,368.159,3795.47,MIA
4.0,52180,AGENT,367.976,3794.55,MIA
4.1,52180,AGENT,367.793,3793.63,MIA
4.2,52180,AGENT,367.61,3792.72,MIA
4.3,52180,AGENT,367.428,3791.81,MIA
4.4,52180,AGENT,367.248,3790.9,MIA
4.5,52180,AGENT,367.07,3790.01,MIA
4.6,52180,AGENT,366.894,3789.13,MIA
4.7,52180,AGENT,366.721,3788.25,MIA
4.8,52180,AGENT,366.549,3787.39,MIA
4.9,52180,AGENT,366.379,3786.53,MIA
