TIMESTAMP,TRACK_ID,OBJECT_TYPE,X,Y,CITY_NAME
94.0,52180,AGENT,120.61,3608.85,MIA
94.1,52180,AGENT,120.588,3609.84,MIA
94.2,52180,AGENT,120.565,3610.84,MIA
94.3,52180,AGENT,120.54,3611.85,MIA
94.4,52180,AGENT,120.514,3612.87,MIA
94.5,52180,AGENT,120.486,3613.9,MIA
94.6,52180,AGENT,120.456,3614.94,MIA
94.7,52180,AGENT,120.426,3615.99,MIA
94.8,52180,AGENT,120.393,3617.06,MIA
94.9,52180,AGENT,120.36,3618.13,MIA
95.0,52180,AGENT,120.325,3619.22,MIA
95.1,52180,AGENT,120.288,3620.31,MIA
95.2,52180,AGENT,120.251,3621.42,MIA
95.3,52180,AGENT,120.212,3622.54,MIA
95.4,52180,AGENT,120.172,3623.66,MIA
95.5,52180,AGENT,120.131,3624.8,MIA
95.6,52180,AGENT,120.088,3625.95,MIA
95.7,52180,AGENT,120.045,3627.11,MIA
95.8,52180,AGENT,120.001,3628.29,MIA
95.9,52180,AGENT,119.956,3629.47,MIA
96.0,52180,AGENT,119.91,3630.67,MIA
96.1,52180,AGENT,119.863,3631.87,MIA
96.2,52180,AGENT,119.816,3633.09,MIA
96.3,52180,AGENT,119.768,3634.32,MIA
96.4,52180,AGENT,119.719,3635.56,MIA
96.5,52180,AGENT,119.67,3636.81,MIA
96.6,52180,AGENT,119.62,3638.08,MIA
96.7,52180,AGENT,119.569,3639.35,MIA
96.8,52180,AGENT,119.519,3640.64,MIA
96.9,52180,AGENT,119.468,3641.94,MIA
97.0,52180,AGENT,119.416,3643.24,MIA
97.1,52180,AGENT,119.365,3644.54,MIA
97.2,52180,AGENT,119.314,3645.84,MIA
97.3,52180,AGENT,119.263,3647.15,MIA
97.4,52180,AGENT,119.212,3648.45,MIA
97.5,52180,AGENT,119.161,3649.75,MIA
97.6,52180,AGENT,119.11,3651.05,MIA
97.7,52180,AGENT,119.06,3652.35,MIA
97.8,52180,AGENT,119.01,3653.64,MIA
97.9,52180,AGENT,118.961,3654.92,MIA
98.0,52180,AGENT,118.912,3656.19,MIA
98.1,52180,AGENT,118.864,3657.45,MIA
98.2,52180,AGENT,118.816,3658.69,MIA
98.3,52180,AGENT,118.769,3659.93,MIA
98.4,52180,AGENT,118.723,3661.16,MIA
98.5,52180,AGENT,118.677,3662.37,MIA
98.6,52180,AGENT,118.631,3663.57,MIA
98.7,52180,AGENT,118.586,3664.77,MIA
98.8,52180,AGENT,118.542,3665.95,MIA
98.9,52180,AGENT,118.498,3667.12,MIA
