TIMESTAMP,TRACK_ID,OBJECT_TYPE,X,Y,CITY_NAME
14.0,52180,AGENT,178.352,911.99,MIA
14.1,52180,AGENT,179.68,912.039,MIA
14.2,52180,AGENT,181.008,912.088,MIA
14.3,52180,AGENT,182.349,912.136,MIA
14.4,52180,AGENT,183.697,912.182,MIA
14.5,52180,AGENT,185.047,912.228,MIA
14.6,52180,AGENT,186.398,912.274,MIA
14.7,52180,AGENT,187.748,912.318,MIA
14.8,52180,AGENT,189.093,912.362,MIA
14.9,52180,AGENT,190.43,912.406,MIA
15.0,52180,AGENT,191.757,912.448,MIA
15.1,52180,AGENT,193.072,912.491,MIA
15.2,52180,AGENT,194.377,912.533,MIA
15.3,52180,AGENT,195.667,912.574,MIA
15.4,52180,AGENT,196.938,912.615,MIA
15.5,52180,AGENT,198.205,912.658,MIA
15.6,52180,AGENT,199.48,912.705,MIA
15.7,52180,AGENT,200.758,912.755,MIA
15.8,52180,AGENT,202.032,912.808,MIA
15.9,52180,AGENT,203.296,912.863,MIA
16.0,52180,AGENT,204.547,912.919,MIA
16.1,52180,AGENT,205.79,912.976,MIA
16.2,52180,AGENT,207.027,913.032,MIA
16.3,52180,AGENT,208.251,913.087,MIA
16.4,52180,AGENT,209.455,913.141,MIA
16.5,52180,AGENT,210.639,913.193,MIA
16.6,52180,AGENT,211.801,913.244,MIA
16.7,52180,AGENT,212.96,913.305,MIA
16.8,52180,AGENT,214.135,913.386,MIA
16.9,52180,AGENT,215.318,913.484,MIA
17.0,52180,AGENT,216.501,913.597,MIA
17.1,52180,AGENT,217.676,913.717,MIA
17.2,52180,AGENT,218.835,913.836,MIA
17.3,52180,AGENT,219.972,913.953,MIA
17.4,52180,AGENT,221.085,914.07,MIA
17.5,52180,AGENT,222.174,914.186,MIA
17.6,52180,AGENT,223.239,914.302,MIA
17.7,52180,AGENT,224.28,914.42,MIA
17.8,52180,AGENT,225.296,914.539,MIA
17.9,52180,AGENT,226.29,914.662,MIA
18.0,52180,AGENT,227.264,914.793,MIA
18.1,52180,AGENT,228.222,914.932,MIA
18.2,52180,AGENT,229.182,915.082,MIA
18.3,52180,AGENT,230.16,915.248,MIA
18.4,52180,AGENT,231.15,915.428,MIA
18.5,52180,AGENT,232.143,915.619,MIA
18.6,52180,AGENT,233.133,915.816,MIA
18.7,52180,AGENT,234.113,916.017,MIA
18.8,52180,AGENT,235.078,916.22,MIA
18.9,52180,AGENT,236.029,916.423,MIA
