TIMESTAMP,TRACK_ID,OBJECT_TYPE,X,Y,CITY_NAME
54.0,52180,AGENT,3864.88,2242.77,PIT
54.1,52180,AGENT,3863.59,2242.4,PIT
54.2,52180,AGENT,3862.31,2242.02,PIT
54.3,52180,AGENT,3861.03,2241.62,PIT
54.4,52180,AGENT,3859.75,2241.21,PIT
54.5,52180,AGENT,3858.46,2240.77,PIT
54.6,52180,AGENT,3857.17,2240.31,PIT
54.7,52180,AGENT,3855.89,2239.83,PIT
54.8,52180,AGENT,3854.6,2239.34,PIT
54.9,52180,AGENT,3853.34,2238.83,PIT
55.0,52180,AGENT,3852.08,2238.32,PIT
55.1,52180,AGENT,3850.85,2237.8,PIT
55.2,52180,AGENT,3849.64,2237.27,PIT
55.3,52180,AGENT,3848.43,2236.72,PIT
55.4,52180,AGENT,3847.22,2236.15,PIT
55.5,52180,AGENT,3846.02,2235.57,PIT
55.6,52180,AGENT,3844.83,2234.96,PIT
55.7,52180,AGENT,3843.65,2234.34,PIT
55.8,52180,AGENT,3842.46,2233.69,PIT
55.9,52180,AGENT,3841.28,2233.02,PIT
56.0,52180,AGENT,3840.11,2232.34,PIT
56.1,52180,AGENT,3838.94,2231.63,PIT
56.2,52180,AGENT,3837.78,2230.9,PIT
56.3,52180,AGENT,3836.62,2230.15,PIT
56.4,52180,AGENT,3835.46,2229.39,PIT
56.5,52180,AGENT,3834.32,2228.6,PIT
56.6,52180,AGENT,3833.18,2227.81,PIT
56.7,52180,AGENT,3832.04,2226.99,PIT
56.8,52180,AGENT,3830.9,2226.16,PIT
56.9,52180,AGENT,3829.78,2225.32,PIT
57.0,52180,AGENT,3828.67,2224.46,PIT
57.1,52180,AGENT,3827.56,2223.6,PIT
57.2,52180,AGENT,3826.46,2222.73,PIT
57.3,52180,AGENT,3825.37,2221.85,PIT
57.4,52180,AGENT,3824.28,2220.96,PIT
57.5,52180,AGENT,3823.21,2220.07,PIT
57.6,52180,AGENT,3822.14,2219.18,PIT
57.7,52180,AGENT,3821.1,2218.28,PIT
57.8,52180,AGENT,3820.06,2217.39,PIT
57.9,52180,AGENT,3819.03,2216.5,PIT
58.0,52180,AGENT,3818.02,2215.62,PIT
58.1,52180,AGENT,3817.02,2214.73,PIT
58.2,52180,AGENT,3816.03,2213.85,PIT
58.3,52180,AGENT,3815.05,2212.98,PIT
58.4,52180,AGENT,3814.08,2212.11,PIT
58.5,52180,AGENT,3813.13,2211.25,PIT
58.6,52180,AGENT,3812.19,2210.4,PIT
58.7,52180,AGENT,3811.27,2209.56,PIT
58.8,52180,AGENT,3810.37,2208.73,PIT
58.9,52180,AGENT,3809.49,2207.92,PIT
