TIMESTAMP,TRACK_ID,OBJECT_TYPE,X,Y,CITY_NAME
90.0,52180,AGENT,-283.892,1941.96,MIA
90.1,52180,AGENT,-283.911,1942.94,MIA
90.2,52180,AGENT,-283.931,1943.94,MIA
90.3,52180,AGENT,-283.952,1944.94,MIA
90.4,52180,AGENT,-283.973,1945.96,MIA
90.5,52180,AGENT,-283.995,1946.98,MIA
90.6,52180,AGENT,-284.018,1948.02,MIA
90.7,52180,AGENT,-284.042,1949.06,MIA
90.8,52180,AGENT,-284.066,1950.12,MIA
90.9,52180,AGENT,-284.091,1951.19,MIA
91.0,52180,AGENT,-284.116,1952.27,MIA
91.1,52180,AGENT,-284.142,1953.36,MIA
91.2,52180,AGENT,-284.168,1954.46,MIA
91.3,52180,AGENT,-284.195,1955.57,MIA
91.4,52180,AGENT,-284.222,1956.69,MIA
91.5,52180,AGENT,-284.25,1957.83,MIA
91.6,52180,AGENT,-284.278,1958.97,MIA
91.7,52180,AGENT,-284.306,1960.13,MIA
91.8,52180,AGENT,-284.335,1961.29,MIA
91.9,52180,AGENT,-284.364,1962.47,MIA
92.0,52180,AGENT,-284.394,1963.66,MIA
92.1,52180,AGENT,-284.424,1964.86,MIA
92.2,52180,AGENT,-284.454,1966.07,MIA
92.3,52180,AGENT,-284.485,1967.29,MIA
92.4,52180,AGENT,-284.516,1968.53,MIA
92.5,52180,AGENT,-284.548,1969.78,MIA
92.6,52180,AGENT,-284.58,1971.03,MIA
92.7,52180,AGENT,-284.612,1972.3,MIA
92.8,52180,AGENT,-284.645,1973.58,MIA
92.9,52180,AGENT,-284.678,1974.88,MIA
93.0,52180,AGENT,-284.712,1976.18,MIA
93.1,52180,AGENT,-284.746,1977.49,MIA
93.2,52180,AGENT,-284.78,1978.82,MIA
93.3,52180,AGENT,-284.815,1980.15,MIA
93.4,52180,AGENT,-284.85,1981.49,MIA
93.5,52180,AGENT,-284.886,1982.84,MIA
93.6,52180,AGENT,-284.922,1984.2,MIA
93.7,52180,AGENT,-284.958,1985.57,MIA
93.8,52180,AGENT,-284.995,1986.95,MIA
93.9,52180,AGENT,-285.032,1988.34,MIA
94.0,52180,AGENT,-285.069,1989.74,MIA
94.1,52180,AGENT,-285.107,1991.14,MIA
94.2,52180,AGENT,-285.145,1992.54,MIA
94.3,52180,AGENT,-285.183,1993.95,MIA
94.4,52180,AGENT,-285.221,1995.35,MIA
94.5,52180,AGENT,-285.259,1996.75,MIA
94.6,52180,AGENT,-285.297,1998.16,MIA
94.7,52180,AGENT,-285.336,1999.56,MIA
94.8,52180,AGENT,-285.374,2000.96,MIA
94.9,52180,AGENT,-285.413,2002.37,MIA
