TIMESTAMP,TRACK_ID,OBJECT_TYPE,X,Y,CITY_NAME
76.0,52180,AGENT,2627.27,1234.69,PIT
76.1,52180,AGENT,2626.23,1233.73,PIT
76.2,52180,AGENT,2625.19,1232.78,PIT
76.3,52180,AGENT,2624.15,1231.83,PIT
76.4,52180,AGENT,2623.11,1230.87,PIT
76.5,52180,AGENT,2622.07,1229.92,PIT
76.6,52180,AGENT,2621.03,1228.96,PIT
76.7,52180,AGENT,2619.99,1228.01,PIT
76.8,52180,AGENT,2618.95,1227.05,PIT
76.9,52180,AGENT,2617.92,1226.1,PIT
77.0,52180,AGENT,2616.88,1225.14,PIT
77.1,52180,AGENT,2615.84,1224.18,PIT
77.2,52180,AGENT,2614.8,1223.22,PIT
77.3,52180,AGENT,2613.77,1222.27,PIT
77.4,52180,AGENT,2612.73,1221.31,PIT
77.5,52180,AGENT,2611.7,1220.35,PIT
77.6,52180,AGENT,2610.66,1219.39,PIT
77.7,52180,AGENT,2609.62,1218.43,PIT
77.8,52180,AGENT,2608.59,1217.47,PIT
77.9,52180,AGENT,2607.55,1216.51,PIT
78.0,52180,AGENT,2606.52,1215.55,PIT
78.1,52180,AGENT,2605.49,1214.59,PIT
78.2,52180,AGENT,2604.45,1213.63,PIT
78.3,52180,AGENT,2603.42,1212.67,PIT
78.4,52180,AGENT,2602.38,1211.71,PIT
78.5,52180,AGENT,2601.35,1210.75,PIT
78.6,52180,AGENT,2600.32,1209.79,PIT
78.7,52180,AGENT,2599.28,1208.83,PIT
78.8,52180,AGENT,2598.25,1207.87,PIT
78.9,52180,AGENT,2597.21,1206.91,PIT
79.0,52180,AGENT,2596.18,1205.95,PIT
79.1,52180,AGENT,2595.14,1204.99,PIT
79.2,52180,AGENT,2594.11,1204.03,PIT
79.3,52180,AGENT,2593.07,1203.07,PIT
79.4,52180,AGENT,2592.04,1202.11,PIT
79.5,52180,AGENT,2591.0,1201.15,PIT
79.6,52180,AGENT,2589.97,1200.19,PIT
79.7,52180,AGENT,2588.93,1199.23,PIT
79.8,52180,AGENT,2587.9,1198.27,PIT
79.9,52180,AGENT,2586.86,1197.31,PIT
80.0,52180,AGENT,2585.83,1196.35,PIT
80.1,52180,AGENT,2584.79,1195.39,PIT
80.2,52180,AGENT,2583.76,1194.43,PIT
80.3,52180,AGENT,2582.72,1193.47,PIT
80.4,52180,AGENT,2581.69,1192.51,PIT
80.5,52180,AGENT,2580.65,1191.55,PIT
80.6,52180,AGENT,2579.62,1190.6,PIT
80.7,52180,AGENT,2578.58,1189.64,PIT
80.8,52180,AGENT,2577.55,1188.68,PIT
80.9,52180,AGENT,2576.51,1187.72,PIT
