TIMESTAMP,TRACK_ID,OBJECT_TYPE,X,Y,CITY_NAME
0.0,52180,AGENT,-114.555,2459.44,MIA
0.1,52180,AGENT,-113.952,2459.49,MIA
0.2,52180,AGENT,-113.338,2459.54,MIA
0.3,52180,AGENT,-112.715,2459.59,MIA
0.4,52180,AGENT,-112.081,2459.64,MIA
0.5,52180,AGENT,-111.437,2459.69,MIA
0.6,52180,AGENT,-110.783,2459.74,MIA
0.7,52180,AGENT,-110.119,2459.79,MIA
0.8,52180,AGENT,-109.445,2459.83,MIA
0.9,52180,AGENT,-108.76,2459.88,MIA
1.0,52180,AGENT,-108.065,2459.93,MIA
1.1,52180,AGENT,-107.36,2459.98,MIA
1.2,52180,AGENT,-106.645,2460.02,MIA
1.3,52180,AGENT,-105.92,2460.07,MIA
1.4,52180,AGENT,-105.184,2460.11,MIA
1.5,52180,AGENT,-104.438,2460.16,MIA
1.6,52180,AGENT,-103.682,2460.2,MIA
1.7,52180,AGENT,-102.916,2460.24,MIA
1.8,52180,AGENT,-102.14,2460.28,MIA
1.9,52180,AGENT,-101.353,2460.33,MIA
2.0,52180,AGENT,-100.557,2460.37,MIA
2.1,52180,AGENT,-99.7497,2460.41,MIA
2.2,52180,AGENT,-98.9324,2460.45,MIA
2.3,52180,AGENT,-98.1045,2460.49,MIA
2.4,52180,AGENT,-97.2657,2460.53,MIA
2.5,52180,AGENT,-96.4156,2460.57,MIA
2.6,52180,AGENT,-95.5553,2460.61,MIA
2.7,52180,AGENT,-94.6858,2460.65,MIA
2.8,52180,AGENT,-93.8069,2460.69,MIA
2.9,52180,AGENT,-92.9237,2460.73,MIA
3.0,52180,AGENT,-92.0412,2460.77,MIA
3.1,52180,AGENT,-91.1593,2460.81,MIA
3.2,52180,AGENT,-90.2777,2460.84,MIA
3.3,52180,AGENT,-89.3962,2460.88,MIA
3.4,52180,AGENT,-88.5144,2460.92,MIA
3.5,52180,AGENT,-87.6321,2460.96,MIA
3.6,52180,AGENT,-86.749,2460.99,MIA
3.7,52180,AGENT,-85.8666,2461.03,MIA
3.8,52180,AGENT,-84.9901,2461.06,MIA
3.9,52180,AGENT,-84.1231,2461.1,MIA
4.0,52180,AGENT,-83.2656,2461.13,MIA
4.1,52180,AGENT,-82.4176,2461.17,MIA
4.2,52180,AGENT,-81.5789,2461.2,MIA
4.3,52180,AGENT,-80.7493,2461.24,MIA
4.4,52180,AGENT,-79.9287,2461.27,MIA
4.5,52180,AGENT,-79.1169,2461.3,MIA
4.6,52180,AGENT,-78.314,2461.33,MIA
4.7,52180,AGENT,-77.5198,2461.36,MIA
4.8,52180,AGENT,-76.7358,2461.39,MIA
4.9,52180,AGENT,-75.9621,2461.42,MIA
