TIMESTAMP,TRACK_ID,OBJECT_TYPE,X,Y,CITY_NAME
4.0,52180,AGENT,696.188,975.974,MIA
4.1,52180,AGENT,696.19,974.961,MIA
4.2,52180,AGENT,696.194,973.937,MIA
4.3,52180,AGENT,696.198,972.903,MIA
4.4,52180,AGENT,696.203,971.858,MIA
4.5,52180,AGENT,696.209,970.802,MIA
4.6,52180,AGENT,696.216,969.736,MIA
4.7,52180,AGENT,696.224,968.658,MIA
4.8,52180,AGENT,696.233,967.57,MIA
4.9,52180,AGENT,696.243,966.471,MIA
5.0,52180,AGENT,696.254,965.36,MIA
5.1,52180,AGENT,696.265,964.24,MIA
5.2,52180,AGENT,696.278,963.108,MIA
5.3,52180,AGENT,696.291,961.965,MIA
5.4,52180,AGENT,696.306,960.812,MIA
5.5,52180,AGENT,696.321,959.647,MIA
5.6,52180,AGENT,696.336,958.472,MIA
5.7,52180,AGENT,696.353,957.285,MIA
5.8,52180,AGENT,696.37,956.086,MIA
5.9,52180,AGENT,696.389,954.876,MIA
6.0,52180,AGENT,696.407,953.654,MIA
6.1,52180,AGENT,696.427,952.42,MIA
6.2,52180,AGENT,696.447,951.175,MIA
6.3,52180,AGENT,696.468,949.918,MIA
6.4,52180,AGENT,696.489,948.65,MIA
6.5,52180,AGENT,696.511,947.37,MIA
6.6,52180,AGENT,696.533,946.079,MIA
6.7,52180,AGENT,696.556,944.777,MIA
6.8,52180,AGENT,696.58,943.466,MIA
6.9,52180,AGENT,696.604,942.145,MIA
7.0,52180,AGENT,696.629,940.814,MIA
7.1,52180,AGENT,696.654,939.474,MIA
7.2,52180,AGENT,696.679,938.125,MIA
7.3,52180,AGENT,696.705,936.766,MIA
7.4,52180,AGENT,696.732,935.397,MIA
7.5,52180,AGENT,696.759,934.019,MIA
7.6,52180,AGENT,696.787,932.632,MIA
7.7,52180,AGENT,696.815,931.235,MIA
7.8,52180,AGENT,696.844,929.833,MIA
7.9,52180,AGENT,696.873,928.432,MIA
8.0,52180,AGENT,696.902,927.03,MIA
8.1,52180,AGENT,696.931,925.629,MIA
8.2,52180,AGENT,696.961,924.222,MIA
8.3,52180,AGENT,696.992,922.811,MIA
8.4,52180,AGENT,697.023,921.4,MIA
8.5,52180,AGENT,697.054,919.989,MIA
8.6,52180,AGENT,697.085,918.578,MIA
8.7,52180,AGENT,697.117,917.167,MIA
8.8,52180,AGENT,697.149,915.756,MIA
8.9,52180,AGENT,697.181,914.345,MIA
