TIMESTAMP,TRACK_ID,OBJECT_TYPE,X,Y,CITY_NAME
162.0,52180,AGENT,-74.9016,3643.76,MIA
162.1,52180,AGENT,-75.4045,3643.74,MIA
162.2,52180,AGENT,-75.9073,3643.72,MIA
162.3,52180,AGENT,-76.4102,3643.7,MIA
162.4,52180,AGENT,-76.913,3643.69,MIA
162.5,52180,AGENT,-77.4159,3643.67,MIA
162.6,52180,AGENT,-77.9187,3643.65,MIA
162.7,52180,AGENT,-78.4216,3643.64,MIA
162.8,52180,AGENT,-78.9244,3643.62,MIA
162.9,52180,AGENT,-79.4273,3643.6,MIA
163.0,52180,AGENT,-79.9301,3643.59,MIA
163.1,52180,AGENT,-80.4329,3643.57,MIA
163.2,52180,AGENT,-80.9357,3643.55,MIA
163.3,52180,AGENT,-81.4385,3643.53,MIA
163.4,52180,AGENT,-81.9414,3643.52,MIA
163.5,52180,AGENT,-82.4442,3643.5,MIA
163.6,52180,AGENT,-82.9469,3643.48,MIA
163.7,52180,AGENT,-83.4497,3643.46,MIA
163.8,52180,AGENT,-83.9525,3643.44,MIA
163.9,52180,AGENT,-84.4553,3643.42,MIA
164.0,52180,AGENT,-84.958,3643.4,MIA
164.1,52180,AGENT,-85.4608,3643.38,MIA
164.2,52180,AGENT,-85.9635,3643.36,MIA
164.3,52180,AGENT,-86.4662,3643.34,MIA
164.4,52180,AGENT,-86.9689,3643.32,MIA
164.5,52180,AGENT,-87.4717,3643.3,MIA
164.6,52180,AGENT,-87.9743,3643.28,MIA
164.7,52180,AGENT,-88.477,3643.26,MIA
164.8,52180,AGENT,-88.9797,3643.24,MIA
164.9,52180,AGENT,-89.4824,3643.22,MIA
165.0,52180,AGENT,-89.985,3643.2,MIA
165.1,52180,AGENT,-90.4877,3643.18,MIA
165.2,52180,AGENT,-90.9903,3643.15,MIA
165.3,52180,AGENT,-91.493,3643.13,MIA
165.4,52180,AGENT,-91.9956,3643.11,MIA
165.5,52180,AGENT,-92.4982,3643.09,MIA
165.6,52180,AGENT,-93.0009,3643.06,MIA
165.7,52180,AGENT,-93.5035,3643.04,MIA
165.8,52180,AGENT,-94.0061,3643.02,MIA
165.9,52180,AGENT,-94.5087,3643.0,MIA
166.0,52180,AGENT,-95.0113,3642.97,MIA
166.1,52180,AGENT,-95.5139,3642.95,MIA
166.2,52180,AGENT,-96.0165,3642.93,MIA
166.3,52180,AGENT,-96.5191,3642.9,MIA
166.4,52180,AGENT,-97.0217,3642.88,MIA
166.5,52180,AGENT,-97.5243,3642.86,MIA
166.6,52180,AGENT,-98.0269,3642.84,MIA
166.7,52180,AGENT,-98.5295,3642.81,MIA
166.8,52180,AGENT,-99.0321,3642.79,MIA
166.9,52180,AGENT,-99.5347,3642.77,MIA
