TIMESTAMP,TRACK_ID,OBJECT_TYPE,X,Y,CITY_NAME
10.0,52180,AGENT,-310.865,4067.97,MIA
10.1,52180,AGENT,-310.892,4068.57,MIA
10.2,52180,AGENT,-310.919,4069.17,MIA
10.3,52180,AGENT,-310.946,4069.77,MIA
10.4,52180,AGENT,-310.974,4070.37,MIA
10.5,52180,AGENT,-311.001,4070.97,MIA
10.6,52180,AGENT,-311.029,4071.57,MIA
10.7,52180,AGENT,-311.057,4072.17,MIA
10.8,52180,AGENT,-311.084,4072.76,MIA
10.9,52180,AGENT,-311.112,4073.36,MIA
11.0,52180,AGENT,-311.14,4073.96,MIA
11.1,52180,AGENT,-311.169,4074.56,MIA
11.2,52180,AGENT,-311.197,4075.16,MIA
11.3,52180,AGENT,-311.225,4075.76,MIA
11.4,52180,AGENT,-311.253,4076.36,MIA
11.5,52180,AGENT,-311.282,4076.96,MIA
11.6,52180,AGENT,-311.31,4077.56,MIA
11.7,52180,AGENT,-311.338,4078.16,MIA
11.8,52180,AGENT,-311.366,4078.76,MIA
11.9,52180,AGENT,-311.394,4079.36,MIA
12.0,52180,AGENT,-311.422,4079.96,MIA
12.1,52180,AGENT,-311.45,4080.55,MIA
12.2,52180,AGENT,-311.478,4081.15,MIA
12.3,52180,AGENT,-311.506,4081.75,MIA
12.4,52180,AGENT,-311.534,4082.35,MIA
12.5,52180,AGENT,-311.561,4082.95,MIA
12.6,52180,AGENT,-311.589,4083.55,MIA
12.7,52180,AGENT,-311.616,4084.15,MIA
12.8,52180,AGENT,-311.644,4084.75,MIA
12.9,52180,AGENT,-311.671,4085.35,MIA
13.0,52180,AGENT,-311.699,4085.95,MIA
13.1,52180,AGENT,-311.726,4086.55,MIA
13.2,52180,AGENT,-311.753,4087.15,MIA
13.3,52180,AGENT,-311.78,4087.75,MIA
13.4,52180,AGENT,-311.808,4088.35,MIA
13.5,52180,AGENT,-311.835,4088.94,MIA
13.6,52180,AGENT,-311.862,4089.54,MIA
13.7,52180,AGENT,-311.889,4090.14,MIA
13.8,52180,AGENT,-311.916,4090.74,MIA
13.9,52180,AGENT,-311.944,4091.34,MIA
14.0,52180,AGENT,-311.971,4091.94,MIA
14.1,52180,AGENT,-311.998,4092.54,MIA
14.2,52180,AGENT,-312.025,4093.14,MIA
14.3,52180,AGENT,-312.052,4093.74,MIA
14.4,52180,AGENT,-312.079,4094.34,MIA
14.5,52180,AGENT,-312.106,4094.94,MIA
14.6,52180,AGENT,-312.133,4095.54,MIA
14.7,52180,AGENT,-312.16,4096.14,MIA
14.8,52180,AGENT,-312.187,4096.74,MIA
14.9,52180,AGENT,-312.214,4097.34,MIA
