TIMESTAMP,TRACK_ID,OBJECT_TYPE,X,Y,CITY_NAME
214.0,52180,AGENT,560.856,2502.85,MIA
214.1,52180,AGENT,561.356,2502.74,MIA
214.2,52180,AGENT,561.857,2502.62,MIA
214.3,52180,AGENT,562.358,2502.51,MIA
214.4,52180,AGENT,562.859,2502.4,MIA
214.5,52180,AGENT,563.361,2502.29,MIA
214.6,52180,AGENT,563.863,2502.19,MIA
214.7,52180,AGENT,564.366,2502.09,MIA
214.8,52180,AGENT,564.869,2501.99,MIA
214.9,52180,AGENT,565.372,2501.9,MIA
215.0,52180,AGENT,565.876,2501.81,MIA
215.1,52180,AGENT,566.38,2501.73,MIA
215.2,52180,AGENT,566.884,2501.65,MIA
215.3,52180,AGENT,567.389,2501.59,MIA
215.4,52180,AGENT,567.893,2501.52,MIA
215.5,52180,AGENT,568.398,2501.47,MIA
215.6,52180,AGENT,568.903,2501.42,MIA
215.7,52180,AGENT,569.408,2501.38,MIA
215.8,52180,AGENT,569.912,2501.35,MIA
215.9,52180,AGENT,570.417,2501.33,MIA
216.0,52180,AGENT,570.921,2501.31,MIA
216.1,52180,AGENT,571.425,2501.3,MIA
216.2,52180,AGENT,571.929,2501.3,MIA
216.3,52180,AGENT,572.432,2501.31,MIA
216.4,52180,AGENT,572.935,2501.32,MIA
216.5,52180,AGENT,573.437,2501.34,MIA
216.6,52180,AGENT,573.939,2501.37,MIA
216.7,52180,AGENT,574.441,2501.4,MIA
216.8,52180,AGENT,574.942,2501.43,MIA
216.9,52180,AGENT,575.442,2501.48,MIA
217.0,52180,AGENT,575.943,2501.52,MIA
217.1,52180,AGENT,576.442,2501.57,MIA
217.2,52180,AGENT,576.942,2501.62,MIA
217.3,52180,AGENT,577.441,2501.68,MIA
217.4,52180,AGENT,577.94,2501.74,MIA
217.5,52180,AGENT,578.439,2501.8,MIA
217.6,52180,AGENT,578.937,2501.86,MIA
217.7,52180,AGENT,579.435,2501.92,MIA
217.8,52180,AGENT,579.933,2501.98,MIA
217.9,52180,AGENT,580.431,2502.04,MIA
218.0,52180,AGENT,580.929,2502.1,MIA
218.1,52180,AGENT,581.427,2502.16,MIA
218.2,52180,AGENT,581.925,2502.21,MIA
218.3,52180,AGENT,582.423,2502.27,MIA
218.4,52180,AGENT,582.92,2502.32,MIA
218.5,52180,AGENT,583.418,2502.37,MIA
218.6,52180,AGENT,583.915,2502.41,MIA
218.7,52180,AGENT,584.413,2502.45,MIA
218.8,52180,AGENT,584.91,2502.48,MIA
218.9,52180,AGENT,585.408,2502.51,MIA
