TIMESTAMP,TRACK_ID,OBJECT_TYPE,X,Y,CITY_NAME
176.0,52180,AGENT,-15.1721,1700.75,MIA
176.1,52180,AGENT,-15.1581,1700.25,MIA
176.2,52180,AGENT,-15.1442,1699.75,MIA
176.3,52180,AGENT,-15.1302,1699.25,MIA
176.4,52180,AGENT,-15.1162,1698.75,MIA
176.5,52180,AGENT,-15.1022,1698.25,MIA
176.6,52180,AGENT,-15.0882,1697.75,MIA
176.7,52180,AGENT,-15.0743,1697.25,MIA
176.8,52180,AGENT,-15.0603,1696.75,MIA
176.9,52180,AGENT,-15.0463,1696.25,MIA
177.0,52180,AGENT,-15.0323,1695.75,MIA
177.1,52180,AGENT,-15.0183,1695.25,MIA
177.2,52180,AGENT,-15.0043,1694.75,MIA
177.3,52180,AGENT,-14.9902,1694.25,MIA
177.4,52180,AGENT,-14.9762,1693.75,MIA
177.5,52180,AGENT,-14.9621,1693.25,MIA
177.6,52180,AGENT,-14.948,1692.75,MIA
177.7,52180,AGENT,-14.9338,1692.25,MIA
177.8,52180,AGENT,-14.9196,1691.75,MIA
177.9,52180,AGENT,-14.9054,1691.25,MIA
178.0,52180,AGENT,-14.8911,1690.75,MIA
178.1,52180,AGENT,-14.8768,1690.25,MIA
178.2,52180,AGENT,-14.8624,1689.75,MIA
178.3,52180,AGENT,-14.848,1689.25,MIA
178.4,52180,AGENT,-14.8336,1688.75,MIA
178.5,52180,AGENT,-14.819,1688.25,MIA
178.6,52180,AGENT,-14.8045,1687.75,MIA
178.7,52180,AGENT,-14.7898,1687.25,MIA
178.8,52180,AGENT,-14.7751,1686.75,MIA
178.9,52180,AGENT,-14.7604,1686.25,MIA
179.0,52180,AGENT,-14.7456,1685.75,MIA
179.1,52180,AGENT,-14.7307,1685.25,MIA
179.2,52180,AGENT,-14.7158,1684.75,MIA
179.3,52180,AGENT,-14.7009,1684.25,MIA
179.4,52180,AGENT,-14.6859,1683.75,MIA
179.5,52180,AGENT,-14.6708,1683.25,MIA
179.6,52180,AGENT,-14.6557,1682.75,MIA
179.7,52180,AGENT,-14.6406,1682.25,MIA
179.8,52180,AGENT,-14.6255,1681.75,MIA
179.9,52180,AGENT,-14.6103,1681.25,MIA
180.0,52180,AGENT,-14.5951,1680.75,MIA
180.1,52180,AGENT,-14.5798,1680.25,MIA
180.2,52180,AGENT,-14.5646,1679.75,MIA
180.3,52180,AGENT,-14.5493,1679.25,MIA
180.4,52180,AGENT,-14.534,1678.75,MIA
180.5,52180,AGENT,-14.5187,1678.25,MIA
180.6,52180,AGENT,-14.5034,1677.75,MIA
180.7,52180,AGENT,-14.488,1677.25,MIA
180.8,52180,AGENT,-14.4727,1676.75,MIA
180.9,52180,AGENT,-14.4573,1676.25,MIA
