TIMESTAMP,TRACK_ID,OBJECT_TYPE,X,Y,CITY_NAME
36.0,52180,AGENT,-396.726,2102.57,MIA
36.1,52180,AGENT,-397.196,2102.41,MIA
36.2,52180,AGENT,-397.668,2102.26,MIA
36.3,52180,AGENT,-398.141,2102.11,MIA
36.4,52180,AGENT,-398.616,2101.97,MIA
36.5,52180,AGENT,-399.092,2101.83,MIA
36.6,52180,AGENT,-399.57,2101.71,MIA
36.7,52180,AGENT,-400.049,2101.59,MIA
36.8,52180,AGENT,-400.529,2101.48,MIA
36.9,52180,AGENT,-401.01,2101.38,MIA
37.0,52180,AGENT,-401.493,2101.28,MIA
37.1,52180,AGENT,-401.976,2101.2,MIA
37.2,52180,AGENT,-402.465,2101.12,MIA
37.3,52180,AGENT,-402.959,2101.05,MIA
37.4,52180,AGENT,-403.454,2100.98,MIA
37.5,52180,AGENT,-403.95,2100.92,MIA
37.6,52180,AGENT,-404.45,2100.87,MIA
37.7,52180,AGENT,-404.956,2100.82,MIA
37.8,52180,AGENT,-405.462,2100.78,MIA
37.9,52180,AGENT,-405.968,2100.74,MIA
38.0,52180,AGENT,-406.474,2100.71,MIA
38.1,52180,AGENT,-406.981,2100.68,MIA
38.2,52180,AGENT,-407.487,2100.65,MIA
38.3,52180,AGENT,-407.994,2100.63,MIA
38.4,52180,AGENT,-408.5,2100.62,MIA
38.5,52180,AGENT,-409.007,2100.6,MIA
38.6,52180,AGENT,-409.514,2100.59,MIA
38.7,52180,AGENT,-410.021,2100.58,MIA
38.8,52180,AGENT,-410.527,2100.57,MIA
38.9,52180,AGENT,-411.034,2100.57,MIA
39.0,52180,AGENT,-411.541,2100.57,MIA
39.1,52180,AGENT,-412.047,2100.57,MIA
39.2,52180,AGENT,-412.554,2100.57,MIA
39.3,52180,AGENT,-413.061,2100.57,MIA
39.4,52180,AGENT,-413.567,2100.57,MIA
39.5,52180,AGENT,-414.074,2100.57,MIA
39.6,52180,AGENT,-414.581,2100.58,MIA
39.7,52180,AGENT,-415.087,2100.58,MIA
39.8,52180,AGENT,-415.594,2100.59,MIA
39.9,52180,AGENT,-416.101,2100.59,MIA
40.0,52180,AGENT,-416.607,2100.6,MIA
40.1,52180,AGENT,-417.114,2100.6,MIA
40.2,52180,AGENT,-417.621,2100.61,MIA
40.3,52180,AGENT,-418.127,2100.62,MIA
40.4,52180,AGENT,-418.634,2100.62,MIA
40.5,52180,AGENT,-419.14,2100.63,MIA
40.6,52180,AGENT,-419.647,2100.63,MIA
40.7,52180,AGENT,-420.154,2100.64,MIA
40.8,52180,AGENT,-420.66,2100.65,MIA
40.9,52180,AGENT,-421.167,2100.65,MIA
