TIMESTAMP,TRACK_ID,OBJECT_TYPE,X,Y,CITY_NAME
76.0,52180,AGENT,421.362,926.992,MIA
76.1,52180,AGENT,421.586,927.25,MIA
76.2,52180,AGENT,421.798,927.517,MIA
76.3,52180,AGENT,421.999,927.796,MIA
76.4,52180,AGENT,422.19,928.091,MIA
76.5,52180,AGENT,422.371,928.404,MIA
76.6,52180,AGENT,422.542,928.732,MIA
76.7,52180,AGENT,422.702,929.076,MIA
76.8,52180,AGENT,422.851,929.43,MIA
76.9,52180,AGENT,422.99,929.793,MIA
77.0,52180,AGENT,423.12,930.169,MIA
77.1,52180,AGENT,423.239,930.558,MIA
77.2,52180,AGENT,423.349,930.957,MIA
77.3,52180,AGENT,423.449,931.368,MIA
77.4,52180,AGENT,423.54,931.789,MIA
77.5,52180,AGENT,423.623,932.221,MIA
77.6,52180,AGENT,423.697,932.663,MIA
77.7,52180,AGENT,423.762,933.116,MIA
77.8,52180,AGENT,423.82,933.578,MIA
77.9,52180,AGENT,423.87,934.051,MIA
78.0,52180,AGENT,423.913,934.533,MIA
78.1,52180,AGENT,423.949,935.025,MIA
78.2,52180,AGENT,423.979,935.527,MIA
78.3,52180,AGENT,424.003,936.033,MIA
78.4,52180,AGENT,424.022,936.54,MIA
78.5,52180,AGENT,424.036,937.046,MIA
78.6,52180,AGENT,424.045,937.553,MIA
78.7,52180,AGENT,424.051,938.059,MIA
78.8,52180,AGENT,424.052,938.565,MIA
78.9,52180,AGENT,424.051,939.071,MIA
79.0,52180,AGENT,424.046,939.578,MIA
79.1,52180,AGENT,424.038,940.084,MIA
79.2,52180,AGENT,424.028,940.59,MIA
79.3,52180,AGENT,424.016,941.096,MIA
79.4,52180,AGENT,424.002,941.601,MIA
79.5,52180,AGENT,423.986,942.107,MIA
79.6,52180,AGENT,423.969,942.613,MIA
79.7,52180,AGENT,423.95,943.119,MIA
79.8,52180,AGENT,423.931,943.624,MIA
79.9,52180,AGENT,423.91,944.13,MIA
80.0,52180,AGENT,423.889,944.635,MIA
80.1,52180,AGENT,423.867,945.141,MIA
80.2,52180,AGENT,423.845,945.646,MIA
80.3,52180,AGENT,423.823,946.152,MIA
80.4,52180,AGENT,423.8,946.657,MIA
80.5,52180,AGENT,423.777,947.162,MIA
80.6,52180,AGENT,423.754,947.668,MIA
80.7,52180,AGENT,423.731,948.173,MIA
80.8,52180,AGENT,423.708,948.679,MIA
80.9,52180,AGENT,423.685,949.184,MIA
