TIMESTAMP,TRACK_ID,OBJECT_TYPE,X,Y,CITY_NAME
42.0,52180,AGENT,729.194,1517.89,MIA
42.1,52180,AGENT,729.178,1517.29,MIA
42.2,52180,AGENT,729.165,1516.69,MIA
42.3,52180,AGENT,729.154,1516.1,MIA
42.4,52180,AGENT,729.145,1515.5,MIA
42.5,52180,AGENT,729.139,1514.9,MIA
42.6,52180,AGENT,729.135,1514.3,MIA
42.7,52180,AGENT,729.133,1513.7,MIA
42.8,52180,AGENT,729.133,1513.1,MIA
42.9,52180,AGENT,729.135,1512.5,MIA
43.0,52180,AGENT,729.14,1511.9,MIA
43.1,52180,AGENT,729.146,1511.3,MIA
43.2,52180,AGENT,729.153,1510.7,MIA
43.3,52180,AGENT,729.163,1510.1,MIA
43.4,52180,AGENT,729.173,1509.5,MIA
43.5,52180,AGENT,729.186,1508.9,MIA
43.6,52180,AGENT,729.199,1508.31,MIA
43.7,52180,AGENT,729.214,1507.71,MIA
43.8,52180,AGENT,729.23,1507.11,MIA
43.9,52180,AGENT,729.247,1506.51,MIA
44.0,52180,AGENT,729.265,1505.91,MIA
44.1,52180,AGENT,729.284,1505.31,MIA
44.2,52180,AGENT,729.303,1504.71,MIA
44.3,52180,AGENT,729.323,1504.11,MIA
44.4,52180,AGENT,729.344,1503.51,MIA
44.5,52180,AGENT,729.366,1502.92,MIA
44.6,52180,AGENT,729.387,1502.32,MIA
44.7,52180,AGENT,729.41,1501.72,MIA
44.8,52180,AGENT,729.432,1501.12,MIA
44.9,52180,AGENT,729.455,1500.52,MIA
45.0,52180,AGENT,729.478,1499.92,MIA
45.1,52180,AGENT,729.502,1499.32,MIA
45.2,52180,AGENT,729.525,1498.72,MIA
45.3,52180,AGENT,729.549,1498.13,MIA
45.4,52180,AGENT,729.573,1497.53,MIA
45.5,52180,AGENT,729.597,1496.93,MIA
45.6,52180,AGENT,729.621,1496.33,MIA
45.7,52180,AGENT,729.644,1495.73,MIA
45.8,52180,AGENT,729.668,1495.13,MIA
45.9,52180,AGENT,729.692,1494.53,MIA
46.0,52180,AGENT,729.716,1493.94,MIA
46.1,52180,AGENT,729.74,1493.34,MIA
46.2,52180,AGENT,729.764,1492.74,MIA
46.3,52180,AGENT,729.787,1492.14,MIA
46.4,52180,AGENT,729.811,1491.54,MIA
46.5,52180,AGENT,729.834,1490.94,MIA
46.6,52180,AGENT,729.857,1490.34,MIA
46.7,52180,AGENT,729.88,1489.74,MIA
46.8,52180,AGENT,729.903,1489.15,MIA
46.9,52180,AGENT,729.926,1488.55,MIA
