TIMESTAMP,TRACK_ID,OBJECT_TYPE,X,Y,CITY_NAME
168.0,52180,AGENT,-189.672,1864.83,MIA
168.1,52180,AGENT,-189.687,1865.23,MIA
168.2,52180,AGENT,-189.702,1865.64,MIA
168.3,52180,AGENT,-189.719,1866.04,MIA
168.4,52180,AGENT,-189.736,1866.44,MIA
168.5,52180,AGENT,-189.754,1866.85,MIA
168.6,52180,AGENT,-189.772,1867.26,MIA
168.7,52180,AGENT,-189.79,1867.67,MIA
168.8,52180,AGENT,-189.808,1868.08,MIA
168.9,52180,AGENT,-189.825,1868.49,MIA
169.0,52180,AGENT,-189.842,1868.9,MIA
169.1,52180,AGENT,-189.857,1869.31,MIA
169.2,52180,AGENT,-189.87,1869.71,MIA
169.3,52180,AGENT,-189.881,1870.12,MIA
169.4,52180,AGENT,-189.888,1870.53,MIA
169.5,52180,AGENT,-189.892,1870.93,MIA
169.6,52180,AGENT,-189.891,1871.33,MIA
169.7,52180,AGENT,-189.884,1871.74,MIA
169.8,52180,AGENT,-189.872,1872.13,MIA
169.9,52180,AGENT,-189.857,1872.52,MIA
170.0,52180,AGENT,-189.838,1872.89,MIA
170.1,52180,AGENT,-189.814,1873.26,MIA
170.2,52180,AGENT,-189.786,1873.62,MIA
170.3,52180,AGENT,-189.753,1873.97,MIA
170.4,52180,AGENT,-189.711,1874.31,MIA
170.5,52180,AGENT,-189.657,1874.64,MIA
170.6,52180,AGENT,-189.59,1874.97,MIA
170.7,52180,AGENT,-189.51,1875.3,MIA
170.8,52180,AGENT,-189.417,1875.61,MIA
170.9,52180,AGENT,-189.311,1875.92,MIA
171.0,52180,AGENT,-189.193,1876.22,MIA
171.1,52180,AGENT,-189.06,1876.51,MIA
171.2,52180,AGENT,-188.914,1876.78,MIA
171.3,52180,AGENT,-188.755,1877.05,MIA
171.4,52180,AGENT,-188.583,1877.31,MIA
171.5,52180,AGENT,-188.4,1877.56,MIA
171.6,52180,AGENT,-188.205,1877.79,MIA
171.7,52180,AGENT,-188.0,1878.02,MIA
171.8,52180,AGENT,-187.786,1878.23,MIA
171.9,52180,AGENT,-187.563,1878.43,MIA
172.0,52180,AGENT,-187.326,1878.62,MIA
172.1,52180,AGENT,-187.073,1878.8,MIA
172.2,52180,AGENT,-186.802,1878.97,MIA
172.3,52180,AGENT,-186.515,1879.13,MIA
172.4,52180,AGENT,-186.213,1879.28,MIA
172.5,52180,AGENT,-185.896,1879.41,MIA
172.6,52180,AGENT,-185.564,1879.54,MIA
172.7,52180,AGENT,-185.219,1879.66,MIA
172.8,52180,AGENT,-184.859,1879.77,MIA
172.9,52180,AGENT,-184.487,1879.87,MIA
