TIMESTAMP,TRACK_ID,OBJECT_TYPE,X,Y,CITY_NAME
88.0,52180,AGENT,-22.6293,1951.57,MIA
88.1,52180,AGENT,-22.6137,1951.07,MIA
88.2,52180,AGENT,-22.5982,1950.57,MIA
88.3,52180,AGENT,-22.5826,1950.06,MIA
88.4,52180,AGENT,-22.5671,1949.56,MIA
88.5,52180,AGENT,-22.5515,1949.06,MIA
88.6,52180,AGENT,-22.536,1948.56,MIA
88.7,52180,AGENT,-22.5205,1948.05,MIA
88.8,52180,AGENT,-22.5051,1947.55,MIA
88.9,52180,AGENT,-22.4898,1947.05,MIA
89.0,52180,AGENT,-22.4745,1946.54,MIA
89.1,52180,AGENT,-22.4594,1946.04,MIA
89.2,52180,AGENT,-22.4443,1945.54,MIA
89.3,52180,AGENT,-22.4292,1945.04,MIA
89.4,52180,AGENT,-22.4143,1944.53,MIA
89.5,52180,AGENT,-22.3995,1944.03,MIA
89.6,52180,AGENT,-22.3847,1943.53,MIA
89.7,52180,AGENT,-22.37,1943.02,MIA
89.8,52180,AGENT,-22.3554,1942.52,MIA
89.9,52180,AGENT,-22.3409,1942.02,MIA
90.0,52180,AGENT,-22.3265,1941.51,MIA
90.1,52180,AGENT,-22.3121,1941.01,MIA
90.2,52180,AGENT,-22.2978,1940.51,MIA
90.3,52180,AGENT,-22.2836,1940.01,MIA
90.4,52180,AGENT,-22.2694,1939.5,MIA
90.5,52180,AGENT,-22.2553,1939.0,MIA
90.6,52180,AGENT,-22.2412,1938.5,MIA
90.7,52180,AGENT,-22.2273,1937.99,MIA
90.8,52180,AGENT,-22.2133,1937.49,MIA
90.9,52180,AGENT,-22.1994,1936.99,MIA
91.0,52180,AGENT,-22.1855,1936.49,MIA
91.1,52180,AGENT,-22.1717,1935.98,MIA
91.2,52180,AGENT,-22.1579,1935.48,MIA
91.3,52180,AGENT,-22.1442,1934.98,MIA
91.4,52180,AGENT,-22.1304,1934.47,MIA
91.5,52180,AGENT,-22.1167,1933.97,MIA
91.6,52180,AGENT,-22.1031,1933.47,MIA
91.7,52180,AGENT,-22.0894,1932.96,MIA
91.8,52180,AGENT,-22.0758,1932.46,MIA
91.9,52180,AGENT,-22.0622,1931.96,MIA
92.0,52180,AGENT,-22.0486,1931.46,MIA
92.1,52180,AGENT,-22.0351,1930.95,MIA
92.2,52180,AGENT,-22.0215,1930.45,MIA
92.3,52180,AGENT,-22.008,1929.95,MIA
92.4,52180,AGENT,-21.9946,1929.44,MIA
92.5,52180,AGENT,-21.9811,1928.94,MIA
92.6,52180,AGENT,-21.9677,1928.44,MIA
92.7,52180,AGENT,-21.9544,1927.93,MIA
92.8,52180,AGENT,-21.941,1927.43,MIA
92.9,52180,AGENT,-21.9277,1926.93,MIA
