TIMESTAMP,TRACK_ID,OBJECT_TYPE,X,Y,CITY_NAME
66.0,52180,AGENT,273.311,656.469,MIA
66.1,52180,AGENT,273.334,655.87,MIA
66.2,52180,AGENT,273.357,655.27,MIA
66.3,52180,AGENT,273.381,654.671,MIA
66.4,52180,AGENT,273.404,654.071,MIA
66.5,52180,AGENT,273.427,653.472,MIA
66.6,52180,AGENT,273.451,652.872,MIA
66.7,52180,AGENT,273.475,652.273,MIA
66.8,52180,AGENT,273.499,651.673,MIA
66.9,52180,AGENT,273.523,651.074,MIA
67.0,52180,AGENT,273.547,650.474,MIA
67.1,52180,AGENT,273.571,649.875,MIA
67.2,52180,AGENT,273.596,649.275,MIA
67.3,52180,AGENT,273.621,648.676,MIA
67.4,52180,AGENT,273.646,648.076,MIA
67.5,52180,AGENT,273.671,647.477,MIA
67.6,52180,AGENT,273.697,646.878,MIA
67.7,52180,AGENT,273.722,646.278,MIA
67.8,52180,AGENT,273.748,645.679,MIA
67.9,52180,AGENT,273.775,645.079,MIA
68.0,52180,AGENT,273.801,644.48,MIA
68.1,52180,AGENT,273.828,643.881,MIA
68.2,52180,AGENT,273.855,643.281,MIA
68.3,52180,AGENT,273.882,642.682,MIA
68.4,52180,AGENT,273.909,642.083,MIA
68.5,52180,AGENT,273.936,641.483,MIA
68.6,52180,AGENT,273.964,640.884,MIA
68.7,52180,AGENT,273.991,640.285,MIA
68.8,52180,AGENT,274.019,639.685,MIA
68.9,52180,AGENT,274.046,639.086,MIA
69.0,52180,AGENT,274.073,638.487,MIA
69.1,52180,AGENT,274.101,637.887,MIA
69.2,52180,AGENT,274.128,637.288,MIA
69.3,52180,AGENT,274.155,636.689,MIA
69.4,52180,AGENT,274.182,636.089,MIA
69.5,52180,AGENT,274.208,635.49,MIA
69.6,52180,AGENT,274.234,634.891,MIA
69.7,52180,AGENT,274.26,634.291,MIA
69.8,52180,AGENT,274.286,633.692,MIA
69.9,52180,AGENT,274.311,633.092,MIA
70.0,52180,AGENT,274.335,632.493,MIA
70.1,52180,AGENT,274.36,631.894,MIA
70.2,52180,AGENT,274.384,631.294,MIA
70.3,52180,AGENT,274.407,630.695,MIA
70.4,52180,AGENT,274.43,630.095,MIA
70.5,52180,AGENT,274.453,629.496,MIA
70.6,52180,AGENT,274.475,628.896,MIA
70.7,52180,AGENT,274.497,628.297,MIA
70.8,52180,AGENT,274.518,627.697,MIA
70.9,52180,AGENT,274.54,627.097,MIA
