TIMESTAMP,TRACK_ID,OBJECT_TYPE,X,Y,CITY_NAME
8.0,52180,AGENT,-359.994,2319.6,MIA
8.1,52180,AGENT,-360.594,2319.58,MIA
8.2,52180,AGENT,-361.192,2319.56,MIA
8.3,52180,AGENT,-361.788,2319.53,MIA
8.4,52180,AGENT,-362.378,2319.51,MIA
8.5,52180,AGENT,-362.958,2319.49,MIA
8.6,52180,AGENT,-363.529,2319.47,MIA
8.7,52180,AGENT,-364.094,2319.45,MIA
8.8,52180,AGENT,-364.653,2319.43,MIA
8.9,52180,AGENT,-365.203,2319.41,MIA
9.0,52180,AGENT,-365.743,2319.39,MIA
9.1,52180,AGENT,-366.274,2319.37,MIA
9.2,52180,AGENT,-366.799,2319.35,MIA
9.3,52180,AGENT,-367.318,2319.32,MIA
9.4,52180,AGENT,-367.827,2319.31,MIA
9.5,52180,AGENT,-368.331,2319.29,MIA
9.6,52180,AGENT,-368.829,2319.27,MIA
9.7,52180,AGENT,-369.318,2319.25,MIA
9.8,52180,AGENT,-369.8,2319.23,MIA
9.9,52180,AGENT,-370.277,2319.21,MIA
10.0,52180,AGENT,-370.745,2319.19,MIA
10.1,52180,AGENT,-371.206,2319.17,MIA
10.2,52180,AGENT,-371.662,2319.15,MIA
10.3,52180,AGENT,-372.112,2319.13,MIA
10.4,52180,AGENT,-372.556,2319.11,MIA
10.5,52180,AGENT,-372.995,2319.09,MIA
10.6,52180,AGENT,-373.431,2319.07,MIA
10.7,52180,AGENT,-373.862,2319.06,MIA
10.8,52180,AGENT,-374.287,2319.04,MIA
10.9,52180,AGENT,-374.706,2319.02,MIA
11.0,52180,AGENT,-375.119,2319.0,MIA
11.1,52180,AGENT,-375.53,2318.98,MIA
11.2,52180,AGENT,-375.941,2318.96,MIA
11.3,52180,AGENT,-376.352,2318.95,MIA
11.4,52180,AGENT,-376.765,2318.93,MIA
11.5,52180,AGENT,-377.178,2318.91,MIA
11.6,52180,AGENT,-377.591,2318.89,MIA
11.7,52180,AGENT,-378.006,2318.87,MIA
11.8,52180,AGENT,-378.422,2318.85,MIA
11.9,52180,AGENT,-378.839,2318.83,MIA
12.0,52180,AGENT,-379.257,2318.8,MIA
12.1,52180,AGENT,-379.676,2318.78,MIA
12.2,52180,AGENT,-380.097,2318.76,MIA
12.3,52180,AGENT,-380.52,2318.74,MIA
12.4,52180,AGENT,-380.944,2318.72,MIA
12.5,52180,AGENT,-381.369,2318.7,MIA
12.6,52180,AGENT,-381.797,2318.68,MIA
12.7,52180,AGENT,-382.226,2318.66,MIA
12.8,52180,AGENT,-382.653,2318.65,MIA
12.9,52180,AGENT,-383.08,2318.63,MIA
