TIMESTAMP,TRACK_ID,OBJECT_TYPE,X,Y,CITY_NAME
22.0,52180,AGENT,-235.757,4044.49,MIA
22.1,52180,AGENT,-235.253,4044.51,MIA
22.2,52180,AGENT,-234.748,4044.53,MIA
22.3,52180,AGENT,-234.244,4044.54,MIA
22.4,52180,AGENT,-233.74,4044.56,MIA
22.5,52180,AGENT,-233.235,4044.58,MIA
22.6,52180,AGENT,-232.731,4044.59,MIA
22.7,52180,AGENT,-232.227,4044.61,MIA
22.8,52180,AGENT,-231.722,4044.63,MIA
22.9,52180,AGENT,-231.218,4044.64,MIA
23.0,52180,AGENT,-230.714,4044.66,MIA
23.1,52180,AGENT,-230.209,4044.68,MIA
23.2,52180,AGENT,-229.705,4044.7,MIA
23.3,52180,AGENT,-229.201,4044.71,MIA
23.4,52180,AGENT,-228.696,4044.73,MIA
23.5,52180,AGENT,-228.192,4044.75,MIA
23.6,52180,AGENT,-227.688,4044.76,MIA
23.7,52180,AGENT,-227.183,4044.78,MIA
23.8,52180,AGENT,-226.679,4044.8,MIA
23.9,52180,AGENT,-226.175,4044.81,MIA
24.0,52180,AGENT,-225.67,4044.83,MIA
24.1,52180,AGENT,-225.166,4044.85,MIA
24.2,52180,AGENT,-224.662,4044.86,MIA
24.3,52180,AGENT,-224.157,4044.88,MIA
24.4,52180,AGENT,-223.653,4044.9,MIA
24.5,52180,AGENT,-223.148,4044.91,MIA
24.6,52180,AGENT,-222.644,4044.93,MIA
24.7,52180,AGENT,-222.14,4044.95,MIA
24.8,52180,AGENT,-221.635,4044.96,MIA
24.9,52180,AGENT,-221.131,4044.98,MIA
25.0,52180,AGENT,-220.627,4044.99,MIA
25.1,52180,AGENT,-220.122,4045.01,MIA
25.2,52180,AGENT,-219.618,4045.03,MIA
25.3,52180,AGENT,-219.114,4045.04,MIA
25.4,52180,AGENT,-218.609,4045.06,MIA
25.5,52180,AGENT,-218.105,4045.08,MIA
25.6,52180,AGENT,-217.601,4045.09,MIA
25.7,52180,AGENT,-217.096,4045.11,MIA
25.8,52180,AGENT,-216.592,4045.12,MIA
25.9,52180,AGENT,-216.087,4045.14,MIA
26.0,52180,AGENT,-215.583,4045.16,MIA
26.1,52180,AGENT,-215.079,4045.17,MIA
26.2,52180,AGENT,-214.574,4045.19,MIA
26.3,52180,AGENT,-214.07,4045.21,MIA
26.4,52180,AGENT,-213.566,4045.22,MIA
26.5,52180,AGENT,-213.061,4045.24,MIA
26.6,52180,AGENT,-212.557,4045.25,MIA
26.7,52180,AGENT,-212.052,4045.27,MIA
26.8,52180,AGENT,-211.548,4045.29,MIA
26.9,52180,AGENT,-211.044,4045.3,MIA
