TIMESTAMP,TRACK_ID,OBJECT_TYPE,X,Y,CITY_NAME
118.0,52180,AGENT,3169.96,1925.09,PIT
118.1,52180,AGENT,3169.7,1925.36,PIT
118.2,52180,AGENT,3169.44,1925.64,PIT
118.3,52180,AGENT,3169.18,1925.91,PIT
118.4,52180,AGENT,3168.92,1926.19,PIT
118.5,52180,AGENT,3168.67,1926.46,PIT
118.6,52180,AGENT,3168.42,1926.74,PIT
118.7,52180,AGENT,3168.17,1927.02,PIT
118.8,52180,AGENT,3167.92,1927.3,PIT
118.9,52180,AGENT,3167.69,1927.58,PIT
119.0,52180,AGENT,3167.46,1927.86,PIT
119.1,52180,AGENT,3167.24,1928.12,PIT
119.2,52180,AGENT,3167.02,1928.39,PIT
119.3,52180,AGENT,3166.82,1928.65,PIT
119.4,52180,AGENT,3166.62,1928.9,PIT
119.5,52180,AGENT,3166.44,1929.15,PIT
119.6,52180,AGENT,3166.27,1929.41,PIT
119.7,52180,AGENT,3166.11,1929.67,PIT
119.8,52180,AGENT,3165.96,1929.94,PIT
119.9,52180,AGENT,3165.83,1930.21,PIT
120.0,52180,AGENT,3165.71,1930.48,PIT
120.1,52180,AGENT,3165.61,1930.75,PIT
120.2,52180,AGENT,3165.53,1931.03,PIT
120.3,52180,AGENT,3165.46,1931.3,PIT
120.4,52180,AGENT,3165.41,1931.58,PIT
120.5,52180,AGENT,3165.37,1931.86,PIT
120.6,52180,AGENT,3165.35,1932.14,PIT
120.7,52180,AGENT,3165.35,1932.41,PIT
120.8,52180,AGENT,3165.36,1932.69,PIT
120.9,52180,AGENT,3165.39,1932.96,PIT
121.0,52180,AGENT,3165.44,1933.24,PIT
121.1,52180,AGENT,3165.51,1933.53,PIT
121.2,52180,AGENT,3165.59,1933.81,PIT
121.3,52180,AGENT,3165.7,1934.1,PIT
121.4,52180,AGENT,3165.82,1934.4,PIT
121.5,52180,AGENT,3165.96,1934.69,PIT
121.6,52180,AGENT,3166.12,1934.99,PIT
121.7,52180,AGENT,3166.3,1935.29,PIT
121.8,52180,AGENT,3166.49,1935.59,PIT
121.9,52180,AGENT,3166.69,1935.89,PIT
122.0,52180,AGENT,3166.92,1936.2,PIT
122.1,52180,AGENT,3167.15,1936.5,PIT
122.2,52180,AGENT,3167.4,1936.81,PIT
122.3,52180,AGENT,3167.66,1937.13,PIT
122.4,52180,AGENT,3167.94,1937.44,PIT
122.5,52180,AGENT,3168.22,1937.75,PIT
122.6,52180,AGENT,3168.52,1938.07,PIT
122.7,52180,AGENT,3168.83,1938.39,PIT
122.8,52180,AGENT,3169.15,1938.72,PIT
122.9,52180,AGENT,3169.47,1939.04,PIT
