TIMESTAMP,TRACK_ID,OBJECT_TYPE,X,Y,CITY_NAME
108.0,52180,AGENT,2185.03,841.264,PIT
108.1,52180,AGENT,2184.64,840.942,PIT
108.2,52180,AGENT,2184.25,840.62,PIT
108.3,52180,AGENT,2183.85,840.297,PIT
108.4,52180,AGENT,2183.46,839.974,PIT
108.5,52180,AGENT,2183.07,839.651,PIT
108.6,52180,AGENT,2182.68,839.328,PIT
108.7,52180,AGENT,2182.28,839.005,PIT
108.8,52180,AGENT,2181.89,838.681,PIT
108.9,52180,AGENT,2181.5,838.357,PIT
109.0,52180,AGENT,2181.11,838.032,PIT
109.1,52180,AGENT,2180.72,837.708,PIT
109.2,52180,AGENT,2180.32,837.383,PIT
109.3,52180,AGENT,2179.93,837.058,PIT
109.4,52180,AGENT,2179.54,836.732,PIT
109.5,52180,AGENT,2179.15,836.407,PIT
109.6,52180,AGENT,2178.76,836.081,PIT
109.7,52180,AGENT,2178.37,835.755,PIT
109.8,52180,AGENT,2177.98,835.429,PIT
109.9,52180,AGENT,2177.59,835.103,PIT
110.0,52180,AGENT,2177.2,834.776,PIT
110.1,52180,AGENT,2176.81,834.45,PIT
110.2,52180,AGENT,2176.42,834.123,PIT
110.3,52180,AGENT,2176.03,833.797,PIT
110.4,52180,AGENT,2175.64,833.47,PIT
110.5,52180,AGENT,2175.25,833.144,PIT
110.6,52180,AGENT,2174.86,832.818,PIT
110.7,52180,AGENT,2174.47,832.491,PIT
110.8,52180,AGENT,2174.08,832.165,PIT
110.9,52180,AGENT,2173.69,831.839,PIT
111.0,52180,AGENT,2173.3,831.514,PIT
111.1,52180,AGENT,2172.91,831.188,PIT
111.2,52180,AGENT,2172.52,830.863,PIT
111.3,52180,AGENT,2172.12,830.538,PIT
111.4,52180,AGENT,2171.73,830.213,PIT
111.5,52180,AGENT,2171.34,829.889,PIT
111.6,52180,AGENT,2170.95,829.565,PIT
111.7,52180,AGENT,2170.56,829.241,PIT
111.8,52180,AGENT,2170.16,828.917,PIT
111.9,52180,AGENT,2169.77,828.594,PIT
112.0,52180,AGENT,2169.38,828.272,PIT
112.1,52180,AGENT,2168.98,827.949,PIT
112.2,52180,AGENT,2168.59,827.627,PIT
112.3,52180,AGENT,2168.2,827.306,PIT
112.4,52180,AGENT,2167.8,826.985,PIT
112.5,52180,AGENT,2167.41,826.664,PIT
112.6,52180,AGENT,2167.01,826.344,PIT
112.7,52180,AGENT,2166.62,826.024,PIT
112.8,52180,AGENT,2166.22,825.704,PIT
112.9,52180,AGENT,2165.83,825.384,PIT
