TIMESTAMP,TRACK_ID,OBJECT_TYPE,X,Y,CITY_NAME
22.0,52180,AGENT,1508.83,43.6618,PIT
22.1,52180,AGENT,1508.56,43.1228,PIT
22.2,52180,AGENT,1508.3,42.5837,PIT
22.3,52180,AGENT,1508.04,42.0446,PIT
22.4,52180,AGENT,1507.77,41.5054,PIT
22.5,52180,AGENT,1507.51,40.9663,PIT
22.6,52180,AGENT,1507.25,40.4271,PIT
22.7,52180,AGENT,1506.98,39.8879,PIT
22.8,52180,AGENT,1506.72,39.3487,PIT
22.9,52180,AGENT,1506.46,38.8095,PIT
23.0,52180,AGENT,1506.19,38.2703,PIT
23.1,52180,AGENT,1505.93,37.731,PIT
23.2,52180,AGENT,1505.67,37.1917,PIT
23.3,52180,AGENT,1505.4,36.6525,PIT
23.4,52180,AGENT,1505.14,36.1132,PIT
23.5,52180,AGENT,1504.88,35.5739,PIT
23.6,52180,AGENT,1504.61,35.0346,PIT
23.7,52180,AGENT,1504.35,34.4952,PIT
23.8,52180,AGENT,1504.09,33.9559,PIT
23.9,52180,AGENT,1503.83,33.4166,PIT
24.0,52180,AGENT,1503.56,32.8773,PIT
24.1,52180,AGENT,1503.3,32.338,PIT
24.2,52180,AGENT,1503.04,31.7987,PIT
24.3,52180,AGENT,1502.77,31.2594,PIT
24.4,52180,AGENT,1502.51,30.7201,PIT
24.5,52180,AGENT,1502.25,30.1809,PIT
24.6,52180,AGENT,1501.98,29.6416,PIT
24.7,52180,AGENT,1501.72,29.1024,PIT
24.8,52180,AGENT,1501.46,28.5633,PIT
24.9,52180,AGENT,1501.2,28.0241,PIT
25.0,52180,AGENT,1500.93,27.485,PIT
25.1,52180,AGENT,1500.67,26.946,PIT
25.2,52180,AGENT,1500.4,26.407,PIT
25.3,52180,AGENT,1500.14,25.868,PIT
25.4,52180,AGENT,1499.88,25.3291,PIT
25.5,52180,AGENT,1499.61,24.7902,PIT
25.6,52180,AGENT,1499.35,24.2514,PIT
25.7,52180,AGENT,1499.09,23.7127,PIT
25.8,52180,AGENT,1498.82,23.174,PIT
25.9,52180,AGENT,1498.56,22.6353,PIT
26.0,52180,AGENT,1498.29,22.0968,PIT
26.1,52180,AGENT,1498.03,21.5583,PIT
26.2,52180,AGENT,1497.76,21.0198,PIT
26.3,52180,AGENT,1497.5,20.4814,PIT
26.4,52180,AGENT,1497.23,19.9431,PIT
26.5,52180,AGENT,1496.97,19.4048,PIT
26.6,52180,AGENT,1496.7,18.8665,PIT
26.7,52180,AGENT,1496.44,18.3283,PIT
26.8,52180,AGENT,1496.17,17.7901,PIT
26.9,52180,AGENT,1495.91,17.2519,PIT
