TIMESTAMP,TRACK_ID,OBJECT_TYPE,X,Y,CITY_NAME
130.0,52180,AGENT,3689.15,2102.43,PIT
130.1,52180,AGENT,3688.82,2102.15,PIT
130.2,52180,AGENT,3688.49,2101.87,PIT
130.3,52180,AGENT,3688.16,2101.59,PIT
130.4,52180,AGENT,3687.84,2101.3,PIT
130.5,52180,AGENT,3687.51,2101.02,PIT
130.6,52180,AGENT,3687.18,2100.74,PIT
130.7,52180,AGENT,3686.84,2100.45,PIT
130.8,52180,AGENT,3686.51,2100.17,PIT
130.9,52180,AGENT,3686.17,2099.89,PIT
131.0,52180,AGENT,3685.84,2099.61,PIT
131.1,52180,AGENT,3685.5,2099.33,PIT
131.2,52180,AGENT,3685.16,2099.06,PIT
131.3,52180,AGENT,3684.82,2098.78,PIT
131.4,52180,AGENT,3684.48,2098.52,PIT
131.5,52180,AGENT,3684.14,2098.25,PIT
131.6,52180,AGENT,3683.8,2097.99,PIT
131.7,52180,AGENT,3683.45,2097.74,PIT
131.8,52180,AGENT,3683.1,2097.49,PIT
131.9,52180,AGENT,3682.75,2097.24,PIT
132.0,52180,AGENT,3682.4,2097.01,PIT
132.1,52180,AGENT,3682.05,2096.78,PIT
132.2,52180,AGENT,3681.71,2096.56,PIT
132.3,52180,AGENT,3681.37,2096.35,PIT
132.4,52180,AGENT,3681.03,2096.15,PIT
132.5,52180,AGENT,3680.68,2095.97,PIT
132.6,52180,AGENT,3680.33,2095.79,PIT
132.7,52180,AGENT,3679.98,2095.63,PIT
132.8,52180,AGENT,3679.63,2095.47,PIT
132.9,52180,AGENT,3679.27,2095.33,PIT
133.0,52180,AGENT,3678.91,2095.21,PIT
133.1,52180,AGENT,3678.55,2095.1,PIT
133.2,52180,AGENT,3678.19,2095.0,PIT
133.3,52180,AGENT,3677.83,2094.92,PIT
133.4,52180,AGENT,3677.47,2094.86,PIT
133.5,52180,AGENT,3677.11,2094.8,PIT
133.6,52180,AGENT,3676.75,2094.77,PIT
133.7,52180,AGENT,3676.39,2094.75,PIT
133.8,52180,AGENT,3676.03,2094.75,PIT
133.9,52180,AGENT,3675.67,2094.77,PIT
134.0,52180,AGENT,3675.32,2094.8,PIT
134.1,52180,AGENT,3674.96,2094.84,PIT
134.2,52180,AGENT,3674.61,2094.9,PIT
134.3,52180,AGENT,3674.27,2094.98,PIT
134.4,52180,AGENT,3673.92,2095.07,PIT
134.5,52180,AGENT,3673.58,2095.17,PIT
134.6,52180,AGENT,3673.24,2095.28,PIT
134.7,52180,AGENT,3672.9,2095.42,PIT
134.8,52180,AGENT,3672.55,2095.56,PIT
134.9,52180,AGENT,3672.22,2095.72,PIT
