TIMESTAMP,TRACK_ID,OBJECT_TYPE,X,Y,CITY_NAME
2.0,52180,AGENT,1242.18,200.333,PIT
2.1,52180,AGENT,1242.38,199.768,PIT
2.2,52180,AGENT,1242.59,199.204,PIT
2.3,52180,AGENT,1242.79,198.639,PIT
2.4,52180,AGENT,1242.99,198.075,PIT
2.5,52180,AGENT,1243.2,197.51,PIT
2.6,52180,AGENT,1243.4,196.946,PIT
2.7,52180,AGENT,1243.6,196.381,PIT
2.8,52180,AGENT,1243.81,195.817,PIT
2.9,52180,AGENT,1244.01,195.253,PIT
3.0,52180,AGENT,1244.22,194.689,PIT
3.1,52180,AGENT,1244.42,194.125,PIT
3.2,52180,AGENT,1244.63,193.561,PIT
3.3,52180,AGENT,1244.83,192.997,PIT
3.4,52180,AGENT,1245.04,192.433,PIT
3.5,52180,AGENT,1245.25,191.87,PIT
3.6,52180,AGENT,1245.45,191.306,PIT
3.7,52180,AGENT,1245.66,190.743,PIT
3.8,52180,AGENT,1245.87,190.18,PIT
3.9,52180,AGENT,1246.08,189.616,PIT
4.0,52180,AGENT,1246.28,189.053,PIT
4.1,52180,AGENT,1246.49,188.491,PIT
4.2,52180,AGENT,1246.7,187.928,PIT
4.3,52180,AGENT,1246.91,187.365,PIT
4.4,52180,AGENT,1247.12,186.802,PIT
4.5,52180,AGENT,1247.33,186.239,PIT
4.6,52180,AGENT,1247.54,185.676,PIT
4.7,52180,AGENT,1247.74,185.113,PIT
4.8,52180,AGENT,1247.95,184.549,PIT
4.9,52180,AGENT,1248.16,183.986,PIT
5.0,52180,AGENT,1248.36,183.422,PIT
5.1,52180,AGENT,1248.57,182.858,PIT
5.2,52180,AGENT,1248.77,182.293,PIT
5.3,52180,AGENT,1248.97,181.729,PIT
5.4,52180,AGENT,1249.17,181.163,PIT
5.5,52180,AGENT,1249.37,180.598,PIT
5.6,52180,AGENT,1249.56,180.036,PIT
5.7,52180,AGENT,1249.75,179.483,PIT
5.8,52180,AGENT,1249.94,178.933,PIT
5.9,52180,AGENT,1250.12,178.384,PIT
6.0,52180,AGENT,1250.3,177.836,PIT
6.1,52180,AGENT,1250.48,177.293,PIT
6.2,52180,AGENT,1250.65,176.754,PIT
6.3,52180,AGENT,1250.82,176.22,PIT
6.4,52180,AGENT,1250.99,175.692,PIT
6.5,52180,AGENT,1251.15,175.164,PIT
6.6,52180,AGENT,1251.31,174.642,PIT
6.7,52180,AGENT,1251.46,174.128,PIT
6.8,52180,AGENT,1251.61,173.623,PIT
6.9,52180,AGENT,1251.76,173.123,PIT
