TIMESTAMP,TRACK_ID,OBJECT_TYPE,X,Y,CITY_NAME
6.0,52180,AGENT,1239.51,223.04,PIT
6.1,52180,AGENT,1239.33,223.415,PIT
6.2,52180,AGENT,1239.15,223.779,PIT
6.3,52180,AGENT,1238.96,224.135,PIT
6.4,52180,AGENT,1238.76,224.485,PIT
6.5,52180,AGENT,1238.56,224.829,PIT
6.6,52180,AGENT,1238.35,225.165,PIT
6.7,52180,AGENT,1238.12,225.494,PIT
6.8,52180,AGENT,1237.89,225.813,PIT
6.9,52180,AGENT,1237.65,226.122,PIT
7.0,52180,AGENT,1237.4,226.421,PIT
7.1,52180,AGENT,1237.14,226.709,PIT
7.2,52180,AGENT,1236.87,226.985,PIT
7.3,52180,AGENT,1236.59,227.248,PIT
7.4,52180,AGENT,1236.31,227.499,PIT
7.5,52180,AGENT,1236.02,227.736,PIT
7.6,52180,AGENT,1235.72,227.96,PIT
7.7,52180,AGENT,1235.42,228.17,PIT
7.8,52180,AGENT,1235.11,228.367,PIT
7.9,52180,AGENT,1234.8,228.549,PIT
8.0,52180,AGENT,1234.48,228.717,PIT
8.1,52180,AGENT,1234.15,228.871,PIT
8.2,52180,AGENT,1233.82,229.01,PIT
8.3,52180,AGENT,1233.49,229.135,PIT
8.4,52180,AGENT,1233.15,229.247,PIT
8.5,52180,AGENT,1232.81,229.345,PIT
8.6,52180,AGENT,1232.47,229.428,PIT
8.7,52180,AGENT,1232.11,229.496,PIT
8.8,52180,AGENT,1231.73,229.548,PIT
8.9,52180,AGENT,1231.35,229.584,PIT
9.0,52180,AGENT,1230.96,229.606,PIT
9.1,52180,AGENT,1230.56,229.614,PIT
9.2,52180,AGENT,1230.15,229.608,PIT
9.3,52180,AGENT,1229.73,229.589,PIT
9.4,52180,AGENT,1229.31,229.558,PIT
9.5,52180,AGENT,1228.88,229.513,PIT
9.6,52180,AGENT,1228.44,229.457,PIT
9.7,52180,AGENT,1228.0,229.389,PIT
9.8,52180,AGENT,1227.54,229.31,PIT
9.9,52180,AGENT,1227.08,229.22,PIT
10.0,52180,AGENT,1226.62,229.12,PIT
10.1,52180,AGENT,1226.14,229.01,PIT
10.2,52180,AGENT,1225.66,228.891,PIT
10.3,52180,AGENT,1225.18,228.765,PIT
10.4,52180,AGENT,1224.69,228.631,PIT
10.5,52180,AGENT,1224.2,228.491,PIT
10.6,52180,AGENT,1223.71,228.347,PIT
10.7,52180,AGENT,1223.23,228.198,PIT
10.8,52180,AGENT,1222.74,228.046,PIT
10.9,52180,AGENT,1222.26,227.89,PIT
