TIMESTAMP,TRACK_ID,OBJECT_TYPE,X,Y,CITY_NAME
72.0,52180,AGENT,-247.151,2903.22,MIA
72.1,52180,AGENT,-247.629,2903.2,MIA
72.2,52180,AGENT,-248.109,2903.18,MIA
72.3,52180,AGENT,-248.59,2903.16,MIA
72.4,52180,AGENT,-249.074,2903.14,MIA
72.5,52180,AGENT,-249.559,2903.12,MIA
72.6,52180,AGENT,-250.045,2903.1,MIA
72.7,52180,AGENT,-250.534,2903.08,MIA
72.8,52180,AGENT,-251.023,2903.06,MIA
72.9,52180,AGENT,-251.511,2903.04,MIA
73.0,52180,AGENT,-251.999,2903.02,MIA
73.1,52180,AGENT,-252.486,2903.0,MIA
73.2,52180,AGENT,-252.972,2902.98,MIA
73.3,52180,AGENT,-253.458,2902.96,MIA
73.4,52180,AGENT,-253.944,2902.94,MIA
73.5,52180,AGENT,-254.429,2902.92,MIA
73.6,52180,AGENT,-254.915,2902.9,MIA
73.7,52180,AGENT,-255.399,2902.89,MIA
73.8,52180,AGENT,-255.883,2902.88,MIA
73.9,52180,AGENT,-256.367,2902.87,MIA
74.0,52180,AGENT,-256.849,2902.86,MIA
74.1,52180,AGENT,-257.329,2902.87,MIA
74.2,52180,AGENT,-257.804,2902.87,MIA
74.3,52180,AGENT,-258.271,2902.88,MIA
74.4,52180,AGENT,-258.728,2902.9,MIA
74.5,52180,AGENT,-259.175,2902.92,MIA
74.6,52180,AGENT,-259.613,2902.95,MIA
74.7,52180,AGENT,-260.041,2902.98,MIA
74.8,52180,AGENT,-260.458,2903.02,MIA
74.9,52180,AGENT,-260.864,2903.06,MIA
75.0,52180,AGENT,-261.262,2903.12,MIA
75.1,52180,AGENT,-261.655,2903.18,MIA
75.2,52180,AGENT,-262.041,2903.27,MIA
75.3,52180,AGENT,-262.421,2903.36,MIA
75.4,52180,AGENT,-262.792,2903.48,MIA
75.5,52180,AGENT,-263.155,2903.6,MIA
75.6,52180,AGENT,-263.508,2903.74,MIA
75.7,52180,AGENT,-263.852,2903.89,MIA
75.8,52180,AGENT,-264.186,2904.06,MIA
75.9,52180,AGENT,-264.51,2904.25,MIA
76.0,52180,AGENT,-264.822,2904.44,MIA
76.1,52180,AGENT,-265.124,2904.65,MIA
76.2,52180,AGENT,-265.414,2904.88,MIA
76.3,52180,AGENT,-265.692,2905.11,MIA
76.4,52180,AGENT,-265.958,2905.36,MIA
76.5,52180,AGENT,-266.212,2905.62,MIA
76.6,52180,AGENT,-266.455,2905.89,MIA
76.7,52180,AGENT,-266.688,2906.18,MIA
76.8,52180,AGENT,-266.909,2906.49,MIA
76.9,52180,AGENT,-267.12,2906.81,MIA
