TIMESTAMP,TRACK_ID,OBJECT_TYPE,X,Y,CITY_NAME
122.0,52180,AGENT,-131.76,2986.55,MIA
122.1,52180,AGENT,-132.362,2986.52,MIA
122.2,52180,AGENT,-132.963,2986.5,MIA
122.3,52180,AGENT,-133.564,2986.47,MIA
122.4,52180,AGENT,-134.166,2986.45,MIA
122.5,52180,AGENT,-134.767,2986.42,MIA
122.6,52180,AGENT,-135.369,2986.4,MIA
122.7,52180,AGENT,-135.97,2986.37,MIA
122.8,52180,AGENT,-136.571,2986.35,MIA
122.9,52180,AGENT,-137.173,2986.32,MIA
123.0,52180,AGENT,-137.774,2986.29,MIA
123.1,52180,AGENT,-138.375,2986.27,MIA
123.2,52180,AGENT,-138.977,2986.24,MIA
123.3,52180,AGENT,-139.578,2986.22,MIA
123.4,52180,AGENT,-140.18,2986.19,MIA
123.5,52180,AGENT,-140.781,2986.17,MIA
123.6,52180,AGENT,-141.382,2986.14,MIA
123.7,52180,AGENT,-141.984,2986.12,MIA
123.8,52180,AGENT,-142.585,2986.09,MIA
123.9,52180,AGENT,-143.186,2986.07,MIA
124.0,52180,AGENT,-143.788,2986.04,MIA
124.1,52180,AGENT,-144.389,2986.02,MIA
124.2,52180,AGENT,-144.99,2985.99,MIA
124.3,52180,AGENT,-145.592,2985.97,MIA
124.4,52180,AGENT,-146.193,2985.94,MIA
124.5,52180,AGENT,-146.795,2985.92,MIA
124.6,52180,AGENT,-147.396,2985.89,MIA
124.7,52180,AGENT,-147.997,2985.87,MIA
124.8,52180,AGENT,-148.599,2985.84,MIA
124.9,52180,AGENT,-149.2,2985.82,MIA
125.0,52180,AGENT,-149.802,2985.79,MIA
125.1,52180,AGENT,-150.403,2985.77,MIA
125.2,52180,AGENT,-151.004,2985.74,MIA
125.3,52180,AGENT,-151.606,2985.72,MIA
125.4,52180,AGENT,-152.207,2985.69,MIA
125.5,52180,AGENT,-152.808,2985.67,MIA
125.6,52180,AGENT,-153.41,2985.64,MIA
125.7,52180,AGENT,-154.011,2985.62,MIA
125.8,52180,AGENT,-154.613,2985.59,MIA
125.9,52180,AGENT,-155.214,2985.57,MIA
126.0,52180,AGENT,-155.815,2985.54,MIA
126.1,52180,AGENT,-156.417,2985.52,MIA
126.2,52180,AGENT,-157.018,2985.49,MIA
126.3,52180,AGENT,-157.619,2985.47,MIA
126.4,52180,AGENT,-158.221,2985.44,MIA
126.5,52180,AGENT,-158.822,2985.42,MIA
126.6,52180,AGENT,-159.424,2985.4,MIA
126.7,52180,AGENT,-160.025,2985.37,MIA
126.8,52180,AGENT,-160.626,2985.35,MIA
126.9,52180,AGENT,-161.228,2985.32,MIA
