TIMESTAMP,TRACK_ID,OBJECT_TYPE,X,Y,CITY_NAME
148.0,52180,AGENT,422.689,1119.57,MIA
148.1,52180,AGENT,422.659,1120.21,MIA
148.2,52180,AGENT,422.628,1120.86,MIA
148.3,52180,AGENT,422.597,1121.5,MIA
148.4,52180,AGENT,422.567,1122.15,MIA
148.5,52180,AGENT,422.536,1122.79,MIA
148.6,52180,AGENT,422.505,1123.44,MIA
148.7,52180,AGENT,422.475,1124.08,MIA
148.8,52180,AGENT,422.445,1124.73,MIA
148.9,52180,AGENT,422.415,1125.37,MIA
149.0,52180,AGENT,422.385,1126.02,MIA
149.1,52180,AGENT,422.355,1126.66,MIA
149.2,52180,AGENT,422.326,1127.31,MIA
149.3,52180,AGENT,422.297,1127.95,MIA
149.4,52180,AGENT,422.268,1128.6,MIA
149.5,52180,AGENT,422.24,1129.24,MIA
149.6,52180,AGENT,422.212,1129.89,MIA
149.7,52180,AGENT,422.185,1130.54,MIA
149.8,52180,AGENT,422.158,1131.18,MIA
149.9,52180,AGENT,422.131,1131.83,MIA
150.0,52180,AGENT,422.105,1132.47,MIA
150.1,52180,AGENT,422.079,1133.12,MIA
150.2,52180,AGENT,422.053,1133.76,MIA
150.3,52180,AGENT,422.028,1134.41,MIA
150.4,52180,AGENT,422.003,1135.05,MIA
150.5,52180,AGENT,421.979,1135.7,MIA
150.6,52180,AGENT,421.954,1136.34,MIA
150.7,52180,AGENT,421.93,1136.99,MIA
150.8,52180,AGENT,421.906,1137.63,MIA
150.9,52180,AGENT,421.883,1138.28,MIA
151.0,52180,AGENT,421.859,1138.92,MIA
151.1,52180,AGENT,421.836,1139.57,MIA
151.2,52180,AGENT,421.813,1140.21,MIA
151.3,52180,AGENT,421.79,1140.86,MIA
151.4,52180,AGENT,421.767,1141.51,MIA
151.5,52180,AGENT,421.744,1142.15,MIA
151.6,52180,AGENT,421.721,1142.8,MIA
151.7,52180,AGENT,421.698,1143.44,MIA
151.8,52180,AGENT,421.675,1144.09,MIA
151.9,52180,AGENT,421.653,1144.73,MIA
152.0,52180,AGENT,421.63,1145.38,MIA
152.1,52180,AGENT,421.607,1146.02,MIA
152.2,52180,AGENT,421.583,1146.67,MIA
152.3,52180,AGENT,421.56,1147.31,MIA
152.4,52180,AGENT,421.537,1147.96,MIA
152.5,52180,AGENT,421.513,1148.6,MIA
152.6,52180,AGENT,421.49,1149.25,MIA
152.7,52180,AGENT,421.466,1149.9,MIA
152.8,52180,AGENT,421.442,1150.54,MIA
152.9,52180,AGENT,421.418,1151.19,MIA
