TIMESTAMP,TRACK_ID,OBJECT_TYPE,X,Y,CITY_NAME
106.0,52180,AGENT,610.223,660.605,MIA
106.1,52180,AGENT,610.248,660.0,MIA
106.2,52180,AGENT,610.273,659.394,MIA
106.3,52180,AGENT,610.298,658.788,MIA
106.4,52180,AGENT,610.323,658.182,MIA
106.5,52180,AGENT,610.348,657.576,MIA
106.6,52180,AGENT,610.374,656.971,MIA
106.7,52180,AGENT,610.399,656.365,MIA
106.8,52180,AGENT,610.425,655.759,MIA
106.9,52180,AGENT,610.45,655.153,MIA
107.0,52180,AGENT,610.476,654.548,MIA
107.1,52180,AGENT,610.502,653.942,MIA
107.2,52180,AGENT,610.528,653.336,MIA
107.3,52180,AGENT,610.554,652.731,MIA
107.4,52180,AGENT,610.58,652.125,MIA
107.5,52180,AGENT,610.606,651.519,MIA
107.6,52180,AGENT,610.632,650.913,MIA
107.7,52180,AGENT,610.659,650.308,MIA
107.8,52180,AGENT,610.685,649.702,MIA
107.9,52180,AGENT,610.711,649.096,MIA
108.0,52180,AGENT,610.738,648.491,MIA
108.1,52180,AGENT,610.764,647.885,MIA
108.2,52180,AGENT,610.791,647.279,MIA
108.3,52180,AGENT,610.817,646.673,MIA
108.4,52180,AGENT,610.844,646.068,MIA
108.5,52180,AGENT,610.87,645.462,MIA
108.6,52180,AGENT,610.897,644.856,MIA
108.7,52180,AGENT,610.924,644.251,MIA
108.8,52180,AGENT,610.95,643.645,MIA
108.9,52180,AGENT,610.977,643.039,MIA
109.0,52180,AGENT,611.004,642.433,MIA
109.1,52180,AGENT,611.03,641.828,MIA
109.2,52180,AGENT,611.057,641.222,MIA
109.3,52180,AGENT,611.083,640.616,MIA
109.4,52180,AGENT,611.11,640.011,MIA
109.5,52180,AGENT,611.137,639.405,MIA
109.6,52180,AGENT,611.163,638.799,MIA
109.7,52180,AGENT,611.19,638.194,MIA
109.8,52180,AGENT,611.216,637.588,MIA
109.9,52180,AGENT,611.243,636.982,MIA
110.0,52180,AGENT,611.269,636.376,MIA
110.1,52180,AGENT,611.296,635.771,MIA
110.2,52180,AGENT,611.322,635.165,MIA
110.3,52180,AGENT,611.349,634.559,MIA
110.4,52180,AGENT,611.375,633.954,MIA
110.5,52180,AGENT,611.401,633.348,MIA
110.6,52180,AGENT,611.428,632.742,MIA
110.7,52180,AGENT,611.454,632.136,MIA
110.8,52180,AGENT,611.48,631.531,MIA
110.9,52180,AGENT,611.506,630.925,MIA
