TIMESTAMP,TRACK_ID,OBJECT_TYPE,X,Y,CITY_NAME
80.0,52180,AGENT,130.916,2913.07,MIA
80.1,52180,AGENT,131.151,2912.83,MIA
80.2,52180,AGENT,131.374,2912.58,MIA
80.3,52180,AGENT,131.585,2912.3,MIA
80.4,52180,AGENT,131.783,2912.02,MIA
80.5,52180,AGENT,131.97,2911.71,MIA
80.6,52180,AGENT,132.144,2911.39,MIA
80.7,52180,AGENT,132.306,2911.05,MIA
80.8,52180,AGENT,132.457,2910.7,MIA
80.9,52180,AGENT,132.597,2910.33,MIA
81.0,52180,AGENT,132.726,2909.95,MIA
81.1,52180,AGENT,132.844,2909.56,MIA
81.2,52180,AGENT,132.952,2909.15,MIA
81.3,52180,AGENT,133.051,2908.73,MIA
81.4,52180,AGENT,133.14,2908.29,MIA
81.5,52180,AGENT,133.221,2907.84,MIA
81.6,52180,AGENT,133.294,2907.38,MIA
81.7,52180,AGENT,133.36,2906.91,MIA
81.8,52180,AGENT,133.419,2906.43,MIA
81.9,52180,AGENT,133.471,2905.93,MIA
82.0,52180,AGENT,133.517,2905.43,MIA
82.1,52180,AGENT,133.558,2904.91,MIA
82.2,52180,AGENT,133.594,2904.39,MIA
82.3,52180,AGENT,133.626,2903.85,MIA
82.4,52180,AGENT,133.653,2903.31,MIA
82.5,52180,AGENT,133.678,2902.76,MIA
82.6,52180,AGENT,133.698,2902.19,MIA
82.7,52180,AGENT,133.717,2901.62,MIA
82.8,52180,AGENT,133.732,2901.04,MIA
82.9,52180,AGENT,133.746,2900.45,MIA
83.0,52180,AGENT,133.759,2899.84,MIA
83.1,52180,AGENT,133.769,2899.24,MIA
83.2,52180,AGENT,133.779,2898.63,MIA
83.3,52180,AGENT,133.787,2898.03,MIA
83.4,52180,AGENT,133.795,2897.42,MIA
83.5,52180,AGENT,133.802,2896.81,MIA
83.6,52180,AGENT,133.808,2896.21,MIA
83.7,52180,AGENT,133.814,2895.6,MIA
83.8,52180,AGENT,133.821,2895.0,MIA
83.9,52180,AGENT,133.827,2894.39,MIA
84.0,52180,AGENT,133.833,2893.79,MIA
84.1,52180,AGENT,133.84,2893.18,MIA
84.2,52180,AGENT,133.847,2892.57,MIA
84.3,52180,AGENT,133.854,2891.97,MIA
84.4,52180,AGENT,133.862,2891.36,MIA
84.5,52180,AGENT,133.87,2890.76,MIA
84.6,52180,AGENT,133.879,2890.15,MIA
84.7,52180,AGENT,133.888,2889.54,MIA
84.8,52180,AGENT,133.898,2888.94,MIA
84.9,52180,AGENT,133.909,2888.33,MIA
