TIMESTAMP,TRACK_ID,OBJECT_TYPE,X,Y,CITY_NAME
102.0,52180,AGENT,865.71,2122.34,MIA
102.1,52180,AGENT,865.686,2122.94,MIA
102.2,52180,AGENT,865.659,2123.53,MIA
102.3,52180,AGENT,865.629,2124.12,MIA
102.4,52180,AGENT,865.595,2124.72,MIA
102.5,52180,AGENT,865.559,2125.31,MIA
102.6,52180,AGENT,865.518,2125.91,MIA
102.7,52180,AGENT,865.473,2126.51,MIA
102.8,52180,AGENT,865.423,2127.13,MIA
102.9,52180,AGENT,865.37,2127.74,MIA
103.0,52180,AGENT,865.314,2128.35,MIA
103.1,52180,AGENT,865.254,2128.96,MIA
103.2,52180,AGENT,865.191,2129.57,MIA
103.3,52180,AGENT,865.125,2130.19,MIA
103.4,52180,AGENT,865.055,2130.8,MIA
103.5,52180,AGENT,864.981,2131.41,MIA
103.6,52180,AGENT,864.903,2132.02,MIA
103.7,52180,AGENT,864.82,2132.65,MIA
103.8,52180,AGENT,864.733,2133.27,MIA
103.9,52180,AGENT,864.641,2133.9,MIA
104.0,52180,AGENT,864.547,2134.53,MIA
104.1,52180,AGENT,864.449,2135.15,MIA
104.2,52180,AGENT,864.347,2135.78,MIA
104.3,52180,AGENT,864.242,2136.4,MIA
104.4,52180,AGENT,864.134,2137.03,MIA
104.5,52180,AGENT,864.023,2137.65,MIA
104.6,52180,AGENT,863.907,2138.28,MIA
104.7,52180,AGENT,863.787,2138.91,MIA
104.8,52180,AGENT,863.664,2139.54,MIA
104.9,52180,AGENT,863.537,2140.17,MIA
105.0,52180,AGENT,863.407,2140.8,MIA
105.1,52180,AGENT,863.274,2141.43,MIA
105.2,52180,AGENT,863.138,2142.06,MIA
105.3,52180,AGENT,862.999,2142.69,MIA
105.4,52180,AGENT,862.856,2143.32,MIA
105.5,52180,AGENT,862.711,2143.94,MIA
105.6,52180,AGENT,862.562,2144.57,MIA
105.7,52180,AGENT,862.409,2145.19,MIA
105.8,52180,AGENT,862.254,2145.82,MIA
105.9,52180,AGENT,862.095,2146.44,MIA
106.0,52180,AGENT,861.932,2147.06,MIA
106.1,52180,AGENT,861.766,2147.68,MIA
106.2,52180,AGENT,861.597,2148.3,MIA
106.3,52180,AGENT,861.423,2148.92,MIA
106.4,52180,AGENT,861.247,2149.54,MIA
106.5,52180,AGENT,861.066,2150.15,MIA
106.6,52180,AGENT,860.882,2150.77,MIA
106.7,52180,AGENT,860.694,2151.38,MIA
106.8,52180,AGENT,860.502,2152.0,MIA
106.9,52180,AGENT,860.306,2152.61,MIA
