TIMESTAMP,TRACK_ID,OBJECT_TYPE,X,Y,CITY_NAME
82.0,52180,AGENT,235.691,1513.77,MIA
82.1,52180,AGENT,235.943,1513.42,MIA
82.2,52180,AGENT,236.187,1513.06,MIA
82.3,52180,AGENT,236.422,1512.7,MIA
82.4,52180,AGENT,236.649,1512.33,MIA
82.5,52180,AGENT,236.867,1511.95,MIA
82.6,52180,AGENT,237.077,1511.56,MIA
82.7,52180,AGENT,237.278,1511.15,MIA
82.8,52180,AGENT,237.472,1510.73,MIA
82.9,52180,AGENT,237.655,1510.29,MIA
83.0,52180,AGENT,237.83,1509.85,MIA
83.1,52180,AGENT,237.996,1509.39,MIA
83.2,52180,AGENT,238.153,1508.92,MIA
83.3,52180,AGENT,238.302,1508.44,MIA
83.4,52180,AGENT,238.442,1507.95,MIA
83.5,52180,AGENT,238.573,1507.44,MIA
83.6,52180,AGENT,238.696,1506.93,MIA
83.7,52180,AGENT,238.811,1506.4,MIA
83.8,52180,AGENT,238.919,1505.86,MIA
83.9,52180,AGENT,239.019,1505.31,MIA
84.0,52180,AGENT,239.112,1504.75,MIA
84.1,52180,AGENT,239.198,1504.18,MIA
84.2,52180,AGENT,239.278,1503.61,MIA
84.3,52180,AGENT,239.352,1503.02,MIA
84.4,52180,AGENT,239.421,1502.42,MIA
84.5,52180,AGENT,239.484,1501.81,MIA
84.6,52180,AGENT,239.542,1501.21,MIA
84.7,52180,AGENT,239.595,1500.6,MIA
84.8,52180,AGENT,239.644,1500.0,MIA
84.9,52180,AGENT,239.689,1499.39,MIA
85.0,52180,AGENT,239.73,1498.79,MIA
85.1,52180,AGENT,239.768,1498.18,MIA
85.2,52180,AGENT,239.803,1497.58,MIA
85.3,52180,AGENT,239.835,1496.97,MIA
85.4,52180,AGENT,239.865,1496.36,MIA
85.5,52180,AGENT,239.892,1495.76,MIA
85.6,52180,AGENT,239.918,1495.15,MIA
85.7,52180,AGENT,239.942,1494.54,MIA
85.8,52180,AGENT,239.965,1493.94,MIA
85.9,52180,AGENT,239.986,1493.33,MIA
86.0,52180,AGENT,240.006,1492.73,MIA
86.1,52180,AGENT,240.026,1492.12,MIA
86.2,52180,AGENT,240.045,1491.51,MIA
86.3,52180,AGENT,240.063,1490.91,MIA
86.4,52180,AGENT,240.081,1490.3,MIA
86.5,52180,AGENT,240.099,1489.69,MIA
86.6,52180,AGENT,240.116,1489.09,MIA
86.7,52180,AGENT,240.134,1488.48,MIA
86.8,52180,AGENT,240.151,1487.87,MIA
86.9,52180,AGENT,240.169,1487.27,MIA
