TIMESTAMP,TRACK_ID,OBJECT_TYPE,X,Y,CITY_NAME
32.0,52180,AGENT,-185.886,901.256,MIA
32.1,52180,AGENT,-185.282,901.277,MIA
32.2,52180,AGENT,-184.678,901.298,MIA
32.3,52180,AGENT,-184.074,901.319,MIA
32.4,52180,AGENT,-183.472,901.339,MIA
32.5,52180,AGENT,-182.877,901.36,MIA
32.6,52180,AGENT,-182.29,901.38,MIA
32.7,52180,AGENT,-181.71,901.401,MIA
32.8,52180,AGENT,-181.135,901.421,MIA
32.9,52180,AGENT,-180.566,901.44,MIA
33.0,52180,AGENT,-180.003,901.46,MIA
33.1,52180,AGENT,-179.444,901.479,MIA
33.2,52180,AGENT,-178.884,901.498,MIA
33.3,52180,AGENT,-178.323,901.517,MIA
33.4,52180,AGENT,-177.762,901.536,MIA
33.5,52180,AGENT,-177.201,901.554,MIA
33.6,52180,AGENT,-176.64,901.572,MIA
33.7,52180,AGENT,-176.084,901.589,MIA
33.8,52180,AGENT,-175.531,901.607,MIA
33.9,52180,AGENT,-174.977,901.624,MIA
34.0,52180,AGENT,-174.428,901.64,MIA
34.1,52180,AGENT,-173.881,901.656,MIA
34.2,52180,AGENT,-173.334,901.672,MIA
34.3,52180,AGENT,-172.79,901.688,MIA
34.4,52180,AGENT,-172.252,901.703,MIA
34.5,52180,AGENT,-171.715,901.719,MIA
34.6,52180,AGENT,-171.179,901.734,MIA
34.7,52180,AGENT,-170.645,901.75,MIA
34.8,52180,AGENT,-170.116,901.765,MIA
34.9,52180,AGENT,-169.592,901.781,MIA
35.0,52180,AGENT,-169.069,901.798,MIA
35.1,52180,AGENT,-168.547,901.816,MIA
35.2,52180,AGENT,-168.027,901.835,MIA
35.3,52180,AGENT,-167.508,901.855,MIA
35.4,52180,AGENT,-166.99,901.878,MIA
35.5,52180,AGENT,-166.474,901.903,MIA
35.6,52180,AGENT,-165.958,901.931,MIA
35.7,52180,AGENT,-165.445,901.963,MIA
35.8,52180,AGENT,-164.932,901.998,MIA
35.9,52180,AGENT,-164.425,902.037,MIA
36.0,52180,AGENT,-163.923,902.079,MIA
36.1,52180,AGENT,-163.427,902.126,MIA
36.2,52180,AGENT,-162.94,902.176,MIA
36.3,52180,AGENT,-162.462,902.23,MIA
36.4,52180,AGENT,-161.989,902.29,MIA
36.5,52180,AGENT,-161.516,902.359,MIA
36.6,52180,AGENT,-161.044,902.436,MIA
36.7,52180,AGENT,-160.573,902.524,MIA
36.8,52180,AGENT,-160.104,902.622,MIA
36.9,52180,AGENT,-159.637,902.73,MIA
