TIMESTAMP,TRACK_ID,OBJECT_TYPE,X,Y,CITY_NAME
152.0,52180,AGENT,777.891,-27.8929,PIT
152.1,52180,AGENT,778.406,-27.9938,PIT
152.2,52180,AGENT,778.921,-28.0866,PIT
152.3,52180,AGENT,779.436,-28.1711,PIT
152.4,52180,AGENT,779.951,-28.2472,PIT
152.5,52180,AGENT,780.467,-28.3148,PIT
152.6,52180,AGENT,780.981,-28.3738,PIT
152.7,52180,AGENT,781.496,-28.424,PIT
152.8,52180,AGENT,782.011,-28.4651,PIT
152.9,52180,AGENT,782.528,-28.4964,PIT
153.0,52180,AGENT,783.047,-28.518,PIT
153.1,52180,AGENT,783.567,-28.5298,PIT
153.2,52180,AGENT,784.089,-28.5318,PIT
153.3,52180,AGENT,784.611,-28.5239,PIT
153.4,52180,AGENT,785.134,-28.5063,PIT
153.5,52180,AGENT,785.659,-28.4789,PIT
153.6,52180,AGENT,786.183,-28.4419,PIT
153.7,52180,AGENT,786.709,-28.3953,PIT
153.8,52180,AGENT,787.235,-28.3394,PIT
153.9,52180,AGENT,787.764,-28.273,PIT
154.0,52180,AGENT,788.301,-28.1952,PIT
154.1,52180,AGENT,788.845,-28.1063,PIT
154.2,52180,AGENT,789.397,-28.0064,PIT
154.3,52180,AGENT,789.955,-27.8958,PIT
154.4,52180,AGENT,790.521,-27.7748,PIT
154.5,52180,AGENT,791.093,-27.6437,PIT
154.6,52180,AGENT,791.673,-27.5029,PIT
154.7,52180,AGENT,792.255,-27.3543,PIT
154.8,52180,AGENT,792.836,-27.1999,PIT
154.9,52180,AGENT,793.415,-27.0401,PIT
155.0,52180,AGENT,793.992,-26.8753,PIT
155.1,52180,AGENT,794.568,-26.7057,PIT
155.2,52180,AGENT,795.142,-26.5318,PIT
155.3,52180,AGENT,795.715,-26.3539,PIT
155.4,52180,AGENT,796.287,-26.1723,PIT
155.5,52180,AGENT,796.858,-25.9874,PIT
155.6,52180,AGENT,797.428,-25.7995,PIT
155.7,52180,AGENT,797.996,-25.6088,PIT
155.8,52180,AGENT,798.564,-25.4157,PIT
155.9,52180,AGENT,799.131,-25.2204,PIT
156.0,52180,AGENT,799.698,-25.0232,PIT
156.1,52180,AGENT,800.263,-24.8243,PIT
156.2,52180,AGENT,800.828,-24.6239,PIT
156.3,52180,AGENT,801.393,-24.4221,PIT
156.4,52180,AGENT,801.957,-24.2193,PIT
156.5,52180,AGENT,802.521,-24.0156,PIT
156.6,52180,AGENT,803.085,-23.811,PIT
156.7,52180,AGENT,803.649,-23.6059,PIT
156.8,52180,AGENT,804.212,-23.4002,PIT
156.9,52180,AGENT,804.775,-23.1941,PIT
