TIMESTAMP,TRACK_ID,OBJECT_TYPE,X,Y,CITY_NAME
142.0,52180,AGENT,1516.33,228.328,PIT
142.1,52180,AGENT,1516.86,228.518,PIT
142.2,52180,AGENT,1517.41,228.715,PIT
142.3,52180,AGENT,1517.95,228.922,PIT
142.4,52180,AGENT,1518.51,229.136,PIT
142.5,52180,AGENT,1519.06,229.354,PIT
142.6,52180,AGENT,1519.61,229.576,PIT
142.7,52180,AGENT,1520.15,229.802,PIT
142.8,52180,AGENT,1520.7,230.032,PIT
142.9,52180,AGENT,1521.24,230.266,PIT
143.0,52180,AGENT,1521.79,230.504,PIT
143.1,52180,AGENT,1522.33,230.745,PIT
143.2,52180,AGENT,1522.87,230.993,PIT
143.3,52180,AGENT,1523.42,231.25,PIT
143.4,52180,AGENT,1523.97,231.512,PIT
143.5,52180,AGENT,1524.52,231.779,PIT
143.6,52180,AGENT,1525.06,232.048,PIT
143.7,52180,AGENT,1525.61,232.322,PIT
143.8,52180,AGENT,1526.15,232.598,PIT
143.9,52180,AGENT,1526.7,232.877,PIT
144.0,52180,AGENT,1527.24,233.158,PIT
144.1,52180,AGENT,1527.78,233.442,PIT
144.2,52180,AGENT,1528.32,233.728,PIT
144.3,52180,AGENT,1528.85,234.016,PIT
144.4,52180,AGENT,1529.39,234.304,PIT
144.5,52180,AGENT,1529.93,234.594,PIT
144.6,52180,AGENT,1530.46,234.885,PIT
144.7,52180,AGENT,1531.0,235.175,PIT
144.8,52180,AGENT,1531.54,235.465,PIT
144.9,52180,AGENT,1532.07,235.755,PIT
145.0,52180,AGENT,1532.61,236.044,PIT
145.1,52180,AGENT,1533.15,236.332,PIT
145.2,52180,AGENT,1533.69,236.618,PIT
145.3,52180,AGENT,1534.23,236.902,PIT
145.4,52180,AGENT,1534.77,237.184,PIT
145.5,52180,AGENT,1535.31,237.463,PIT
145.6,52180,AGENT,1535.85,237.74,PIT
145.7,52180,AGENT,1536.39,238.013,PIT
145.8,52180,AGENT,1536.94,238.283,PIT
145.9,52180,AGENT,1537.48,238.549,PIT
146.0,52180,AGENT,1538.03,238.812,PIT
146.1,52180,AGENT,1538.58,239.072,PIT
146.2,52180,AGENT,1539.13,239.328,PIT
146.3,52180,AGENT,1539.69,239.58,PIT
146.4,52180,AGENT,1540.24,239.829,PIT
146.5,52180,AGENT,1540.8,240.074,PIT
146.6,52180,AGENT,1541.35,240.316,PIT
146.7,52180,AGENT,1541.91,240.554,PIT
146.8,52180,AGENT,1542.47,240.789,PIT
146.9,52180,AGENT,1543.03,241.022,PIT
