TIMESTAMP,TRACK_ID,OBJECT_TYPE,X,Y,CITY_NAME
94.0,52180,AGENT,3906.12,2304.69,PIT
94.1,52180,AGENT,3905.88,2305.1,PIT
94.2,52180,AGENT,3905.63,2305.5,PIT
94.3,52180,AGENT,3905.37,2305.91,PIT
94.4,52180,AGENT,3905.1,2306.3,PIT
94.5,52180,AGENT,3904.83,2306.7,PIT
94.6,52180,AGENT,3904.55,2307.08,PIT
94.7,52180,AGENT,3904.27,2307.47,PIT
94.8,52180,AGENT,3903.98,2307.84,PIT
94.9,52180,AGENT,3903.68,2308.22,PIT
95.0,52180,AGENT,3903.38,2308.59,PIT
95.1,52180,AGENT,3903.08,2308.95,PIT
95.2,52180,AGENT,3902.78,2309.32,PIT
95.3,52180,AGENT,3902.47,2309.68,PIT
95.4,52180,AGENT,3902.15,2310.04,PIT
95.5,52180,AGENT,3901.84,2310.39,PIT
95.6,52180,AGENT,3901.52,2310.74,PIT
95.7,52180,AGENT,3901.2,2311.09,PIT
95.8,52180,AGENT,3900.88,2311.44,PIT
95.9,52180,AGENT,3900.56,2311.79,PIT
96.0,52180,AGENT,3900.23,2312.14,PIT
96.1,52180,AGENT,3899.9,2312.49,PIT
96.2,52180,AGENT,3899.57,2312.83,PIT
96.3,52180,AGENT,3899.25,2313.17,PIT
96.4,52180,AGENT,3898.92,2313.51,PIT
96.5,52180,AGENT,3898.6,2313.85,PIT
96.6,52180,AGENT,3898.28,2314.18,PIT
96.7,52180,AGENT,3897.96,2314.5,PIT
96.8,52180,AGENT,3897.64,2314.83,PIT
96.9,52180,AGENT,3897.33,2315.15,PIT
97.0,52180,AGENT,3897.02,2315.46,PIT
97.1,52180,AGENT,3896.72,2315.78,PIT
97.2,52180,AGENT,3896.4,2316.09,PIT
97.3,52180,AGENT,3896.09,2316.41,PIT
97.4,52180,AGENT,3895.78,2316.73,PIT
97.5,52180,AGENT,3895.47,2317.04,PIT
97.6,52180,AGENT,3895.17,2317.36,PIT
97.7,52180,AGENT,3894.86,2317.67,PIT
97.8,52180,AGENT,3894.56,2317.97,PIT
97.9,52180,AGENT,3894.27,2318.28,PIT
98.0,52180,AGENT,3893.97,2318.58,PIT
98.1,52180,AGENT,3893.67,2318.89,PIT
98.2,52180,AGENT,3893.37,2319.19,PIT
98.3,52180,AGENT,3893.07,2319.5,PIT
98.4,52180,AGENT,3892.76,2319.81,PIT
98.5,52180,AGENT,3892.46,2320.12,PIT
98.6,52180,AGENT,3892.15,2320.43,PIT
98.7,52180,AGENT,3891.84,2320.74,PIT
98.8,52180,AGENT,3891.53,2321.05,PIT
98.9,52180,AGENT,3891.21,2321.36,PIT
