TIMESTAMP,TRACK_ID,OBJECT_TYPE,X,Y,CITY_NAME
168.0,52180,AGENT,1257.05,473.412,PIT
168.1,52180,AGENT,1256.5,473.144,PIT
168.2,52180,AGENT,1255.95,472.876,PIT
168.3,52180,AGENT,1255.4,472.608,PIT
168.4,52180,AGENT,1254.85,472.341,PIT
168.5,52180,AGENT,1254.3,472.073,PIT
168.6,52180,AGENT,1253.75,471.806,PIT
168.7,52180,AGENT,1253.2,471.539,PIT
168.8,52180,AGENT,1252.65,471.273,PIT
168.9,52180,AGENT,1252.1,471.006,PIT
169.0,52180,AGENT,1251.55,470.74,PIT
169.1,52180,AGENT,1251.0,470.474,PIT
169.2,52180,AGENT,1250.45,470.208,PIT
169.3,52180,AGENT,1249.9,469.942,PIT
169.4,52180,AGENT,1249.35,469.676,PIT
169.5,52180,AGENT,1248.8,469.41,PIT
169.6,52180,AGENT,1248.25,469.144,PIT
169.7,52180,AGENT,1247.7,468.879,PIT
169.8,52180,AGENT,1247.15,468.613,PIT
169.9,52180,AGENT,1246.59,468.347,PIT
170.0,52180,AGENT,1246.04,468.081,PIT
170.1,52180,AGENT,1245.49,467.816,PIT
170.2,52180,AGENT,1244.94,467.55,PIT
170.3,52180,AGENT,1244.39,467.284,PIT
170.4,52180,AGENT,1243.84,467.018,PIT
170.5,52180,AGENT,1243.29,466.752,PIT
170.6,52180,AGENT,1242.74,466.486,PIT
170.7,52180,AGENT,1242.19,466.219,PIT
170.8,52180,AGENT,1241.64,465.953,PIT
170.9,52180,AGENT,1241.09,465.686,PIT
171.0,52180,AGENT,1240.54,465.419,PIT
171.1,52180,AGENT,1239.99,465.152,PIT
171.2,52180,AGENT,1239.44,464.885,PIT
171.3,52180,AGENT,1238.89,464.617,PIT
171.4,52180,AGENT,1238.34,464.349,PIT
171.5,52180,AGENT,1237.79,464.081,PIT
171.6,52180,AGENT,1237.24,463.812,PIT
171.7,52180,AGENT,1236.69,463.543,PIT
171.8,52180,AGENT,1236.14,463.274,PIT
171.9,52180,AGENT,1235.59,463.005,PIT
172.0,52180,AGENT,1235.05,462.735,PIT
172.1,52180,AGENT,1234.5,462.465,PIT
172.2,52180,AGENT,1233.95,462.194,PIT
172.3,52180,AGENT,1233.4,461.923,PIT
172.4,52180,AGENT,1232.85,461.652,PIT
172.5,52180,AGENT,1232.31,461.38,PIT
172.6,52180,AGENT,1231.76,461.108,PIT
172.7,52180,AGENT,1231.21,460.836,PIT
172.8,52180,AGENT,1230.66,460.564,PIT
172.9,52180,AGENT,1230.12,460.291,PIT
