TIMESTAMP,TRACK_ID,OBJECT_TYPE,X,Y,CITY_NAME
26.0,52180,AGENT,-99.1278,3741.51,MIA
26.1,52180,AGENT,-99.1459,3742.28,MIA
26.2,52180,AGENT,-99.164,3743.04,MIA
26.3,52180,AGENT,-99.1822,3743.81,MIA
26.4,52180,AGENT,-99.2004,3744.58,MIA
26.5,52180,AGENT,-99.2187,3745.34,MIA
26.6,52180,AGENT,-99.2373,3746.11,MIA
26.7,52180,AGENT,-99.2561,3746.87,MIA
26.8,52180,AGENT,-99.2752,3747.64,MIA
26.9,52180,AGENT,-99.2946,3748.4,MIA
27.0,52180,AGENT,-99.3143,3749.17,MIA
27.1,52180,AGENT,-99.3345,3749.93,MIA
27.2,52180,AGENT,-99.3552,3750.7,MIA
27.3,52180,AGENT,-99.3763,3751.47,MIA
27.4,52180,AGENT,-99.398,3752.23,MIA
27.5,52180,AGENT,-99.4202,3753.0,MIA
27.6,52180,AGENT,-99.4429,3753.76,MIA
27.7,52180,AGENT,-99.4661,3754.53,MIA
27.8,52180,AGENT,-99.4899,3755.29,MIA
27.9,52180,AGENT,-99.5142,3756.06,MIA
28.0,52180,AGENT,-99.5389,3756.82,MIA
28.1,52180,AGENT,-99.5641,3757.59,MIA
28.2,52180,AGENT,-99.5897,3758.35,MIA
28.3,52180,AGENT,-99.6157,3759.12,MIA
28.4,52180,AGENT,-99.6421,3759.89,MIA
28.5,52180,AGENT,-99.6688,3760.65,MIA
28.6,52180,AGENT,-99.6959,3761.42,MIA
28.7,52180,AGENT,-99.7231,3762.19,MIA
28.8,52180,AGENT,-99.7503,3762.95,MIA
28.9,52180,AGENT,-99.7774,3763.7,MIA
29.0,52180,AGENT,-99.8043,3764.44,MIA
29.1,52180,AGENT,-99.831,3765.17,MIA
29.2,52180,AGENT,-99.8573,3765.89,MIA
29.3,52180,AGENT,-99.8834,3766.6,MIA
29.4,52180,AGENT,-99.9092,3767.31,MIA
29.5,52180,AGENT,-99.9347,3768.0,MIA
29.6,52180,AGENT,-99.9598,3768.69,MIA
29.7,52180,AGENT,-99.9845,3769.36,MIA
29.8,52180,AGENT,-100.009,3770.03,MIA
29.9,52180,AGENT,-100.033,3770.68,MIA
30.0,52180,AGENT,-100.056,3771.33,MIA
30.1,52180,AGENT,-100.079,3771.97,MIA
30.2,52180,AGENT,-100.102,3772.59,MIA
30.3,52180,AGENT,-100.124,3773.21,MIA
30.4,52180,AGENT,-100.146,3773.82,MIA
30.5,52180,AGENT,-100.167,3774.42,MIA
30.6,52180,AGENT,-100.188,3775.01,MIA
30.7,52180,AGENT,-100.208,3775.6,MIA
30.8,52180,AGENT,-100.229,3776.18,MIA
30.9,52180,AGENT,-100.248,3776.75,MIA
