TIMESTAMP,TRACK_ID,OBJECT_TYPE,X,Y,CITY_NAME
2.0,52180,AGENT,436.632,3018.07,MIA
2.1,52180,AGENT,435.93,3018.12,MIA
2.2,52180,AGENT,435.227,3018.18,MIA
2.3,52180,AGENT,434.525,3018.23,MIA
2.4,52180,AGENT,433.822,3018.27,MIA
2.5,52180,AGENT,433.119,3018.32,MIA
2.6,52180,AGENT,432.417,3018.36,MIA
2.7,52180,AGENT,431.714,3018.41,MIA
2.8,52180,AGENT,431.01,3018.45,MIA
2.9,52180,AGENT,430.307,3018.48,MIA
3.0,52180,AGENT,429.604,3018.52,MIA
3.1,52180,AGENT,428.9,3018.55,MIA
3.2,52180,AGENT,428.197,3018.59,MIA
3.3,52180,AGENT,427.493,3018.62,MIA
3.4,52180,AGENT,426.79,3018.64,MIA
3.5,52180,AGENT,426.086,3018.67,MIA
3.6,52180,AGENT,425.382,3018.69,MIA
3.7,52180,AGENT,424.678,3018.71,MIA
3.8,52180,AGENT,423.974,3018.73,MIA
3.9,52180,AGENT,423.27,3018.75,MIA
4.0,52180,AGENT,422.566,3018.76,MIA
4.1,52180,AGENT,421.862,3018.78,MIA
4.2,52180,AGENT,421.158,3018.79,MIA
4.3,52180,AGENT,420.453,3018.79,MIA
4.4,52180,AGENT,419.749,3018.8,MIA
4.5,52180,AGENT,419.045,3018.8,MIA
4.6,52180,AGENT,418.341,3018.8,MIA
4.7,52180,AGENT,417.637,3018.8,MIA
4.8,52180,AGENT,416.933,3018.79,MIA
4.9,52180,AGENT,416.229,3018.78,MIA
5.0,52180,AGENT,415.525,3018.77,MIA
5.1,52180,AGENT,414.821,3018.76,MIA
5.2,52180,AGENT,414.118,3018.74,MIA
5.3,52180,AGENT,413.414,3018.72,MIA
5.4,52180,AGENT,412.71,3018.7,MIA
5.5,52180,AGENT,412.007,3018.67,MIA
5.6,52180,AGENT,411.304,3018.65,MIA
5.7,52180,AGENT,410.601,3018.62,MIA
5.8,52180,AGENT,409.898,3018.58,MIA
5.9,52180,AGENT,409.195,3018.55,MIA
6.0,52180,AGENT,408.492,3018.51,MIA
6.1,52180,AGENT,407.789,3018.47,MIA
6.2,52180,AGENT,407.087,3018.43,MIA
6.3,52180,AGENT,406.384,3018.38,MIA
6.4,52180,AGENT,405.682,3018.33,MIA
6.5,52180,AGENT,404.98,3018.28,MIA
6.6,52180,AGENT,404.278,3018.23,MIA
6.7,52180,AGENT,403.577,3018.17,MIA
6.8,52180,AGENT,402.875,3018.11,MIA
6.9,52180,AGENT,402.174,3018.05,MIA
