TIMESTAMP,TRACK_ID,OBJECT_TYPE,X,Y,CITY_NAME
158.0,52180,AGENT,-278.944,3182.17,MIA
158.1,52180,AGENT,-278.934,3182.88,MIA
158.2,52180,AGENT,-278.922,3183.59,MIA
158.3,52180,AGENT,-278.91,3184.3,MIA
158.4,52180,AGENT,-278.897,3185.01,MIA
158.5,52180,AGENT,-278.882,3185.72,MIA
158.6,52180,AGENT,-278.866,3186.43,MIA
158.7,52180,AGENT,-278.849,3187.14,MIA
158.8,52180,AGENT,-278.831,3187.85,MIA
158.9,52180,AGENT,-278.812,3188.56,MIA
159.0,52180,AGENT,-278.792,3189.27,MIA
159.1,52180,AGENT,-278.771,3189.99,MIA
159.2,52180,AGENT,-278.749,3190.7,MIA
159.3,52180,AGENT,-278.726,3191.41,MIA
159.4,52180,AGENT,-278.702,3192.12,MIA
159.5,52180,AGENT,-278.677,3192.83,MIA
159.6,52180,AGENT,-278.652,3193.54,MIA
159.7,52180,AGENT,-278.626,3194.25,MIA
159.8,52180,AGENT,-278.6,3194.96,MIA
159.9,52180,AGENT,-278.574,3195.67,MIA
160.0,52180,AGENT,-278.548,3196.38,MIA
160.1,52180,AGENT,-278.522,3197.09,MIA
160.2,52180,AGENT,-278.496,3197.8,MIA
160.3,52180,AGENT,-278.471,3198.51,MIA
160.4,52180,AGENT,-278.447,3199.22,MIA
160.5,52180,AGENT,-278.423,3199.93,MIA
160.6,52180,AGENT,-278.4,3200.64,MIA
160.7,52180,AGENT,-278.378,3201.33,MIA
160.8,52180,AGENT,-278.358,3202.01,MIA
160.9,52180,AGENT,-278.339,3202.69,MIA
161.0,52180,AGENT,-278.321,3203.35,MIA
161.1,52180,AGENT,-278.304,3204.01,MIA
161.2,52180,AGENT,-278.29,3204.65,MIA
161.3,52180,AGENT,-278.277,3205.29,MIA
161.4,52180,AGENT,-278.265,3205.92,MIA
161.5,52180,AGENT,-278.255,3206.53,MIA
161.6,52180,AGENT,-278.247,3207.14,MIA
161.7,52180,AGENT,-278.241,3207.74,MIA
161.8,52180,AGENT,-278.236,3208.33,MIA
161.9,52180,AGENT,-278.232,3208.91,MIA
162.0,52180,AGENT,-278.23,3209.48,MIA
162.1,52180,AGENT,-278.23,3210.04,MIA
162.2,52180,AGENT,-278.232,3210.61,MIA
162.3,52180,AGENT,-278.236,3211.18,MIA
162.4,52180,AGENT,-278.241,3211.74,MIA
162.5,52180,AGENT,-278.248,3212.31,MIA
162.6,52180,AGENT,-278.257,3212.88,MIA
162.7,52180,AGENT,-278.266,3213.43,MIA
162.8,52180,AGENT,-278.278,3213.99,MIA
162.9,52180,AGENT,-278.29,3214.54,MIA
