TIMESTAMP,TRACK_ID,OBJECT_TYPE,X,Y,CITY_NAME
28.0,52180,AGENT,-122.434,2204.8,MIA
28.1,52180,AGENT,-122.454,2205.51,MIA
28.2,52180,AGENT,-122.474,2206.21,MIA
28.3,52180,AGENT,-122.494,2206.92,MIA
28.4,52180,AGENT,-122.514,2207.62,MIA
28.5,52180,AGENT,-122.534,2208.33,MIA
28.6,52180,AGENT,-122.555,2209.04,MIA
28.7,52180,AGENT,-122.575,2209.74,MIA
28.8,52180,AGENT,-122.595,2210.45,MIA
28.9,52180,AGENT,-122.615,2211.16,MIA
29.0,52180,AGENT,-122.635,2211.86,MIA
29.1,52180,AGENT,-122.655,2212.57,MIA
29.2,52180,AGENT,-122.675,2213.27,MIA
29.3,52180,AGENT,-122.695,2213.98,MIA
29.4,52180,AGENT,-122.715,2214.69,MIA
29.5,52180,AGENT,-122.735,2215.39,MIA
29.6,52180,AGENT,-122.755,2216.1,MIA
29.7,52180,AGENT,-122.775,2216.81,MIA
29.8,52180,AGENT,-122.795,2217.51,MIA
29.9,52180,AGENT,-122.814,2218.22,MIA
30.0,52180,AGENT,-122.834,2218.92,MIA
30.1,52180,AGENT,-122.854,2219.63,MIA
30.2,52180,AGENT,-122.873,2220.34,MIA
30.3,52180,AGENT,-122.893,2221.04,MIA
30.4,52180,AGENT,-122.913,2221.75,MIA
30.5,52180,AGENT,-122.933,2222.46,MIA
30.6,52180,AGENT,-122.952,2223.16,MIA
30.7,52180,AGENT,-122.972,2223.87,MIA
30.8,52180,AGENT,-122.992,2224.58,MIA
30.9,52180,AGENT,-123.011,2225.28,MIA
31.0,52180,AGENT,-123.031,2225.99,MIA
31.1,52180,AGENT,-123.051,2226.69,MIA
31.2,52180,AGENT,-123.071,2227.4,MIA
31.3,52180,AGENT,-123.09,2228.11,MIA
31.4,52180,AGENT,-123.11,2228.81,MIA
31.5,52180,AGENT,-123.13,2229.52,MIA
31.6,52180,AGENT,-123.15,2230.23,MIA
31.7,52180,AGENT,-123.17,2230.93,MIA
31.8,52180,AGENT,-123.19,2231.64,MIA
31.9,52180,AGENT,-123.21,2232.34,MIA
32.0,52180,AGENT,-123.23,2233.05,MIA
32.1,52180,AGENT,-123.251,2233.76,MIA
32.2,52180,AGENT,-123.271,2234.46,MIA
32.3,52180,AGENT,-123.291,2235.17,MIA
32.4,52180,AGENT,-123.311,2235.88,MIA
32.5,52180,AGENT,-123.332,2236.58,MIA
32.6,52180,AGENT,-123.352,2237.29,MIA
32.7,52180,AGENT,-123.372,2238.0,MIA
32.8,52180,AGENT,-123.392,2238.7,MIA
32.9,52180,AGENT,-123.413,2239.41,MIA
