TIMESTAMP,TRACK_ID,OBJECT_TYPE,X,Y,CITY_NAME
122.0,52180,AGENT,837.0,2256.64,MIA
122.1,52180,AGENT,837.403,2256.65,MIA
122.2,52180,AGENT,837.807,2256.67,MIA
122.3,52180,AGENT,838.21,2256.68,MIA
122.4,52180,AGENT,838.614,2256.69,MIA
122.5,52180,AGENT,839.019,2256.7,MIA
122.6,52180,AGENT,839.424,2256.7,MIA
122.7,52180,AGENT,839.83,2256.71,MIA
122.8,52180,AGENT,840.237,2256.71,MIA
122.9,52180,AGENT,840.644,2256.72,MIA
123.0,52180,AGENT,841.053,2256.73,MIA
123.1,52180,AGENT,841.462,2256.73,MIA
123.2,52180,AGENT,841.872,2256.74,MIA
123.3,52180,AGENT,842.282,2256.74,MIA
123.4,52180,AGENT,842.694,2256.75,MIA
123.5,52180,AGENT,843.107,2256.75,MIA
123.6,52180,AGENT,843.521,2256.76,MIA
123.7,52180,AGENT,843.936,2256.77,MIA
123.8,52180,AGENT,844.353,2256.77,MIA
123.9,52180,AGENT,844.771,2256.78,MIA
124.0,52180,AGENT,845.191,2256.79,MIA
124.1,52180,AGENT,845.612,2256.8,MIA
124.2,52180,AGENT,846.034,2256.81,MIA
124.3,52180,AGENT,846.455,2256.81,MIA
124.4,52180,AGENT,846.875,2256.82,MIA
124.5,52180,AGENT,847.294,2256.83,MIA
124.6,52180,AGENT,847.712,2256.84,MIA
124.7,52180,AGENT,848.13,2256.84,MIA
124.8,52180,AGENT,848.547,2256.84,MIA
124.9,52180,AGENT,848.964,2256.84,MIA
125.0,52180,AGENT,849.38,2256.84,MIA
125.1,52180,AGENT,849.795,2256.84,MIA
125.2,52180,AGENT,850.209,2256.83,MIA
125.3,52180,AGENT,850.623,2256.81,MIA
125.4,52180,AGENT,851.035,2256.79,MIA
125.5,52180,AGENT,851.446,2256.76,MIA
125.6,52180,AGENT,851.852,2256.73,MIA
125.7,52180,AGENT,852.249,2256.69,MIA
125.8,52180,AGENT,852.638,2256.65,MIA
125.9,52180,AGENT,853.017,2256.61,MIA
126.0,52180,AGENT,853.386,2256.56,MIA
126.1,52180,AGENT,853.75,2256.5,MIA
126.2,52180,AGENT,854.111,2256.42,MIA
126.3,52180,AGENT,854.47,2256.34,MIA
126.4,52180,AGENT,854.824,2256.24,MIA
126.5,52180,AGENT,855.173,2256.13,MIA
126.6,52180,AGENT,855.515,2256.0,MIA
126.7,52180,AGENT,855.85,2255.86,MIA
126.8,52180,AGENT,856.176,2255.7,MIA
126.9,52180,AGENT,856.492,2255.54,MIA
