TIMESTAMP,TRACK_ID,OBJECT_TYPE,X,Y,CITY_NAME
58.0,52180,AGENT,735.215,1357.16,MIA
58.1,52180,AGENT,735.246,1356.44,MIA
58.2,52180,AGENT,735.277,1355.72,MIA
58.3,52180,AGENT,735.308,1355.0,MIA
58.4,52180,AGENT,735.339,1354.28,MIA
58.5,52180,AGENT,735.369,1353.56,MIA
58.6,52180,AGENT,735.4,1352.83,MIA
58.7,52180,AGENT,735.431,1352.11,MIA
58.8,52180,AGENT,735.462,1351.39,MIA
58.9,52180,AGENT,735.493,1350.67,MIA
59.0,52180,AGENT,735.524,1349.95,MIA
59.1,52180,AGENT,735.555,1349.23,MIA
59.2,52180,AGENT,735.586,1348.5,MIA
59.3,52180,AGENT,735.617,1347.78,MIA
59.4,52180,AGENT,735.648,1347.06,MIA
59.5,52180,AGENT,735.679,1346.34,MIA
59.6,52180,AGENT,735.71,1345.62,MIA
59.7,52180,AGENT,735.741,1344.9,MIA
59.8,52180,AGENT,735.772,1344.17,MIA
59.9,52180,AGENT,735.803,1343.45,MIA
60.0,52180,AGENT,735.835,1342.73,MIA
60.1,52180,AGENT,735.866,1342.01,MIA
60.2,52180,AGENT,735.897,1341.29,MIA
60.3,52180,AGENT,735.929,1340.57,MIA
60.4,52180,AGENT,735.96,1339.84,MIA
60.5,52180,AGENT,735.992,1339.12,MIA
60.6,52180,AGENT,736.023,1338.4,MIA
60.7,52180,AGENT,736.055,1337.68,MIA
60.8,52180,AGENT,736.086,1336.96,MIA
60.9,52180,AGENT,736.118,1336.24,MIA
61.0,52180,AGENT,736.15,1335.51,MIA
61.1,52180,AGENT,736.182,1334.79,MIA
61.2,52180,AGENT,736.213,1334.07,MIA
61.3,52180,AGENT,736.245,1333.35,MIA
61.4,52180,AGENT,736.277,1332.63,MIA
61.5,52180,AGENT,736.308,1331.91,MIA
61.6,52180,AGENT,736.34,1331.18,MIA
61.7,52180,AGENT,736.371,1330.46,MIA
61.8,52180,AGENT,736.402,1329.74,MIA
61.9,52180,AGENT,736.433,1329.02,MIA
62.0,52180,AGENT,736.464,1328.3,MIA
62.1,52180,AGENT,736.495,1327.57,MIA
62.2,52180,AGENT,736.525,1326.85,MIA
62.3,52180,AGENT,736.555,1326.13,MIA
62.4,52180,AGENT,736.585,1325.41,MIA
62.5,52180,AGENT,736.614,1324.69,MIA
62.6,52180,AGENT,736.643,1323.96,MIA
62.7,52180,AGENT,736.671,1323.24,MIA
62.8,52180,AGENT,736.699,1322.52,MIA
62.9,52180,AGENT,736.727,1321.8,MIA
