TIMESTAMP,TRACK_ID,OBJECT_TYPE,X,Y,CITY_NAME
60.0,52180,AGENT,-408.214,2560.51,MIA
60.1,52180,AGENT,-408.478,2560.15,MIA
60.2,52180,AGENT,-408.727,2559.78,MIA
60.3,52180,AGENT,-408.96,2559.41,MIA
60.4,52180,AGENT,-409.177,2559.02,MIA
60.5,52180,AGENT,-409.378,2558.61,MIA
60.6,52180,AGENT,-409.564,2558.19,MIA
60.7,52180,AGENT,-409.734,2557.76,MIA
60.8,52180,AGENT,-409.889,2557.31,MIA
60.9,52180,AGENT,-410.03,2556.85,MIA
61.0,52180,AGENT,-410.156,2556.37,MIA
61.1,52180,AGENT,-410.269,2555.88,MIA
61.2,52180,AGENT,-410.368,2555.37,MIA
61.3,52180,AGENT,-410.455,2554.86,MIA
61.4,52180,AGENT,-410.53,2554.33,MIA
61.5,52180,AGENT,-410.593,2553.79,MIA
61.6,52180,AGENT,-410.646,2553.23,MIA
61.7,52180,AGENT,-410.689,2552.67,MIA
61.8,52180,AGENT,-410.722,2552.09,MIA
61.9,52180,AGENT,-410.747,2551.5,MIA
62.0,52180,AGENT,-410.763,2550.9,MIA
62.1,52180,AGENT,-410.772,2550.3,MIA
62.2,52180,AGENT,-410.774,2549.68,MIA
62.3,52180,AGENT,-410.77,2549.05,MIA
62.4,52180,AGENT,-410.76,2548.42,MIA
62.5,52180,AGENT,-410.745,2547.77,MIA
62.6,52180,AGENT,-410.725,2547.12,MIA
62.7,52180,AGENT,-410.701,2546.45,MIA
62.8,52180,AGENT,-410.673,2545.78,MIA
62.9,52180,AGENT,-410.642,2545.09,MIA
63.0,52180,AGENT,-410.608,2544.4,MIA
63.1,52180,AGENT,-410.571,2543.71,MIA
63.2,52180,AGENT,-410.533,2543.01,MIA
63.3,52180,AGENT,-410.493,2542.31,MIA
63.4,52180,AGENT,-410.451,2541.6,MIA
63.5,52180,AGENT,-410.408,2540.9,MIA
63.6,52180,AGENT,-410.365,2540.19,MIA
63.7,52180,AGENT,-410.321,2539.49,MIA
63.8,52180,AGENT,-410.277,2538.78,MIA
63.9,52180,AGENT,-410.233,2538.07,MIA
64.0,52180,AGENT,-410.188,2537.37,MIA
64.1,52180,AGENT,-410.144,2536.66,MIA
64.2,52180,AGENT,-410.1,2535.96,MIA
64.3,52180,AGENT,-410.056,2535.25,MIA
64.4,52180,AGENT,-410.012,2534.55,MIA
64.5,52180,AGENT,-409.969,2533.84,MIA
64.6,52180,AGENT,-409.926,2533.14,MIA
64.7,52180,AGENT,-409.884,2532.43,MIA
64.8,52180,AGENT,-409.843,2531.72,MIA
64.9,52180,AGENT,-409.802,2531.02,MIA
