TIMESTAMP,TRACK_ID,OBJECT_TYPE,X,Y,CITY_NAME
24.0,52180,AGENT,-297.163,2310.07,MIA
24.1,52180,AGENT,-297.437,2310.53,MIA
24.2,52180,AGENT,-297.725,2310.99,MIA
24.3,52180,AGENT,-298.024,2311.43,MIA
24.4,52180,AGENT,-298.336,2311.87,MIA
24.5,52180,AGENT,-298.66,2312.29,MIA
24.6,52180,AGENT,-298.995,2312.7,MIA
24.7,52180,AGENT,-299.341,2313.1,MIA
24.8,52180,AGENT,-299.698,2313.48,MIA
24.9,52180,AGENT,-300.064,2313.85,MIA
25.0,52180,AGENT,-300.441,2314.2,MIA
25.1,52180,AGENT,-300.827,2314.54,MIA
25.2,52180,AGENT,-301.224,2314.87,MIA
25.3,52180,AGENT,-301.63,2315.18,MIA
25.4,52180,AGENT,-302.046,2315.47,MIA
25.5,52180,AGENT,-302.47,2315.75,MIA
25.6,52180,AGENT,-302.902,2316.02,MIA
25.7,52180,AGENT,-303.342,2316.27,MIA
25.8,52180,AGENT,-303.789,2316.5,MIA
25.9,52180,AGENT,-304.242,2316.72,MIA
26.0,52180,AGENT,-304.701,2316.92,MIA
26.1,52180,AGENT,-305.171,2317.11,MIA
26.2,52180,AGENT,-305.655,2317.29,MIA
26.3,52180,AGENT,-306.155,2317.45,MIA
26.4,52180,AGENT,-306.668,2317.6,MIA
26.5,52180,AGENT,-307.196,2317.74,MIA
26.6,52180,AGENT,-307.736,2317.86,MIA
26.7,52180,AGENT,-308.29,2317.97,MIA
26.8,52180,AGENT,-308.857,2318.07,MIA
26.9,52180,AGENT,-309.436,2318.15,MIA
27.0,52180,AGENT,-310.027,2318.23,MIA
27.1,52180,AGENT,-310.627,2318.29,MIA
27.2,52180,AGENT,-311.238,2318.35,MIA
27.3,52180,AGENT,-311.858,2318.39,MIA
27.4,52180,AGENT,-312.489,2318.43,MIA
27.5,52180,AGENT,-313.128,2318.46,MIA
27.6,52180,AGENT,-313.778,2318.48,MIA
27.7,52180,AGENT,-314.437,2318.49,MIA
27.8,52180,AGENT,-315.105,2318.5,MIA
27.9,52180,AGENT,-315.779,2318.5,MIA
28.0,52180,AGENT,-316.454,2318.49,MIA
28.1,52180,AGENT,-317.128,2318.48,MIA
28.2,52180,AGENT,-317.803,2318.47,MIA
28.3,52180,AGENT,-318.477,2318.45,MIA
28.4,52180,AGENT,-319.151,2318.43,MIA
28.5,52180,AGENT,-319.825,2318.41,MIA
28.6,52180,AGENT,-320.499,2318.38,MIA
28.7,52180,AGENT,-321.178,2318.35,MIA
28.8,52180,AGENT,-321.866,2318.31,MIA
28.9,52180,AGENT,-322.563,2318.27,MIA
