TIMESTAMP,TRACK_ID,OBJECT_TYPE,X,Y,CITY_NAME
58.0,52180,AGENT,3330.0,1883.06,PIT
58.1,52180,AGENT,3329.49,1882.57,PIT
58.2,52180,AGENT,3328.97,1882.08,PIT
58.3,52180,AGENT,3328.46,1881.6,PIT
58.4,52180,AGENT,3327.94,1881.11,PIT
58.5,52180,AGENT,3327.42,1880.62,PIT
58.6,52180,AGENT,3326.91,1880.13,PIT
58.7,52180,AGENT,3326.39,1879.65,PIT
58.8,52180,AGENT,3325.88,1879.16,PIT
58.9,52180,AGENT,3325.36,1878.67,PIT
59.0,52180,AGENT,3324.84,1878.18,PIT
59.1,52180,AGENT,3324.33,1877.7,PIT
59.2,52180,AGENT,3323.81,1877.21,PIT
59.3,52180,AGENT,3323.29,1876.72,PIT
59.4,52180,AGENT,3322.78,1876.24,PIT
59.5,52180,AGENT,3322.26,1875.75,PIT
59.6,52180,AGENT,3321.75,1875.26,PIT
59.7,52180,AGENT,3321.23,1874.78,PIT
59.8,52180,AGENT,3320.71,1874.29,PIT
59.9,52180,AGENT,3320.2,1873.8,PIT
60.0,52180,AGENT,3319.68,1873.32,PIT
60.1,52180,AGENT,3319.16,1872.83,PIT
60.2,52180,AGENT,3318.65,1872.34,PIT
60.3,52180,AGENT,3318.13,1871.86,PIT
60.4,52180,AGENT,3317.61,1871.37,PIT
60.5,52180,AGENT,3317.09,1870.88,PIT
60.6,52180,AGENT,3316.58,1870.4,PIT
60.7,52180,AGENT,3316.06,1869.91,PIT
60.8,52180,AGENT,3315.54,1869.42,PIT
60.9,52180,AGENT,3315.03,1868.94,PIT
61.0,52180,AGENT,3314.51,1868.45,PIT
61.1,52180,AGENT,3313.99,1867.97,PIT
61.2,52180,AGENT,3313.48,1867.48,PIT
61.3,52180,AGENT,3312.96,1866.99,PIT
61.4,52180,AGENT,3312.44,1866.51,PIT
61.5,52180,AGENT,3311.93,1866.02,PIT
61.6,52180,AGENT,3311.41,1865.53,PIT
61.7,52180,AGENT,3310.89,1865.05,PIT
61.8,52180,AGENT,3310.37,1864.56,PIT
61.9,52180,AGENT,3309.86,1864.08,PIT
62.0,52180,AGENT,3309.34,1863.59,PIT
62.1,52180,AGENT,3308.82,1863.1,PIT
62.2,52180,AGENT,3308.31,1862.62,PIT
62.3,52180,AGENT,3307.79,1862.13,PIT
62.4,52180,AGENT,3307.27,1861.64,PIT
62.5,52180,AGENT,3306.75,1861.16,PIT
62.6,52180,AGENT,3306.24,1860.67,PIT
62.7,52180,AGENT,3305.72,1860.19,PIT
62.8,52180,AGENT,3305.2,1859.7,PIT
62.9,52180,AGENT,3304.68,1859.22,PIT
