TIMESTAMP,TRACK_ID,OBJECT_TYPE,X,Y,CITY_NAME
86.0,52180,AGENT,3304.0,1780.6,PIT
86.1,52180,AGENT,3303.51,1781.12,PIT
86.2,52180,AGENT,3303.03,1781.63,PIT
86.3,52180,AGENT,3302.54,1782.15,PIT
86.4,52180,AGENT,3302.05,1782.67,PIT
86.5,52180,AGENT,3301.57,1783.19,PIT
86.6,52180,AGENT,3301.08,1783.7,PIT
86.7,52180,AGENT,3300.59,1784.23,PIT
86.8,52180,AGENT,3300.1,1784.75,PIT
86.9,52180,AGENT,3299.62,1785.27,PIT
87.0,52180,AGENT,3299.13,1785.78,PIT
87.1,52180,AGENT,3298.64,1786.3,PIT
87.2,52180,AGENT,3298.16,1786.82,PIT
87.3,52180,AGENT,3297.67,1787.34,PIT
87.4,52180,AGENT,3297.18,1787.86,PIT
87.5,52180,AGENT,3296.69,1788.39,PIT
87.6,52180,AGENT,3296.2,1788.92,PIT
87.7,52180,AGENT,3295.71,1789.44,PIT
87.8,52180,AGENT,3295.21,1789.97,PIT
87.9,52180,AGENT,3294.72,1790.5,PIT
88.0,52180,AGENT,3294.23,1791.03,PIT
88.1,52180,AGENT,3293.73,1791.56,PIT
88.2,52180,AGENT,3293.24,1792.09,PIT
88.3,52180,AGENT,3292.75,1792.61,PIT
88.4,52180,AGENT,3292.26,1793.14,PIT
88.5,52180,AGENT,3291.76,1793.68,PIT
88.6,52180,AGENT,3291.26,1794.21,PIT
88.7,52180,AGENT,3290.75,1794.76,PIT
88.8,52180,AGENT,3290.25,1795.3,PIT
88.9,52180,AGENT,3289.74,1795.85,PIT
89.0,52180,AGENT,3289.23,1796.39,PIT
89.1,52180,AGENT,3288.73,1796.93,PIT
89.2,52180,AGENT,3288.22,1797.48,PIT
89.3,52180,AGENT,3287.72,1798.02,PIT
89.4,52180,AGENT,3287.21,1798.56,PIT
89.5,52180,AGENT,3286.71,1799.1,PIT
89.6,52180,AGENT,3286.2,1799.64,PIT
89.7,52180,AGENT,3285.69,1800.19,PIT
89.8,52180,AGENT,3285.18,1800.74,PIT
89.9,52180,AGENT,3284.66,1801.29,PIT
90.0,52180,AGENT,3284.14,1801.83,PIT
90.1,52180,AGENT,3283.63,1802.38,PIT
90.2,52180,AGENT,3283.11,1802.92,PIT
90.3,52180,AGENT,3282.59,1803.47,PIT
90.4,52180,AGENT,3282.07,1804.01,PIT
90.5,52180,AGENT,3281.57,1804.54,PIT
90.6,52180,AGENT,3281.06,1805.07,PIT
90.7,52180,AGENT,3280.55,1805.6,PIT
90.8,52180,AGENT,3280.04,1806.13,PIT
90.9,52180,AGENT,3279.52,1806.66,PIT
