TIMESTAMP,TRACK_ID,OBJECT_TYPE,X,Y,CITY_NAME
24.0,52180,AGENT,926.456,84.5092,PIT
24.1,52180,AGENT,926.255,85.073,PIT
24.2,52180,AGENT,926.057,85.6314,PIT
24.3,52180,AGENT,925.859,86.1892,PIT
24.4,52180,AGENT,925.66,86.7478,PIT
24.5,52180,AGENT,925.462,87.3072,PIT
24.6,52180,AGENT,925.264,87.8673,PIT
24.7,52180,AGENT,925.065,88.427,PIT
24.8,52180,AGENT,924.868,88.9848,PIT
24.9,52180,AGENT,924.671,89.5408,PIT
25.0,52180,AGENT,924.476,90.0915,PIT
25.1,52180,AGENT,924.284,90.6369,PIT
25.2,52180,AGENT,924.092,91.1807,PIT
25.3,52180,AGENT,923.902,91.7193,PIT
25.4,52180,AGENT,923.713,92.2544,PIT
25.5,52180,AGENT,923.525,92.7908,PIT
25.6,52180,AGENT,923.336,93.3289,PIT
25.7,52180,AGENT,923.147,93.8686,PIT
25.8,52180,AGENT,922.958,94.4101,PIT
25.9,52180,AGENT,922.77,94.9534,PIT
26.0,52180,AGENT,922.581,95.4987,PIT
26.1,52180,AGENT,922.392,96.0446,PIT
26.2,52180,AGENT,922.204,96.5898,PIT
26.3,52180,AGENT,922.017,97.1305,PIT
26.4,52180,AGENT,921.832,97.6669,PIT
26.5,52180,AGENT,921.647,98.2025,PIT
26.6,52180,AGENT,921.462,98.7373,PIT
26.7,52180,AGENT,921.276,99.2714,PIT
26.8,52180,AGENT,921.09,99.8046,PIT
26.9,52180,AGENT,920.903,100.337,PIT
27.0,52180,AGENT,920.716,100.869,PIT
27.1,52180,AGENT,920.527,101.4,PIT
27.2,52180,AGENT,920.337,101.93,PIT
27.3,52180,AGENT,920.145,102.459,PIT
27.4,52180,AGENT,919.949,102.986,PIT
27.5,52180,AGENT,919.75,103.512,PIT
27.6,52180,AGENT,919.546,104.034,PIT
27.7,52180,AGENT,919.337,104.554,PIT
27.8,52180,AGENT,919.123,105.07,PIT
27.9,52180,AGENT,918.905,105.579,PIT
28.0,52180,AGENT,918.686,106.078,PIT
28.1,52180,AGENT,918.465,106.567,PIT
28.2,52180,AGENT,918.241,107.044,PIT
28.3,52180,AGENT,918.014,107.51,PIT
28.4,52180,AGENT,917.784,107.963,PIT
28.5,52180,AGENT,917.55,108.403,PIT
28.6,52180,AGENT,917.309,108.832,PIT
28.7,52180,AGENT,917.055,109.252,PIT
28.8,52180,AGENT,916.79,109.662,PIT
28.9,52180,AGENT,916.514,110.06,PIT
