TIMESTAMP,TRACK_ID,OBJECT_TYPE,X,Y,CITY_NAME
78.0,52180,AGENT,3245.27,1844.31,PIT
78.1,52180,AGENT,3244.95,1844.67,PIT
78.2,52180,AGENT,3244.63,1845.04,PIT
78.3,52180,AGENT,3244.3,1845.4,PIT
78.4,52180,AGENT,3243.98,1845.77,PIT
78.5,52180,AGENT,3243.65,1846.14,PIT
78.6,52180,AGENT,3243.32,1846.51,PIT
78.7,52180,AGENT,3242.99,1846.88,PIT
78.8,52180,AGENT,3242.66,1847.25,PIT
78.9,52180,AGENT,3242.33,1847.63,PIT
79.0,52180,AGENT,3242.0,1848.01,PIT
79.1,52180,AGENT,3241.67,1848.38,PIT
79.2,52180,AGENT,3241.33,1848.76,PIT
79.3,52180,AGENT,3241.0,1849.13,PIT
79.4,52180,AGENT,3240.67,1849.5,PIT
79.5,52180,AGENT,3240.33,1849.88,PIT
79.6,52180,AGENT,3239.99,1850.25,PIT
79.7,52180,AGENT,3239.66,1850.62,PIT
79.8,52180,AGENT,3239.32,1850.99,PIT
79.9,52180,AGENT,3238.98,1851.35,PIT
80.0,52180,AGENT,3238.63,1851.72,PIT
80.1,52180,AGENT,3238.28,1852.07,PIT
80.2,52180,AGENT,3237.93,1852.43,PIT
80.3,52180,AGENT,3237.58,1852.77,PIT
80.4,52180,AGENT,3237.22,1853.11,PIT
80.5,52180,AGENT,3236.87,1853.44,PIT
80.6,52180,AGENT,3236.52,1853.76,PIT
80.7,52180,AGENT,3236.18,1854.06,PIT
80.8,52180,AGENT,3235.83,1854.35,PIT
80.9,52180,AGENT,3235.49,1854.63,PIT
81.0,52180,AGENT,3235.15,1854.9,PIT
81.1,52180,AGENT,3234.81,1855.15,PIT
81.2,52180,AGENT,3234.47,1855.38,PIT
81.3,52180,AGENT,3234.13,1855.59,PIT
81.4,52180,AGENT,3233.78,1855.79,PIT
81.5,52180,AGENT,3233.42,1855.97,PIT
81.6,52180,AGENT,3233.06,1856.12,PIT
81.7,52180,AGENT,3232.69,1856.26,PIT
81.8,52180,AGENT,3232.33,1856.38,PIT
81.9,52180,AGENT,3231.96,1856.47,PIT
82.0,52180,AGENT,3231.59,1856.55,PIT
82.1,52180,AGENT,3231.22,1856.61,PIT
82.2,52180,AGENT,3230.85,1856.64,PIT
82.3,52180,AGENT,3230.47,1856.65,PIT
82.4,52180,AGENT,3230.09,1856.64,PIT
82.5,52180,AGENT,3229.7,1856.6,PIT
82.6,52180,AGENT,3229.31,1856.54,PIT
82.7,52180,AGENT,3228.92,1856.46,PIT
82.8,52180,AGENT,3228.52,1856.36,PIT
82.9,52180,AGENT,3228.12,1856.24,PIT
