TIMESTAMP,TRACK_ID,OBJECT_TYPE,X,Y,CITY_NAME
30.0,52180,AGENT,131.103,1023.27,MIA
30.1,52180,AGENT,131.909,1023.3,MIA
30.2,52180,AGENT,132.715,1023.33,MIA
30.3,52180,AGENT,133.521,1023.36,MIA
30.4,52180,AGENT,134.327,1023.39,MIA
30.5,52180,AGENT,135.133,1023.42,MIA
30.6,52180,AGENT,135.939,1023.46,MIA
30.7,52180,AGENT,136.745,1023.49,MIA
30.8,52180,AGENT,137.551,1023.52,MIA
30.9,52180,AGENT,138.357,1023.55,MIA
31.0,52180,AGENT,139.163,1023.58,MIA
31.1,52180,AGENT,139.969,1023.61,MIA
31.2,52180,AGENT,140.776,1023.64,MIA
31.3,52180,AGENT,141.582,1023.68,MIA
31.4,52180,AGENT,142.388,1023.71,MIA
31.5,52180,AGENT,143.194,1023.74,MIA
31.6,52180,AGENT,144.0,1023.77,MIA
31.7,52180,AGENT,144.806,1023.8,MIA
31.8,52180,AGENT,145.612,1023.84,MIA
31.9,52180,AGENT,146.418,1023.87,MIA
32.0,52180,AGENT,147.224,1023.9,MIA
32.1,52180,AGENT,148.03,1023.93,MIA
32.2,52180,AGENT,148.836,1023.97,MIA
32.3,52180,AGENT,149.642,1024.0,MIA
32.4,52180,AGENT,150.448,1024.03,MIA
32.5,52180,AGENT,151.253,1024.07,MIA
32.6,52180,AGENT,152.059,1024.1,MIA
32.7,52180,AGENT,152.865,1024.13,MIA
32.8,52180,AGENT,153.671,1024.17,MIA
32.9,52180,AGENT,154.477,1024.2,MIA
33.0,52180,AGENT,155.283,1024.23,MIA
33.1,52180,AGENT,156.089,1024.27,MIA
33.2,52180,AGENT,156.895,1024.3,MIA
33.3,52180,AGENT,157.701,1024.33,MIA
33.4,52180,AGENT,158.507,1024.37,MIA
33.5,52180,AGENT,159.313,1024.4,MIA
33.6,52180,AGENT,160.119,1024.43,MIA
33.7,52180,AGENT,160.925,1024.47,MIA
33.8,52180,AGENT,161.731,1024.5,MIA
33.9,52180,AGENT,162.537,1024.53,MIA
34.0,52180,AGENT,163.343,1024.57,MIA
34.1,52180,AGENT,164.149,1024.6,MIA
34.2,52180,AGENT,164.955,1024.64,MIA
34.3,52180,AGENT,165.761,1024.67,MIA
34.4,52180,AGENT,166.567,1024.7,MIA
34.5,52180,AGENT,167.373,1024.74,MIA
34.6,52180,AGENT,168.178,1024.77,MIA
34.7,52180,AGENT,168.984,1024.8,MIA
34.8,52180,AGENT,169.79,1024.84,MIA
34.9,52180,AGENT,170.596,1024.87,MIA
