TIMESTAMP,TRACK_ID,OBJECT_TYPE,X,Y,CITY_NAME
64.0,52180,AGENT,538.671,823.599,MIA
64.1,52180,AGENT,537.873,823.56,MIA
64.2,52180,AGENT,537.074,823.52,MIA
64.3,52180,AGENT,536.274,823.48,MIA
64.4,52180,AGENT,535.474,823.441,MIA
64.5,52180,AGENT,534.674,823.401,MIA
64.6,52180,AGENT,533.88,823.362,MIA
64.7,52180,AGENT,533.095,823.324,MIA
64.8,52180,AGENT,532.32,823.286,MIA
64.9,52180,AGENT,531.544,823.248,MIA
65.0,52180,AGENT,530.757,823.209,MIA
65.1,52180,AGENT,529.965,823.171,MIA
65.2,52180,AGENT,529.174,823.132,MIA
65.3,52180,AGENT,528.381,823.094,MIA
65.4,52180,AGENT,527.589,823.056,MIA
65.5,52180,AGENT,526.802,823.018,MIA
65.6,52180,AGENT,526.023,822.982,MIA
65.7,52180,AGENT,525.255,822.946,MIA
65.8,52180,AGENT,524.491,822.912,MIA
65.9,52180,AGENT,523.727,822.88,MIA
66.0,52180,AGENT,522.963,822.851,MIA
66.1,52180,AGENT,522.2,822.825,MIA
66.2,52180,AGENT,521.436,822.802,MIA
66.3,52180,AGENT,520.673,822.783,MIA
66.4,52180,AGENT,519.91,822.768,MIA
66.5,52180,AGENT,519.147,822.757,MIA
66.6,52180,AGENT,518.386,822.752,MIA
66.7,52180,AGENT,517.623,822.752,MIA
66.8,52180,AGENT,516.86,822.758,MIA
66.9,52180,AGENT,516.095,822.771,MIA
67.0,52180,AGENT,515.33,822.79,MIA
67.1,52180,AGENT,514.566,822.815,MIA
67.2,52180,AGENT,513.804,822.846,MIA
67.3,52180,AGENT,513.042,822.885,MIA
67.4,52180,AGENT,512.281,822.93,MIA
67.5,52180,AGENT,511.522,822.981,MIA
67.6,52180,AGENT,510.765,823.039,MIA
67.7,52180,AGENT,510.004,823.104,MIA
67.8,52180,AGENT,509.234,823.175,MIA
67.9,52180,AGENT,508.455,823.252,MIA
68.0,52180,AGENT,507.668,823.334,MIA
68.1,52180,AGENT,506.877,823.421,MIA
68.2,52180,AGENT,506.086,823.51,MIA
68.3,52180,AGENT,505.295,823.602,MIA
68.4,52180,AGENT,504.505,823.696,MIA
68.5,52180,AGENT,503.716,823.79,MIA
68.6,52180,AGENT,502.926,823.885,MIA
68.7,52180,AGENT,502.138,823.979,MIA
68.8,52180,AGENT,501.349,824.071,MIA
68.9,52180,AGENT,500.56,824.161,MIA
