TIMESTAMP,TRACK_ID,OBJECT_TYPE,X,Y,CITY_NAME
22.0,52180,AGENT,-188.597,3883.15,MIA
22.1,52180,AGENT,-187.793,3883.18,MIA
22.2,52180,AGENT,-186.989,3883.22,MIA
22.3,52180,AGENT,-186.185,3883.25,MIA
22.4,52180,AGENT,-185.381,3883.29,MIA
22.5,52180,AGENT,-184.577,3883.32,MIA
22.6,52180,AGENT,-183.774,3883.36,MIA
22.7,52180,AGENT,-182.97,3883.39,MIA
22.8,52180,AGENT,-182.166,3883.43,MIA
22.9,52180,AGENT,-181.362,3883.46,MIA
23.0,52180,AGENT,-180.558,3883.5,MIA
23.1,52180,AGENT,-179.755,3883.53,MIA
23.2,52180,AGENT,-178.951,3883.57,MIA
23.3,52180,AGENT,-178.147,3883.6,MIA
23.4,52180,AGENT,-177.343,3883.64,MIA
23.5,52180,AGENT,-176.539,3883.67,MIA
23.6,52180,AGENT,-175.736,3883.71,MIA
23.7,52180,AGENT,-174.932,3883.74,MIA
23.8,52180,AGENT,-174.128,3883.78,MIA
23.9,52180,AGENT,-173.324,3883.81,MIA
24.0,52180,AGENT,-172.52,3883.84,MIA
24.1,52180,AGENT,-171.716,3883.88,MIA
24.2,52180,AGENT,-170.912,3883.91,MIA
24.3,52180,AGENT,-170.109,3883.94,MIA
24.4,52180,AGENT,-169.305,3883.97,MIA
24.5,52180,AGENT,-168.501,3884.01,MIA
24.6,52180,AGENT,-167.697,3884.04,MIA
24.7,52180,AGENT,-166.893,3884.07,MIA
24.8,52180,AGENT,-166.089,3884.1,MIA
24.9,52180,AGENT,-165.285,3884.13,MIA
25.0,52180,AGENT,-164.481,3884.16,MIA
25.1,52180,AGENT,-163.677,3884.19,MIA
25.2,52180,AGENT,-162.873,3884.21,MIA
25.3,52180,AGENT,-162.069,3884.24,MIA
25.4,52180,AGENT,-161.265,3884.27,MIA
25.5,52180,AGENT,-160.461,3884.3,MIA
25.6,52180,AGENT,-159.656,3884.32,MIA
25.7,52180,AGENT,-158.852,3884.35,MIA
25.8,52180,AGENT,-158.047,3884.37,MIA
25.9,52180,AGENT,-157.241,3884.4,MIA
26.0,52180,AGENT,-156.436,3884.42,MIA
26.1,52180,AGENT,-155.631,3884.45,MIA
26.2,52180,AGENT,-154.826,3884.47,MIA
26.3,52180,AGENT,-154.021,3884.5,MIA
26.4,52180,AGENT,-153.216,3884.52,MIA
26.5,52180,AGENT,-152.412,3884.55,MIA
26.6,52180,AGENT,-151.607,3884.57,MIA
26.7,52180,AGENT,-150.797,3884.59,MIA
26.8,52180,AGENT,-149.981,3884.62,MIA
26.9,52180,AGENT,-149.164,3884.64,MIA
