TIMESTAMP,TRACK_ID,OBJECT_TYPE,X,Y,CITY_NAME
60.0,52180,AGENT,13.283,3725.23,MIA
60.1,52180,AGENT,14.122,3725.26,MIA
60.2,52180,AGENT,14.961,3725.29,MIA
60.3,52180,AGENT,15.8,3725.32,MIA
60.4,52180,AGENT,16.639,3725.35,MIA
60.5,52180,AGENT,17.478,3725.38,MIA
60.6,52180,AGENT,18.317,3725.41,MIA
60.7,52180,AGENT,19.1559,3725.44,MIA
60.8,52180,AGENT,19.9949,3725.47,MIA
60.9,52180,AGENT,20.8338,3725.5,MIA
61.0,52180,AGENT,21.6727,3725.53,MIA
61.1,52180,AGENT,22.5116,3725.56,MIA
61.2,52180,AGENT,23.3506,3725.59,MIA
61.3,52180,AGENT,24.1895,3725.63,MIA
61.4,52180,AGENT,25.0283,3725.66,MIA
61.5,52180,AGENT,25.8672,3725.69,MIA
61.6,52180,AGENT,26.7061,3725.72,MIA
61.7,52180,AGENT,27.545,3725.76,MIA
61.8,52180,AGENT,28.3838,3725.79,MIA
61.9,52180,AGENT,29.2227,3725.82,MIA
62.0,52180,AGENT,30.0615,3725.86,MIA
62.1,52180,AGENT,30.9003,3725.89,MIA
62.2,52180,AGENT,31.7392,3725.92,MIA
62.3,52180,AGENT,32.578,3725.96,MIA
62.4,52180,AGENT,33.4168,3725.99,MIA
62.5,52180,AGENT,34.2556,3726.02,MIA
62.6,52180,AGENT,35.0944,3726.06,MIA
62.7,52180,AGENT,35.9332,3726.09,MIA
62.8,52180,AGENT,36.772,3726.13,MIA
62.9,52180,AGENT,37.6108,3726.16,MIA
63.0,52180,AGENT,38.4496,3726.2,MIA
63.1,52180,AGENT,39.2884,3726.23,MIA
63.2,52180,AGENT,40.1271,3726.27,MIA
63.3,52180,AGENT,40.9659,3726.3,MIA
63.4,52180,AGENT,41.8047,3726.34,MIA
63.5,52180,AGENT,42.6434,3726.37,MIA
63.6,52180,AGENT,43.4822,3726.41,MIA
63.7,52180,AGENT,44.3209,3726.44,MIA
63.8,52180,AGENT,45.1597,3726.48,MIA
63.9,52180,AGENT,45.9984,3726.51,MIA
64.0,52180,AGENT,46.8372,3726.55,MIA
64.1,52180,AGENT,47.6759,3726.58,MIA
64.2,52180,AGENT,48.5146,3726.62,MIA
64.3,52180,AGENT,49.3533,3726.66,MIA
64.4,52180,AGENT,50.192,3726.69,MIA
64.5,52180,AGENT,51.0307,3726.73,MIA
64.6,52180,AGENT,51.8694,3726.77,MIA
64.7,52180,AGENT,52.7081,3726.8,MIA
64.8,52180,AGENT,53.5468,3726.84,MIA
64.9,52180,AGENT,54.3857,3726.88,MIA
