TIMESTAMP,TRACK_ID,OBJECT_TYPE,X,Y,CITY_NAME
50.0,52180,AGENT,-389.155,2274.25,MIA
50.1,52180,AGENT,-389.154,2274.81,MIA
50.2,52180,AGENT,-389.156,2275.38,MIA
50.3,52180,AGENT,-389.162,2275.94,MIA
50.4,52180,AGENT,-389.17,2276.5,MIA
50.5,52180,AGENT,-389.181,2277.05,MIA
50.6,52180,AGENT,-389.194,2277.6,MIA
50.7,52180,AGENT,-389.208,2278.14,MIA
50.8,52180,AGENT,-389.225,2278.67,MIA
50.9,52180,AGENT,-389.243,2279.2,MIA
51.0,52180,AGENT,-389.263,2279.73,MIA
51.1,52180,AGENT,-389.284,2280.24,MIA
51.2,52180,AGENT,-389.307,2280.76,MIA
51.3,52180,AGENT,-389.331,2281.28,MIA
51.4,52180,AGENT,-389.356,2281.81,MIA
51.5,52180,AGENT,-389.383,2282.33,MIA
51.6,52180,AGENT,-389.411,2282.86,MIA
51.7,52180,AGENT,-389.441,2283.38,MIA
51.8,52180,AGENT,-389.471,2283.91,MIA
51.9,52180,AGENT,-389.503,2284.44,MIA
52.0,52180,AGENT,-389.536,2284.98,MIA
52.1,52180,AGENT,-389.57,2285.51,MIA
52.2,52180,AGENT,-389.605,2286.05,MIA
52.3,52180,AGENT,-389.641,2286.59,MIA
52.4,52180,AGENT,-389.676,2287.13,MIA
52.5,52180,AGENT,-389.71,2287.67,MIA
52.6,52180,AGENT,-389.743,2288.21,MIA
52.7,52180,AGENT,-389.775,2288.75,MIA
52.8,52180,AGENT,-389.806,2289.3,MIA
52.9,52180,AGENT,-389.835,2289.84,MIA
53.0,52180,AGENT,-389.861,2290.38,MIA
53.1,52180,AGENT,-389.883,2290.92,MIA
53.2,52180,AGENT,-389.9,2291.46,MIA
53.3,52180,AGENT,-389.91,2292.01,MIA
53.4,52180,AGENT,-389.914,2292.55,MIA
53.5,52180,AGENT,-389.909,2293.09,MIA
53.6,52180,AGENT,-389.897,2293.62,MIA
53.7,52180,AGENT,-389.878,2294.14,MIA
53.8,52180,AGENT,-389.853,2294.66,MIA
53.9,52180,AGENT,-389.819,2295.16,MIA
54.0,52180,AGENT,-389.777,2295.65,MIA
54.1,52180,AGENT,-389.726,2296.13,MIA
54.2,52180,AGENT,-389.665,2296.6,MIA
54.3,52180,AGENT,-389.593,2297.05,MIA
54.4,52180,AGENT,-389.51,2297.5,MIA
54.5,52180,AGENT,-389.411,2297.93,MIA
54.6,52180,AGENT,-389.292,2298.34,MIA
54.7,52180,AGENT,-389.153,2298.75,MIA
54.8,52180,AGENT,-388.996,2299.15,MIA
54.9,52180,AGENT,-388.821,2299.53,MIA
