TIMESTAMP,TRACK_ID,OBJECT_TYPE,X,Y,CITY_NAME
6.0,52180,AGENT,254.951,1717.58,MIA
6.1,52180,AGENT,254.971,1716.78,MIA
6.2,52180,AGENT,254.992,1715.97,MIA
6.3,52180,AGENT,255.013,1715.16,MIA
6.4,52180,AGENT,255.033,1714.36,MIA
6.5,52180,AGENT,255.053,1713.55,MIA
6.6,52180,AGENT,255.074,1712.74,MIA
6.7,52180,AGENT,255.094,1711.94,MIA
6.8,52180,AGENT,255.114,1711.13,MIA
6.9,52180,AGENT,255.135,1710.32,MIA
7.0,52180,AGENT,255.155,1709.52,MIA
7.1,52180,AGENT,255.175,1708.71,MIA
7.2,52180,AGENT,255.195,1707.9,MIA
7.3,52180,AGENT,255.216,1707.1,MIA
7.4,52180,AGENT,255.236,1706.29,MIA
7.5,52180,AGENT,255.256,1705.48,MIA
7.6,52180,AGENT,255.277,1704.68,MIA
7.7,52180,AGENT,255.297,1703.87,MIA
7.8,52180,AGENT,255.318,1703.06,MIA
7.9,52180,AGENT,255.339,1702.26,MIA
8.0,52180,AGENT,255.361,1701.45,MIA
8.1,52180,AGENT,255.382,1700.64,MIA
8.2,52180,AGENT,255.404,1699.84,MIA
8.3,52180,AGENT,255.426,1699.03,MIA
8.4,52180,AGENT,255.449,1698.23,MIA
8.5,52180,AGENT,255.471,1697.43,MIA
8.6,52180,AGENT,255.494,1696.65,MIA
8.7,52180,AGENT,255.516,1695.88,MIA
8.8,52180,AGENT,255.539,1695.12,MIA
8.9,52180,AGENT,255.561,1694.36,MIA
9.0,52180,AGENT,255.584,1693.62,MIA
9.1,52180,AGENT,255.608,1692.88,MIA
9.2,52180,AGENT,255.631,1692.15,MIA
9.3,52180,AGENT,255.654,1691.43,MIA
9.4,52180,AGENT,255.678,1690.72,MIA
9.5,52180,AGENT,255.702,1690.02,MIA
9.6,52180,AGENT,255.727,1689.33,MIA
9.7,52180,AGENT,255.751,1688.65,MIA
9.8,52180,AGENT,255.776,1687.98,MIA
9.9,52180,AGENT,255.801,1687.32,MIA
10.0,52180,AGENT,255.826,1686.67,MIA
10.1,52180,AGENT,255.85,1686.03,MIA
10.2,52180,AGENT,255.875,1685.41,MIA
10.3,52180,AGENT,255.9,1684.8,MIA
10.4,52180,AGENT,255.925,1684.2,MIA
10.5,52180,AGENT,255.95,1683.6,MIA
10.6,52180,AGENT,255.975,1683.02,MIA
10.7,52180,AGENT,256.0,1682.45,MIA
10.8,52180,AGENT,256.024,1681.89,MIA
10.9,52180,AGENT,256.049,1681.34,MIA
