TIMESTAMP,TRACK_ID,OBJECT_TYPE,X,Y,CITY_NAME
0.0,52180,AGENT,705.045,854.794,MIA
0.1,52180,AGENT,705.088,854.2,MIA
0.2,52180,AGENT,705.131,853.616,MIA
0.3,52180,AGENT,705.175,853.041,MIA
0.4,52180,AGENT,705.219,852.476,MIA
0.5,52180,AGENT,705.265,851.919,MIA
0.6,52180,AGENT,705.314,851.373,MIA
0.7,52180,AGENT,705.366,850.837,MIA
0.8,52180,AGENT,705.422,850.311,MIA
0.9,52180,AGENT,705.482,849.797,MIA
1.0,52180,AGENT,705.549,849.294,MIA
1.1,52180,AGENT,705.621,848.803,MIA
1.2,52180,AGENT,705.701,848.324,MIA
1.3,52180,AGENT,705.787,847.859,MIA
1.4,52180,AGENT,705.88,847.408,MIA
1.5,52180,AGENT,705.983,846.97,MIA
1.6,52180,AGENT,706.096,846.547,MIA
1.7,52180,AGENT,706.221,846.138,MIA
1.8,52180,AGENT,706.355,845.744,MIA
1.9,52180,AGENT,706.499,845.367,MIA
2.0,52180,AGENT,706.653,845.005,MIA
2.1,52180,AGENT,706.814,844.661,MIA
2.2,52180,AGENT,706.984,844.333,MIA
2.3,52180,AGENT,707.165,844.022,MIA
2.4,52180,AGENT,707.363,843.728,MIA
2.5,52180,AGENT,707.575,843.45,MIA
2.6,52180,AGENT,707.8,843.189,MIA
2.7,52180,AGENT,708.037,842.946,MIA
2.8,52180,AGENT,708.284,842.721,MIA
2.9,52180,AGENT,708.543,842.515,MIA
3.0,52180,AGENT,708.812,842.327,MIA
3.1,52180,AGENT,709.091,842.159,MIA
3.2,52180,AGENT,709.379,842.009,MIA
3.3,52180,AGENT,709.673,841.878,MIA
3.4,52180,AGENT,709.974,841.765,MIA
3.5,52180,AGENT,710.279,841.67,MIA
3.6,52180,AGENT,710.594,841.595,MIA
3.7,52180,AGENT,710.919,841.543,MIA
3.8,52180,AGENT,711.255,841.512,MIA
3.9,52180,AGENT,711.597,841.502,MIA
4.0,52180,AGENT,711.945,841.513,MIA
4.1,52180,AGENT,712.299,841.543,MIA
4.2,52180,AGENT,712.656,841.594,MIA
4.3,52180,AGENT,713.017,841.665,MIA
4.4,52180,AGENT,713.379,841.756,MIA
4.5,52180,AGENT,713.742,841.867,MIA
4.6,52180,AGENT,714.106,841.997,MIA
4.7,52180,AGENT,714.467,842.147,MIA
4.8,52180,AGENT,714.827,842.315,MIA
4.9,52180,AGENT,715.183,842.503,MIA
