TIMESTAMP,TRACK_ID,OBJECT_TYPE,X,Y,CITY_NAME
124.0,52180,AGENT,67.9818,2301.62,MIA
124.1,52180,AGENT,67.9681,2302.24,MIA
124.2,52180,AGENT,67.9546,2302.84,MIA
124.3,52180,AGENT,67.9414,2303.44,MIA
124.4,52180,AGENT,67.9283,2304.03,MIA
124.5,52180,AGENT,67.9149,2304.62,MIA
124.6,52180,AGENT,67.9011,2305.2,MIA
124.7,52180,AGENT,67.8867,2305.79,MIA
124.8,52180,AGENT,67.8715,2306.38,MIA
124.9,52180,AGENT,67.8552,2306.97,MIA
125.0,52180,AGENT,67.8372,2307.56,MIA
125.1,52180,AGENT,67.817,2308.15,MIA
125.2,52180,AGENT,67.7938,2308.74,MIA
125.3,52180,AGENT,67.7669,2309.33,MIA
125.4,52180,AGENT,67.7355,2309.92,MIA
125.5,52180,AGENT,67.6985,2310.5,MIA
125.6,52180,AGENT,67.6553,2311.09,MIA
125.7,52180,AGENT,67.6051,2311.67,MIA
125.8,52180,AGENT,67.5469,2312.25,MIA
125.9,52180,AGENT,67.4816,2312.83,MIA
126.0,52180,AGENT,67.4105,2313.4,MIA
126.1,52180,AGENT,67.3326,2313.95,MIA
126.2,52180,AGENT,67.2474,2314.5,MIA
126.3,52180,AGENT,67.1548,2315.03,MIA
126.4,52180,AGENT,67.0546,2315.55,MIA
126.5,52180,AGENT,66.9429,2316.07,MIA
126.6,52180,AGENT,66.8158,2316.58,MIA
126.7,52180,AGENT,66.673,2317.08,MIA
126.8,52180,AGENT,66.5144,2317.57,MIA
126.9,52180,AGENT,66.3398,2318.05,MIA
127.0,52180,AGENT,66.1493,2318.53,MIA
127.1,52180,AGENT,65.9431,2318.99,MIA
127.2,52180,AGENT,65.7213,2319.44,MIA
127.3,52180,AGENT,65.4844,2319.87,MIA
127.4,52180,AGENT,65.2318,2320.29,MIA
127.5,52180,AGENT,64.9632,2320.7,MIA
127.6,52180,AGENT,64.6791,2321.09,MIA
127.7,52180,AGENT,64.3806,2321.47,MIA
127.8,52180,AGENT,64.0683,2321.83,MIA
127.9,52180,AGENT,63.7431,2322.17,MIA
128.0,52180,AGENT,63.4059,2322.5,MIA
128.1,52180,AGENT,63.0576,2322.81,MIA
128.2,52180,AGENT,62.6989,2323.1,MIA
128.3,52180,AGENT,62.3257,2323.38,MIA
128.4,52180,AGENT,61.9338,2323.64,MIA
128.5,52180,AGENT,61.5243,2323.88,MIA
128.6,52180,AGENT,61.0978,2324.11,MIA
128.7,52180,AGENT,60.6553,2324.32,MIA
128.8,52180,AGENT,60.1973,2324.52,MIA
128.9,52180,AGENT,59.7246,2324.7,MIA
