TIMESTAMP,TRACK_ID,OBJECT_TYPE,X,Y,CITY_NAME
38.0,52180,AGENT,409.914,1796.67,MIA
38.1,52180,AGENT,409.93,1797.38,MIA
38.2,52180,AGENT,409.941,1798.1,MIA
38.3,52180,AGENT,409.946,1798.82,MIA
38.4,52180,AGENT,409.946,1799.56,MIA
38.5,52180,AGENT,409.941,1800.31,MIA
38.6,52180,AGENT,409.932,1801.06,MIA
38.7,52180,AGENT,409.919,1801.83,MIA
38.8,52180,AGENT,409.902,1802.6,MIA
38.9,52180,AGENT,409.882,1803.38,MIA
39.0,52180,AGENT,409.859,1804.17,MIA
39.1,52180,AGENT,409.834,1804.98,MIA
39.2,52180,AGENT,409.807,1805.78,MIA
39.3,52180,AGENT,409.778,1806.59,MIA
39.4,52180,AGENT,409.747,1807.4,MIA
39.5,52180,AGENT,409.716,1808.2,MIA
39.6,52180,AGENT,409.684,1809.01,MIA
39.7,52180,AGENT,409.651,1809.81,MIA
39.8,52180,AGENT,409.618,1810.62,MIA
39.9,52180,AGENT,409.584,1811.43,MIA
40.0,52180,AGENT,409.55,1812.23,MIA
40.1,52180,AGENT,409.516,1813.04,MIA
40.2,52180,AGENT,409.482,1813.85,MIA
40.3,52180,AGENT,409.448,1814.65,MIA
40.4,52180,AGENT,409.414,1815.46,MIA
40.5,52180,AGENT,409.38,1816.26,MIA
40.6,52180,AGENT,409.347,1817.07,MIA
40.7,52180,AGENT,409.314,1817.88,MIA
40.8,52180,AGENT,409.281,1818.68,MIA
40.9,52180,AGENT,409.249,1819.49,MIA
41.0,52180,AGENT,409.218,1820.3,MIA
41.1,52180,AGENT,409.186,1821.1,MIA
41.2,52180,AGENT,409.156,1821.91,MIA
41.3,52180,AGENT,409.125,1822.71,MIA
41.4,52180,AGENT,409.096,1823.52,MIA
41.5,52180,AGENT,409.066,1824.33,MIA
41.6,52180,AGENT,409.037,1825.13,MIA
41.7,52180,AGENT,409.009,1825.94,MIA
41.8,52180,AGENT,408.981,1826.75,MIA
41.9,52180,AGENT,408.953,1827.55,MIA
42.0,52180,AGENT,408.926,1828.36,MIA
42.1,52180,AGENT,408.899,1829.17,MIA
42.2,52180,AGENT,408.872,1829.97,MIA
42.3,52180,AGENT,408.846,1830.78,MIA
42.4,52180,AGENT,408.82,1831.58,MIA
42.5,52180,AGENT,408.794,1832.39,MIA
42.6,52180,AGENT,408.769,1833.2,MIA
42.7,52180,AGENT,408.744,1834.0,MIA
42.8,52180,AGENT,408.719,1834.81,MIA
42.9,52180,AGENT,408.694,1835.62,MIA
