TIMESTAMP,TRACK_ID,OBJECT_TYPE,X,Y,CITY_NAME
46.0,52180,AGENT,-117.895,1632.51,MIA
46.1,52180,AGENT,-117.091,1632.55,MIA
46.2,52180,AGENT,-116.286,1632.59,MIA
46.3,52180,AGENT,-115.482,1632.62,MIA
46.4,52180,AGENT,-114.678,1632.66,MIA
46.5,52180,AGENT,-113.874,1632.7,MIA
46.6,52180,AGENT,-113.07,1632.74,MIA
46.7,52180,AGENT,-112.266,1632.78,MIA
46.8,52180,AGENT,-111.462,1632.82,MIA
46.9,52180,AGENT,-110.658,1632.86,MIA
47.0,52180,AGENT,-109.854,1632.9,MIA
47.1,52180,AGENT,-109.049,1632.94,MIA
47.2,52180,AGENT,-108.245,1632.98,MIA
47.3,52180,AGENT,-107.441,1633.03,MIA
47.4,52180,AGENT,-106.637,1633.07,MIA
47.5,52180,AGENT,-105.833,1633.11,MIA
47.6,52180,AGENT,-105.029,1633.15,MIA
47.7,52180,AGENT,-104.225,1633.19,MIA
47.8,52180,AGENT,-103.421,1633.22,MIA
47.9,52180,AGENT,-102.617,1633.26,MIA
48.0,52180,AGENT,-101.813,1633.3,MIA
48.1,52180,AGENT,-101.009,1633.34,MIA
48.2,52180,AGENT,-100.205,1633.38,MIA
48.3,52180,AGENT,-99.4005,1633.41,MIA
48.4,52180,AGENT,-98.5964,1633.45,MIA
48.5,52180,AGENT,-97.7921,1633.48,MIA
48.6,52180,AGENT,-96.9879,1633.52,MIA
48.7,52180,AGENT,-96.1837,1633.55,MIA
48.8,52180,AGENT,-95.3794,1633.59,MIA
48.9,52180,AGENT,-94.5751,1633.62,MIA
49.0,52180,AGENT,-93.7709,1633.66,MIA
49.1,52180,AGENT,-92.9666,1633.69,MIA
49.2,52180,AGENT,-92.1623,1633.72,MIA
49.3,52180,AGENT,-91.358,1633.76,MIA
49.4,52180,AGENT,-90.5536,1633.79,MIA
49.5,52180,AGENT,-89.7493,1633.82,MIA
49.6,52180,AGENT,-88.945,1633.86,MIA
49.7,52180,AGENT,-88.1406,1633.89,MIA
49.8,52180,AGENT,-87.3363,1633.92,MIA
49.9,52180,AGENT,-86.532,1633.95,MIA
50.0,52180,AGENT,-85.7276,1633.99,MIA
50.1,52180,AGENT,-84.9233,1634.02,MIA
50.2,52180,AGENT,-84.1189,1634.05,MIA
50.3,52180,AGENT,-83.3145,1634.08,MIA
50.4,52180,AGENT,-82.5102,1634.11,MIA
50.5,52180,AGENT,-81.7058,1634.15,MIA
50.6,52180,AGENT,-80.9015,1634.18,MIA
50.7,52180,AGENT,-80.0971,1634.21,MIA
50.8,52180,AGENT,-79.2928,1634.24,MIA
50.9,52180,AGENT,-78.4884,1634.27,MIA
