TIMESTAMP,TRACK_ID,OBJECT_TYPE,X,Y,CITY_NAME
120.0,52180,AGENT,394.481,3736.84,MIA
120.1,52180,AGENT,395.29,3736.87,MIA
120.2,52180,AGENT,396.098,3736.9,MIA
120.3,52180,AGENT,396.906,3736.93,MIA
120.4,52180,AGENT,397.714,3736.96,MIA
120.5,52180,AGENT,398.522,3736.99,MIA
120.6,52180,AGENT,399.33,3737.02,MIA
120.7,52180,AGENT,400.139,3737.05,MIA
120.8,52180,AGENT,400.947,3737.08,MIA
120.9,52180,AGENT,401.755,3737.11,MIA
121.0,52180,AGENT,402.563,3737.14,MIA
121.1,52180,AGENT,403.371,3737.17,MIA
121.2,52180,AGENT,404.179,3737.2,MIA
121.3,52180,AGENT,404.988,3737.23,MIA
121.4,52180,AGENT,405.796,3737.26,MIA
121.5,52180,AGENT,406.604,3737.29,MIA
121.6,52180,AGENT,407.412,3737.32,MIA
121.7,52180,AGENT,408.22,3737.35,MIA
121.8,52180,AGENT,409.028,3737.38,MIA
121.9,52180,AGENT,409.837,3737.41,MIA
122.0,52180,AGENT,410.645,3737.44,MIA
122.1,52180,AGENT,411.453,3737.47,MIA
122.2,52180,AGENT,412.261,3737.5,MIA
122.3,52180,AGENT,413.069,3737.53,MIA
122.4,52180,AGENT,413.877,3737.56,MIA
122.5,52180,AGENT,414.686,3737.59,MIA
122.6,52180,AGENT,415.499,3737.62,MIA
122.7,52180,AGENT,416.316,3737.65,MIA
122.8,52180,AGENT,417.132,3737.68,MIA
122.9,52180,AGENT,417.948,3737.71,MIA
123.0,52180,AGENT,418.764,3737.74,MIA
123.1,52180,AGENT,419.579,3737.77,MIA
123.2,52180,AGENT,420.395,3737.8,MIA
123.3,52180,AGENT,421.211,3737.83,MIA
123.4,52180,AGENT,422.028,3737.86,MIA
123.5,52180,AGENT,422.843,3737.89,MIA
123.6,52180,AGENT,423.653,3737.92,MIA
123.7,52180,AGENT,424.454,3737.95,MIA
123.8,52180,AGENT,425.245,3737.98,MIA
123.9,52180,AGENT,426.026,3738.01,MIA
124.0,52180,AGENT,426.798,3738.04,MIA
124.1,52180,AGENT,427.561,3738.07,MIA
124.2,52180,AGENT,428.314,3738.09,MIA
124.3,52180,AGENT,429.059,3738.12,MIA
124.4,52180,AGENT,429.794,3738.15,MIA
124.5,52180,AGENT,430.521,3738.18,MIA
124.6,52180,AGENT,431.239,3738.2,MIA
124.7,52180,AGENT,431.948,3738.23,MIA
124.8,52180,AGENT,432.648,3738.26,MIA
124.9,52180,AGENT,433.34,3738.28,MIA
