TIMESTAMP,TRACK_ID,OBJECT_TYPE,X,Y,CITY_NAME
104.0,52180,AGENT,776.033,-38.5825,PIT
104.1,52180,AGENT,776.493,-38.2455,PIT
104.2,52180,AGENT,776.97,-37.9159,PIT
104.3,52180,AGENT,777.465,-37.5931,PIT
104.4,52180,AGENT,777.975,-37.2771,PIT
104.5,52180,AGENT,778.502,-36.9673,PIT
104.6,52180,AGENT,779.045,-36.6634,PIT
104.7,52180,AGENT,779.603,-36.3649,PIT
104.8,52180,AGENT,780.175,-36.0714,PIT
104.9,52180,AGENT,780.763,-35.7823,PIT
105.0,52180,AGENT,781.365,-35.4971,PIT
105.1,52180,AGENT,781.979,-35.2157,PIT
105.2,52180,AGENT,782.606,-34.9379,PIT
105.3,52180,AGENT,783.244,-34.6631,PIT
105.4,52180,AGENT,783.893,-34.3909,PIT
105.5,52180,AGENT,784.553,-34.1208,PIT
105.6,52180,AGENT,785.22,-33.8539,PIT
105.7,52180,AGENT,785.888,-33.5914,PIT
105.8,52180,AGENT,786.557,-33.3327,PIT
105.9,52180,AGENT,787.228,-33.0776,PIT
106.0,52180,AGENT,787.9,-32.8257,PIT
106.1,52180,AGENT,788.573,-32.5766,PIT
106.2,52180,AGENT,789.247,-32.33,PIT
106.3,52180,AGENT,789.921,-32.0856,PIT
106.4,52180,AGENT,790.598,-31.8428,PIT
106.5,52180,AGENT,791.275,-31.6015,PIT
106.6,52180,AGENT,791.952,-31.3619,PIT
106.7,52180,AGENT,792.624,-31.1255,PIT
106.8,52180,AGENT,793.288,-30.8933,PIT
106.9,52180,AGENT,793.943,-30.6652,PIT
107.0,52180,AGENT,794.589,-30.441,PIT
107.1,52180,AGENT,795.226,-30.2205,PIT
107.2,52180,AGENT,795.855,-30.0036,PIT
107.3,52180,AGENT,796.474,-29.7902,PIT
107.4,52180,AGENT,797.085,-29.5802,PIT
107.5,52180,AGENT,797.687,-29.3735,PIT
107.6,52180,AGENT,798.28,-29.17,PIT
107.7,52180,AGENT,798.864,-28.9697,PIT
107.8,52180,AGENT,799.439,-28.7724,PIT
107.9,52180,AGENT,800.01,-28.5764,PIT
108.0,52180,AGENT,800.581,-28.3799,PIT
108.1,52180,AGENT,801.153,-28.1828,PIT
108.2,52180,AGENT,801.725,-27.9856,PIT
108.3,52180,AGENT,802.291,-27.79,PIT
108.4,52180,AGENT,802.851,-27.596,PIT
108.5,52180,AGENT,803.406,-27.4036,PIT
108.6,52180,AGENT,803.953,-27.2139,PIT
108.7,52180,AGENT,804.49,-27.0271,PIT
108.8,52180,AGENT,805.018,-26.8431,PIT
108.9,52180,AGENT,805.537,-26.662,PIT
