TIMESTAMP,TRACK_ID,OBJECT_TYPE,X,Y,CITY_NAME
20.0,52180,AGENT,2890.07,1756.53,PIT
20.1,52180,AGENT,2889.83,1756.11,PIT
20.2,52180,AGENT,2889.62,1755.68,PIT
20.3,52180,AGENT,2889.42,1755.25,PIT
20.4,52180,AGENT,2889.25,1754.81,PIT
20.5,52180,AGENT,2889.1,1754.37,PIT
20.6,52180,AGENT,2888.98,1753.92,PIT
20.7,52180,AGENT,2888.87,1753.48,PIT
20.8,52180,AGENT,2888.79,1753.03,PIT
20.9,52180,AGENT,2888.72,1752.59,PIT
21.0,52180,AGENT,2888.68,1752.15,PIT
21.1,52180,AGENT,2888.66,1751.71,PIT
21.2,52180,AGENT,2888.65,1751.27,PIT
21.3,52180,AGENT,2888.67,1750.83,PIT
21.4,52180,AGENT,2888.72,1750.38,PIT
21.5,52180,AGENT,2888.79,1749.94,PIT
21.6,52180,AGENT,2888.88,1749.49,PIT
21.7,52180,AGENT,2889.0,1749.04,PIT
21.8,52180,AGENT,2889.14,1748.59,PIT
21.9,52180,AGENT,2889.3,1748.14,PIT
22.0,52180,AGENT,2889.48,1747.69,PIT
22.1,52180,AGENT,2889.68,1747.23,PIT
22.2,52180,AGENT,2889.9,1746.78,PIT
22.3,52180,AGENT,2890.14,1746.32,PIT
22.4,52180,AGENT,2890.4,1745.87,PIT
22.5,52180,AGENT,2890.67,1745.41,PIT
22.6,52180,AGENT,2890.96,1744.96,PIT
22.7,52180,AGENT,2891.27,1744.5,PIT
22.8,52180,AGENT,2891.6,1744.04,PIT
22.9,52180,AGENT,2891.94,1743.57,PIT
23.0,52180,AGENT,2892.29,1743.11,PIT
23.1,52180,AGENT,2892.66,1742.64,PIT
23.2,52180,AGENT,2893.04,1742.18,PIT
23.3,52180,AGENT,2893.43,1741.71,PIT
23.4,52180,AGENT,2893.83,1741.24,PIT
23.5,52180,AGENT,2894.23,1740.78,PIT
23.6,52180,AGENT,2894.64,1740.32,PIT
23.7,52180,AGENT,2895.05,1739.86,PIT
23.8,52180,AGENT,2895.46,1739.41,PIT
23.9,52180,AGENT,2895.88,1738.96,PIT
24.0,52180,AGENT,2896.3,1738.52,PIT
24.1,52180,AGENT,2896.72,1738.07,PIT
24.2,52180,AGENT,2897.14,1737.63,PIT
24.3,52180,AGENT,2897.56,1737.19,PIT
24.4,52180,AGENT,2897.99,1736.75,PIT
24.5,52180,AGENT,2898.42,1736.31,PIT
24.6,52180,AGENT,2898.85,1735.87,PIT
24.7,52180,AGENT,2899.27,1735.43,PIT
24.8,52180,AGENT,2899.7,1735.0,PIT
24.9,52180,AGENT,2900.12,1734.58,PIT
